"","GATTAGATACCCTGGGTAGTCCGCACGGTAAACGATGGATGCCCGCTGTTGGTCTGAATAGGTCAGCGGCCAAGCGAAAGCATTAAGCATCCCACCTGGGGAGTACGCCGGCAACGGTGAAACTCAAAGGAATTGACGGGGGCCCGCACAAGCGGAGGAACATGTGGTTTAATTCGATGATACGCGAGGAACCTTACCCGGGCTTGAATTGCAGAGGAAGGATTTGGAGACAATGACGCCCTTCGGGGTC","GATTAGATACCCTTGGTAGTCCGCACGGTAAACGATGGATGCCCGCTGTTGGTCTGAATAGGTCAGCGGCCAAGCGAAAGCATTAAGCATCCCACCTGGGGAGTACGCCGGCAACGGTGAAACTCAAAGGAATTGACGGGGGCCCGCACAAGCGGAGGAACATGTGGTTTAATTCGATGATACGCGAGGAACCTTACCCGGGCTTGAATTGCAGAGGAAGGATTTGGAGACAATGACGCCCTTCGGGGTC","AGGATTAGATACCCTTGGTAGTCCACGCCGTAAACGGTGGATGCTGGATGTGGGGCCCTTTCCACGGGTCCCGTGTCGGAGCCAACGCGTTAAGCATCCCGCCTGGGGAGTACGGCCGCAAGGCTAAAACTCAAAGAAATTGACGGGGCCCGCACAAGCGGCGGAGCATGCGGATTAATTCGATGCAACGCGAAGAACCTTACCTGGGCTTGACATGTTCCCGACGACTCCAGAGATGGGGTTTCCCTTC","GATTAGATACCCTGGGTAGTCCACACCGTAAACGATGATTACTAGGTGTTGGAGGATTGACCCCTTCAGTGCCGCAGTTAACACAATAAGTAATCCACCTGGGGAGTACGACCGCAAGGTTGAAACTCAAAGGAATTGACGGGGCCCGCACAAGCAGTGGAGTATGTGGTTTAATTCGACGCAACGCGAAGAACCTTACCAAGTCTTGACATCCCTTGACGAACATAGAAATATGTTTTCTCTTCGGAGC","GATTAGATACCCTTGGTAGTCCACACCGTAAACGATGATTACTAGGTGTTGGAGGATTGACCCCTTCAGTGCCGCAGTTAACACAATAAGTAATCCACCTGGGGAGTACGACCGCAAGGTTGAAACTCAAAGGAATTGACGGGGCCCGCACAAGCAGTGGAGTATGTGGTTTAATTCGACGCAACGCGAAGAACCTTACCAAGTCTTGACATCCCTTGACGAACATAGAAATATGTTTTCTCTTCGGAGC","AGGATTAGATACCCTGGGTAGTCCACGCCGTAAACGGTGGATGCTGGATGTGGGGCCCTTTCCACGGGTCCCGTGTCGGAGCCAACGCGTTAAGCATCCCGCCTGGGGAGTACGGCCGCAAGGCTAAAACTCAAAGAAATTGACGGGGCCCGCACAAGCGGCGGAGCATGCGGATTAATTCGATGCAACGCGAAGAACCTTACCTGGGCTTGACATGTTCCCGACGACTCCAGAGATGGGGTTTCCCTTC","GATTAGATACCCTGGGTAGTCCGCACGGTAAACGATGGATGCCCGCTGTTGGTCTGAATAGGTCAGCGGCCAAGCGAAAGCATTAAGCATCCCACCTGGGGAGTACGCCGGCAACGGTGAAACTCAAAGGAATTGACGGGGGCCCGCACAAGCGGAGGAACATGTGGTTTAATTCGATGATACGCGAGGAACCTTACCCGGGCTTGAATTGCAGAGGAAGGATTTGGAGACAATGACGCCCTTCGGGGCC","GGATTAGATACCCTTGGTAGTCCACACGGTAAACGATGAATACTCGCTGTTTGCGATATACGGCAAGCGGCCAAGCGAAAGCGTTAAGTATTCCACCTGGGGAGTACGCCGGCAACGGTGAAACTCAAAGGAATTGACGGGGCCCGCACAAGCGGAGGAACATGTGGTTTAATTCGATGATACGCGAGGAACCTTACCCGGGCTTAAATTGCACTCGAATGATCCGGAAACGGTTCAGCTAGCAATAGCG","GATTAGATACCCTGGGTAGTCCACGCCGTAAACGGTGGATGCTGGATGTGGGGCCCGTTCCACGGGTTCCGTGTCGGAGCTAACGCGTTAAGCATCCCGCCTGGGGAGTACGGCCGCAAGGCTAAAACTCAAAGAAATTGACGGGGCCCGCACAAGCGGCGGAGCATGCGGATTAATTCGATGCAACGCGAAGAACCTTACCTGGGCTTGACATGTTCCCGACCGCTCCAGAGATGGGGCTTCCCTTCGG","GATTAGATACCCTGGGTAGTCCGCACGGTAAACGATGGATGCCCGCTGTTGGCCTGAATAGGTCAGCGGCCAAGCGAAAGCATTAAGCATCCCACCTGGGGAGTACGCCGGCAACGGTGAAACTCAAAGGAATTGACGGGGGCCCGCACAAGCGGAGGAACATGTGGTTTAATTCGATGATACGCGAGGAACCTTACCCGGGCTTGAATTGCAGAGGAAGGATTTGGAGACAATGACGCCCTTCGGGGTC","GATTAGATACCCTTGGTAGTCCGCACGGTAAACGATGGATGCCCGCTGTTGGTCTGAATAGGTCAGCGGCCAAGCGAAAGCATTAAGCATCCCACCTGGGGAGTACGCCGGCAACGGTGAAACTCAAAGGAATTGACGGGGGCCCGCACAAGCGGAGGAACATGTGGTTTAATTCGATGATACGCGAGGAACCTTACCCGGGCTTGAATTGCAGAGGAAGGATTTGGAGACAATGACGCCCTTCGGGGCC","GGATTAGATACCCTGGGTAGTCCACACGGTAAACGATGAATACTCGCTGTTTGCGATATACGGCAAGCGGCCAAGCGAAAGCGTTAAGTATTCCACCTGGGGAGTACGCCGGCAACGGTGAAACTCAAAGGAATTGACGGGGCCCGCACAAGCGGAGGAACATGTGGTTTAATTCGATGATACGCGAGGAACCTTACCCGGGCTTAAATTGCACTCGAATGATCCGGAAACGGTTCAGCTAGCAATAGCG","GATTAGATACCCTGGGTAGTCCACGCCGTAAACGATGAATACTAGGTGTTGGGAAGCATTGCTTCTCGGTGCCGTCGCAAACGCAGTAAGTATTCCACCTGGGGAGTACGTTCGCAAGAATGAAACTCAAAGGAATTGACGGGGACCCGCACAAGCGGTGGAGCATGTGGTTTAATTCGAAGCAACGCGAAGAACCTTACCAAGTCTTGACATCCTTCTGACCGGTACTTAACCGTACCTTCTCTTCGGA","AGGATTAGATACCCTTGGTAGTCCGCACGGTAAACGATGGATGCCCGCTGTTGGTCTGAATAGGTCAGCGGCCAAGCGAAAGCATTAAGCATCCCACCTGGGGAGTACGCCGGCAACGGTGAAACTCAAAGGAATTGACGGGGGCCCGCACAAGCGGAGGAACATGTGGTTTAATTCGATGATACGCGAGGAACCTTACCCGGGCTTGAATTGCAGAGGAAGGATTTGGAGACAATGACGCCCTTCGGGG","GATTAGATACCCTGGGTAGTCCACACCGTAAACGATGATTACTAGGTGTTGGAGGATTGACCCCTTCAGTGCCGCAGTTAACACAATAAGTAATCCACCTGGGGAGTACGACCGCAAGGTTGAAACTCAAAGGAATTGACGGGGCCCGCACAAGCAGTGGAGTATGTGGTTTAATTCGACGCAACGCGAAGAACCTTACCAAGTCTTGACATCCCTTGACAGACATAGAAATATGTAATCTCTTCGGAGC","GATTAGATACCCTTGGTAGTCCACGCCGTAAACGATGAATACTAGGTGTTGGGAAGCATTGCTTCTCGGTGCCGTCGCAAACGCAGTAAGTATTCCACCTGGGGAGTACGTTCGCAAGAATGAAACTCAAAGGAATTGACGGGGACCCGCACAAGCGGTGGAGCATGTGGTTTAATTCGAAGCAACGCGAAGAACCTTACCAAGTCTTGACATCCTTCTGACCGGTACTTAACCGTACCTTCTCTTCGGA","AGGATTAGATACCCTTGGTAGTCCGCACGGTAAACGATGGATGCCCGCTGTTGGTCTGAATAGGTCAGCGGCCAAGCGAAAGCATTAAGCATCCCACCTGGGGAGTACGCCGGCAACGGTGAAACTCAAAGGAATTGACGGGGCCCGCACAAGCGGAGGAACATGTGGTTTAATTCGATGATACGCGAGGAACCTTACCCGGGCTTGAATTGCAGAGGAAGGATTTGGAGACAATGACGCCCTTCGGGGT","AGGATTAGATACCCTGGGTAGTCCGCACGGTAAACGATGGATGCCCGCTGTTGGTCTGAATAGGTCAGCGGCCAAGCGAAAGCATTAAGCATCCCACCTGGGGAGTACGCCGGCAACGGTGAAACTCAAAGGAATTGACGGGGGCCCGCACAAGCGGAGGAACATGTGGTTTAATTCGATGATACGCGAGGAACCTTACCCGGGCTTGAATTGCAGAGGAAGGATTTGGAGACAATGACGCCCTTCGGGG","GATTAGATACCCTTGGTAGTCCGCACGGTAAACGATGGATGCCCGCTGTTGGCCTGAATAGGTCAGCGGCCAAGCGAAAGCATTAAGCATCCCACCTGGGGAGTACGCCGGCAACGGTGAAACTCAAAGGAATTGACGGGGGCCCGCACAAGCGGAGGAACATGTGGTTTAATTCGATGATACGCGAGGAACCTTACCCGGGCTTGAATTGCAGAGGAAGGATTTGGAGACAATGACGCCCTTCGGGGTC","GATTAGATACCCTTGGTAGTCCACGCCGTAAACGGTGGATGCTGGATGTGGGGCCCGTTCCACGGGTTCCGTGTCGGAGCTAACGCGTTAAGCATCCCGCCTGGGGAGTACGGCCGCAAGGCTAAAACTCAAAGAAATTGACGGGGCCCGCACAAGCGGCGGAGCATGCGGATTAATTCGATGCAACGCGAAGAACCTTACCTGGGCTTGACATGTTCCCGACCGCTCCAGAGATGGGGCTTCCCTTCGG","GATTAGATACCCTTGGTAGTCCACACCGTAAACGATGATTACTAGGTGTTGGAGGATTGACCCCTTCAGTGCCGCAGTTAACACAATAAGTAATCCACCTGGGGAGTACGACCGCAAGGTTGAAACTCAAAGGAATTGACGGGGCCCGCACAAGCAGTGGAGTATGTGGTTTAATTCGACGCAACGCGAAGAACCTTACCAAGTCTTGACATCCCTTGACAGACATAGAAATATGTAATCTCTTCGGAGC","GGATTAGATACCCTGGGTAGTCCACACAGTAAACGATGAATACTCGCTGTTTGCGATATACAGTAAGCGGCCAAGCGAAAGCGTTAAGTATTCCACCTGGGGAGTACGCCGGCAACGGTGAAACTCAAAGGAATTGACGGGGCCCGCACAAGCGGAGGAACATGTGGTTTAATTCGATGATACGCGAGGAACCTTACCCGGGCTTGAATTGCAACTGAATGATGTGGAGACATGTCAGCCGCAAGGCAGT","GGATTAGATACCCTTGGTAGTCCACACAGTAAACGATGAATACTCGCTGTTTGCGATATACAGTAAGCGGCCAAGCGAAAGCGTTAAGTATTCCACCTGGGGAGTACGCCGGCAACGGTGAAACTCAAAGGAATTGACGGGGCCCGCACAAGCGGAGGAACATGTGGTTTAATTCGATGATACGCGAGGAACCTTACCCGGGCTTGAATTGCAACTGAATGATGTGGAGACATGTCAGCCGCAAGGCAGT","AGGATTAGATACCCTTGGTAGTCCACACCGTAAACGATGATTACTAGGTGTTGGAGGATTGACCCCTTCAGTGCCGCAGTTAACACAATAAGTAATCCACCTGGGGAGTACGACCGCAAGGTTGAAACTCAAAGGAATTGACGGGGCCCGCACAAGCAGTGGAGTATGTGGTTTAATTCGACGCAACGCGAAGAACCTTACCAAGTCTTGACATCCCTTGACGATGCTGGAAACAGTATTTCTCTTCGGA","GATTAGATACCCTGGGTAGTCCACGCGGTAAACGATGGATGCTCGCTGTTTGCGTCTGACGTAAGCGGCCAAGCGAAAGCGTTAAGCATCCCACCTGGGGAGTACGCCGGCAACGGTGAAACTCAAAGGAATTGACGGGGCCCGCACAAGCGGAGGAACATGTGGTTTAATTCGATGATACGCGAGGAACCTTACCCGGGCTTGAACTGCAGGCGAACGATTCAGAGATGATGAGGCCCTTCGGGGCGCC","GGATTAGATACCCTTGGTAGTCCACACCGTAAACGATGATTACTAGGTGTTGGAGGATTGACCCCTTCAGTGCCGCAGTTAACACAATAAGTAATCCACCTGGGGAGTACGACCGCAAGGTTGAAACTCAAAGGAATTGACGGGGCCCGCACAAGCAGTGGAGTATGTGGTTTAATTCGACGCAACGCGAAGAACCTTACCAAGTCTTGACATCCCTTGACGAACATAGAAATATGTTTTCTCTTCGGAG","GGATTAGATACCCTGGGTAGTCCACACCGTAAACGATGATTACTAGGTGTTGGAGGATTGACCCCTTCAGTGCCGCAGTTAACACAATAAGTAATCCACCTGGGGAGTACGACCGCAAGGTTGAAACTCAAAGGAATTGACGGGGCCCGCACAAGCAGTGGAGTATGTGGTTTAATTCGACGCAACGCGAAGAACCTTACCAAGTCTTGACATCCCTTGACGAACATAGAAATATGTTTTCTCTTCGGAG","AGGATTAGATACCCTGGGTAGTCCGCACGGTAAACGATGGATGCCCGCTGTTGGTCTGAATAGGTCAGCGGCCAAGCGAAAGCATTAAGCATCCCACCTGGGGAGTACGCCGGCAACGGTGAAACTCAAAGGAATTGACGGGGCCCGCACAAGCGGAGGAACATGTGGTTTAATTCGATGATACGCGAGGAACCTTACCCGGGCTTGAATTGCAGAGGAAGGATTTGGAGACAATGACGCCCTTCGGGGT","AGGATTAGATACCCTTGGTAGTCCGCACGGTAAACGATGGATGCCCGCTGTTGGTCTGAATAGGTCAGCGGCCAAGCGAAAGCATTAAGCATCCCACCTGGGGAGTACGCCGGCAACGGTGAAACTCAAAGGAATTGACGGGGCCCGCACAAGCGGAGGAACATGTGGTTTAATTCGATGATACGCGAGGAACCTTACCCGGGCTTGAATTGCAGAGGAAGGATTTGGAGACAATGACGCCCTTCGGGGC","GGATTAGATACCCTTGGTAGTCCACGCCGTAAACGATGTCGACTTGGAGGTTGTGCCCTTGAGGCGTGGCTTCCGGAGCTAACGCGTTAAGTCGACCGCCTGGGGAGTACGGCCGCAAGGTTAAAACTCAAATGAATTGACGGGGCCCGCACAAGCGGTGGAGCATGTGGTTTAATTCGATGCAACGCGAAGAACCTTACCTGGTCTTGACATCCACGGAAGTTTTCAGAGATGAGAATGTGCCTTCGGG","AGGATTAGATACCCTGGGTAGTCCGCACGGTAAACGATGGATGCCCGCTGTTGGTCTGAATAGGTCAGCGGCCAAGCGAAAGCATTAAGCATCCCACCTGGGGAGTACGCCGGCAACGGTGAAACTCAAAGGAATTGACGGGGCCCGCACAAGCGGAGGAACATGTGGTTTAATTCGATGATACGCGAGGAACCTTACCCGGGCTTGAATTGCAGAGGAAGGATTTGGAGACAATGACGCCCTTCGGGGC","GATTAGATACCCTGGGTAGTCCACACCGTAAACGATGATTACTAGGTGTTGGAGGATTGACCCCTTCAGTGCCGCAGTTAACACAATAAGTAATCCACCTGGGGAGTACGACCGCAAGGTTGAAACTCAAAGGAATTGACGGGGCCCGCACAAGCAGTGGAGTATGTGGTTTAATTCGACGCAACGCGAAGAACCTTACCAAGTCTTGACATCCCTTGACAGGCATAGAAATATGTTTTCTCTTCGGAGC","GGATTAGATACCCTTGGTAGTCCACACCGTAAACGATGATTACTAGGTGTTGGAGGATTGACCCCTTCAGTGCCGCAGTTAACACAATAAGTAATCCACCTGGGGAGTACGACCGCAAGGTTGAAACTCAAAGGAATTGACGGGGCCCGCACAAGCAGTGGAGTATGTGGTTTAATTCGACGCAACGCGAAGAACCTTACCAAGTCTTGACATCCTGCGACGCACATAGAAATATGTGTTTCCTTCGGGA","GATTAGATACCCTGGGTAGTCCGCACGGTAAACGATGGATGCCCGCTGTTGGTCTGAATAGGTCAGCGGCCAAGCGAAAGCATTAAGCATCCCACCTGGGGAGTACGCCGGCAACGGTGAAACTCAAAGGAATTGACGGGGCCCGCACAAGCGGAGGAACATGTGGTTTAATTCGATGATACGCGAGGAACCTTACCCGGGCTTGAATTGCAGAGGAAGGATTTGGAGACAATGACGCCCTTCGGGGTCT","GATTAGATACCCTTGGTAGTCCACACCGTAAACGATGATTACTAGGTGTTGGAGGATTGACCCCTTCAGTGCCGCAGTTAACACAATAAGTAATCCACCTGGGGAGTACGACCGCAAGGTTGAAACTCAAAGGAATTGACGGGGCCCGCACAAGCAGTGGAGTATGTGGTTTAATTCGACGCAACGCGAAGAACCTTACCAAGTCTTGACATCCCTTGACAGGCATAGAAATATGTTTTCTCTTCGGAGC","GATTAGATACCCTGGGTAGTCCACGCCGTAAACGGTGGATGCTGGATGTGGGGCCCGTTCCACGGGTTCCGTGTCGGAGCTAACGCGTTAAGCATCCCGCCTGGGGAGTACGGCCGCAAGGCTAAAACTCAAAGAAATTGACGGGGCCCGCACAAGCGGCGGAGCATGCGGATTAATTCGATGCAACGCGAAGAACCTTACCTGGGCTTGACATGTTCCCGACGGTCGTAGAGATACGGCTTCCCTTCGG","AGGATTAGATACCCTGGGTAGTCCACGCCGTAAACGATGAGTGCTAGGTGTTGGATCCTTTCCGGGATTCAGTGCCGCAGCTAACGCATTAAGCACTCCGCCTGGGGAGTACGACCGCAAGGTTGAAACTCAAAGGAATTGACGGGGGCCCGCACAAGCGGTGGAGCATGTGGTTTAATTCGAAGCAACGCGAAGAACCTTACCAGGTCTTGACATCCCGATGCTATTTCTAGAGATAGAAAGTTACTTC","AGGATTAGATACCCTTGGTAGTCCACACCGTAAACGATGATTACTAGGTGTTGGAGGATTGACCCCTTCAGTGCCGCAGTTAACACAATAAGTAATCCACCTGGGGAGTACGACCGCAAGGTTGAAACTCAAAGGAATTGACGGGGCCCGCACAAGCAGTGGAGTATGTGGTTTAATTCGACGCAACGCGAAGAACCTTACCAAGTCTTGACATCCCTTGACGAACATAGAAATATGTTTTCTCTTCGGA","AGGATTAGATACCCTTGGTAGTCCATGCCGTAAACGATGATTACTAGGTGTTGGAGGATTGACCCCTTCAGTGCCGCAGTTAACACAATAAGTAATCCACCTGGGGAGTACGACCGCAAGGTTGAAACTCAAAGGAATTGACGGGGCCCGCACAAGCAGTGGAGTATGTGGTTTAATTCGAAGCAACGCGAAGAACCTTACCAGGTCTTGACATCCGATGCATAGTGCAGAGATGCATGAAGTCCTTCGG","AGGATTAGATACCCTTGGTAGTCCACGCCGTAAACGATGAGTGCTAGGTGTTGGATCCTTTCCGGGATTCAGTGCCGCAGCTAACGCATTAAGCACTCCGCCTGGGGAGTACGACCGCAAGGTTGAAACTCAAAGGAATTGACGGGGGCCCGCACAAGCGGTGGAGCATGTGGTTTAATTCGAAGCAACGCGAAGAACCTTACCAGGTCTTGACATCCCGATGCTATTTCTAGAGATAGAAAGTTACTTC","GATTAGATACCCTTGGTAGTCCACGCGGTAAACGATGGATGCTCGCTGTTTGCGTCTGACGTAAGCGGCCAAGCGAAAGCGTTAAGCATCCCACCTGGGGAGTACGCCGGCAACGGTGAAACTCAAAGGAATTGACGGGGCCCGCACAAGCGGAGGAACATGTGGTTTAATTCGATGATACGCGAGGAACCTTACCCGGGCTTGAACTGCAGGCGAACGATTCAGAGATGATGAGGCCCTTCGGGGCGCC","GGATTAGATACCCTTGGTAGTCCATGCCGTAAACGATGATTACTAGGTGTTGGAGGATTGACCCCTTCAGTGCCGCAGTTAACACAATAAGTAATCCACCTGGGGAGTACGACCGCAAGGTTGAAACTCAAAGGAATTGACGGGGCCCGCACAAGCAGTGGAGTATGTGGTTTAATTCGAAGCAACGCGAAGAACCTTACCAGGTCTTGACATCCGATGCATAGTGCAGAGATGCATGAAGTCCTTCGGG","GATTAGATACCCTGGGTAGTCCGCACGGTAAACGATGGATGCCCGCTGTTGGTCTGAATAGGTCAGCGGCCAAGCGAAAGCATTAAGCATCCCACCTGGGGAGTACGCCGGCAACGGTGAAACTCAAAGGAATTGACGGGGCCCGCACAAGCGGAGGAACATGTGGTTTAATTCGATGATACGCGAGGAACCTTACCCGGGCTTGAATTGCAGAGGAAGGATTTGGAGACAATGACGCCCTTCGGGGCCT","GGATTAGATACCCTGGGTAGTCCACACCGTAAACGATGATTACTAGGTGTTGGAGGATTGACCCCTTCAGTGCCGCAGTTAACACAATAAGTAATCCACCTGGGGAGTACGACCGCAAGGTTGAAACTCAAAGGAATTGACGGGGCCCGCACAAGCAGTGGAGTATGTGGTTTAATTCGACGCAACGCGAAGAACCTTACCAAGTCTTGACATCCTGCGACGCACATAGAAATATGTGTTTCCTTCGGGA","GGATTAGATACCCTTGGTAGTCCACACCGTAAACGATGATTACTAGGTGTTGGAGGATTGACCCCTTCAGTGCCGCAGTTAACACAATAAGTAATCCACCTGGGGAGTACGACCGCAAGGTTGAAACTCAAAGGAATTGACGGGGCCCGCACAAGCAGTGGAGTATGTGGTTTAATTCGACGCAACGCGAAGAACCTTACCAAGTCTTGACATCCCTTGACAGGCATAGAAATATGTTTTCTCTTCGGAG","GATTAGATACCCTGGGTAGTCCACACAGTAAACGATGAATACTCGCTGTTTGCGATATACAGTAAGCGGCCAAGCGAAAGCGTTAAGTATTCCACCTGGGGAGTACGCCGGCAACGGTGAAACTCAAAGGAATTGACGGGGCCCGCACAAGCGGAGGAACATGTGGTTTAATTCGATGATACGCGAGGAACCTTACCCGGGCTTGAATTGCAACTGAATGATGTGGAGACATGTCAGCCGCAAGGCAGTT","GATTAGATACCCTGGGTAGTCCGCACGGTAAACGATGGATGCCCGCTGTTGGCCTGAATAGGTCAGCGGCCAAGCGAAAGCATTAAGCATCCCACCTGGGGAGTACGCCGGCAACGGTGAAACTCAAAGGAATTGACGGGGGCCCGCACAAGCGGAGGAACATGTGGTTTAATTCGATGATACGCGAGGAACCTTACCCGGGCTTGAATTGCAGAGGAAGGATTTGGAGACAATGACGCCCTTCGGGGCC","GGATTAGATACCCTTGGTAGTCCACGCCGTAAACGATGTCGACTTGGAGGTTGTGCCCTTGAGGCGTGGCTTCCGGAGCTAACGCGTTAAGTCGACCGCCTGGGGAGTACGGCCGCAAGGTTAAAACTCAAATGAATTGACGGGGCCCGCACAAGCGGTGGAGCATGTGGTTTAATTCGATGCAACGCGAAGAACCTTACCTGGTCTTGACATCCACAGAACTTTCCAGAGATGGATTGGTGCCTTCGGG","GGATTAGATACCCTGGGTAGTCCACGCCGTAAACGATGTCGACTTGGAGGTTGTGCCCTTGAGGCGTGGCTTCCGGAGCTAACGCGTTAAGTCGACCGCCTGGGGAGTACGGCCGCAAGGTTAAAACTCAAATGAATTGACGGGGCCCGCACAAGCGGTGGAGCATGTGGTTTAATTCGATGCAACGCGAAGAACCTTACCTGGTCTTGACATCCACGGAAGTTTTCAGAGATGAGAATGTGCCTTCGGG","GATTAGATACCCTGGGTAGTCCACACCGTAAACGATGATTACTAGGTGTTGGAGGATTGACCCCTTCAGTGCCGCAGTTAACACAATAAGTAATCCACCTGGGGAGTACGACCGCAAGGTTGAAACTCAAAGGAATTGACGGGGCCCGCACAAGCAGTGGAGTATGTGGTTTAATTCGACGCAACGCGAAGAACCTTACCAAGTCTTGACATCCCTTGACGATGCTGGAAACAGTATTTCTCTTCGGAGC","GATTAGATACCCTGGGTAGTCCACGCTGTAAACGATGTCGATTTGGGGGTTGAACTTTAAGTTTGGCGCCCGTAGCTAACGTGATAAATCGACCGCCTGGGGAGTACGGCCGCAAGGTTAAAACTCAAATGAATTGACGGGGCCCGCACAAGCGGTGGAGCATGTGGTTTAATTCGATGCAACGCGAAGAACCTTACCTACTCTTGACATCCAGAGAACTTTCCAGAGATGGATTGGTGCCTTCGGGAAC","GGATTAGATACCCTTGGTAGTCCACACGGTAAACGATGAATACTCGCTGTTTGCGATATACGGCAAGCGGCCAAGCGAAAGCGTTAAGTATTCCACCTGGGGAGTACGCCGGCAACGGTGAAACTCAAAGGAATTGACGGGGCCCGCACAAGCGGAGGAACATGTGGTTTAATTCGATGATACGCGAGGAACCTTACCCGGGCTTAAATTGCAGATGAATTACGGTGAAAGCCGTAAGCCGCAAGGCATC","GGATTAGATACCCTTGGTAGTCCACACGGTAAACGATGAATACTCGCTGTTTGCGATATACTGCAAGCGGCCAAGCGAAAGCGTTAAGTATTCCACCTGGGGAGTACGCCGGCAACGGTGAAACTCAAAGGAATTGACGGGGCCCGCACAAGCGGAGGAACATGTGGTTTAATTCGATGATACGCGAGGAACCTTACCCGGGCTTAAATTGCAGATGAATTACGGTGAAAGCCGTAAGCCGCAAGGCATC","GATTAGATACCCTTGGTAGTCCACGCCGTAAACGGTGGATGCTGGATGTGGGGCCCGTTCCACGGGTTCCGTGTCGGAGCTAACGCGTTAAGCATCCCGCCTGGGGAGTACGGCCGCAAGGCTAAAACTCAAAGAAATTGACGGGGCCCGCACAAGCGGCGGAGCATGCGGATTAATTCGATGCAACGCGAAGAACCTTACCTGGGCTTGACATGTTCCCGACGGTCGTAGAGATACGGCTTCCCTTCGG","GGATTAGATACCCTGGGTAGTCCACACCGTAAACGATGATTACTAGGTGTTGGAGGATTGACCCCTTCAGTGCCGCAGTTAACACAATAAGTAATCCACCTGGGGAGTACGACCGCAAGGTTGAAACTCAAAGGAATTGACGGGGCCCGCACAAGCAGTGGAGTATGTGGTTTAATTCGACGCAACGCGAAGAACCTTACCAAGTCTTGACATCCCTTGACAGGCATAGAAATATGTTTTCTCTTCGGAG","GATTAGATACCCTTGGTAGTCCACACAGTAAACGATGAATACTCGCTGTTTGCGATATACAGTAAGCGGCCAAGCGAAAGCGTTAAGTATTCCACCTGGGGAGTACGCCGGCAACGGTGAAACTCAAAGGAATTGACGGGGCCCGCACAAGCGGAGGAACATGTGGTTTAATTCGATGATACGCGAGGAACCTTACCCGGGCTTGAATTGCAACTGAATGATGTGGAGACATGTCAGCCGCAAGGCAGTT","GGATTAGATACCCTGGGTAGTCCACACGGTAAACGATGAATACTCGCTGTTTGCGATATACTGCAAGCGGCCAAGCGAAAGCGTTAAGTATTCCACCTGGGGAGTACGCCGGCAACGGTGAAACTCAAAGGAATTGACGGGGCCCGCACAAGCGGAGGAACATGTGGTTTAATTCGATGATACGCGAGGAACCTTACCCGGGCTTAAATTGCAGATGAATTACGGTGAAAGCCGTAAGCCGCAAGGCATC","AGGATTAGATACCCTTGGTAGTCCACGCCGTAAACGATGAATACTAGGTGTTGGGAAGCATTGCTTCTCGGTGCCGTCGCAAACGCAGTAAGTATTCCACCTGGGGAGTACGTTCGCAAGAATGAAACTCAAAGGAATTGACGGGGACCCGCACAAGCGGTGGAGCATGTGGTTTAATTCGAAGCAACGCGAAGAACCTTACCAAGTCTTGACATCCTTCTGACCGGTACTTAACCGTACCTTCTCTTCG","GATTAGATACCCTGGGTAGTCCACGCCGTAAACGGTGGATGCTGGATGTGGGGCCCGTTCCACGGGTTCCGTGTCGGAGCTAACGCGTTAAGCATCCCGCCTGGGGAGTACGGCCGCAAGGCTAAAACTCAAAGAAATTGACGGGGCCCGCACAAGCGGCGGAGCATGCGGATTAATTCGATGCAACGCGAAGAACCTTACCTGGGCTTGACATGTTCCCGACAGCCGTAGAGATATGGCCTCCCTTCGG","AGGATTAGATACCCTGGGTAGTCCATGCCGTAAACGATGATTACTAGGTGTTGGAGGATTGACCCCTTCAGTGCCGCAGTTAACACAATAAGTAATCCACCTGGGGAGTACGACCGCAAGGTTGAAACTCAAAGGAATTGACGGGGCCCGCACAAGCAGTGGAGTATGTGGTTTAATTCGAAGCAACGCGAAGAACCTTACCAGGTCTTGACATCCGATGCATAGTGCAGAGATGCATGAAGTCCTTCGG","GGATTAGATACCCTGGGTAGTCCATGCCGTAAACGATGATTACTAGGTGTTGGAGGATTGACCCCTTCAGTGCCGCAGTTAACACAATAAGTAATCCACCTGGGGAGTACGACCGCAAGGTTGAAACTCAAAGGAATTGACGGGGCCCGCACAAGCAGTGGAGTATGTGGTTTAATTCGAAGCAACGCGAAGAACCTTACCAGGTCTTGACATCCGATGCATAGTGCAGAGATGCATGAAGTCCTTCGGG","GGATTAGATACCCTGGGTAGTCCACGCCGTAAACGATGTCGACTTGGAGGTTGTGCCCTTGAGGCGTGGCTTCCGGAGCTAACGCGTTAAGTCGACCGCCTGGGGAGTACGGCCGCAAGGTTAAAACTCAAATGAATTGACGGGGCCCGCACAAGCGGTGGAGCATGTGGTTTAATTCGATGCAACGCGAAGAACCTTACCTGGTCTTGACATCCACAGAACTTTCCAGAGATGGATTGGTGCCTTCGGG","GATTAGATACCCTGGGTAGTCCACACGGTAAACGATGAATACTCGCTGTTTGCGATATACTGCAAGCGGCCAAGCGAAAGCGTTAAGTATTCCACCTGGGGAGTACGCCGGCAACGGTGAAACTCAAAGGAATTGACGGGGCCCGCACAAGCGGAGGAACATGTGGTTTAATTCGATGATACGCGAGGAACCTTACCCGGGCTTAAATTGCAGATGAATTACGGTGAAAGCCGTAAGCCGCAAGGCATCT","GATTAGATACCCTGGGTAGTCCACGCCGTAAACGGTGGATGCTGGATGTGGGGCCCGTTCCACGGGTTCCGTGTCGGAGCTAACGCGTTAAGCATCCCGCCTGGGGAGTACGGCCGCAAGGCTAAAACTCAAAGAAATTGACGGGGCCCGCACAAGCGGCGGAGCATGCGGATTAATTCGATGCAACGCGAAGAACCTTACCTGGGCTTGACATGTTCCCGACAGCCGTAGAGATGCGGCCTCCCTTCGG","GATTAGATACCCTTGGTAGTCCGCACGGTAAACGATGGATGCCCGCTGTTGGCCTGAATAGGTCAGCGGCCAAGCGAAAGCATTAAGCATCCCACCTGGGGAGTACGCCGGCAACGGTGAAACTCAAAGGAATTGACGGGGGCCCGCACAAGCGGAGGAACATGTGGTTTAATTCGATGATACGCGAGGAACCTTACCCGGGCTTGAATTGCAGAGGAAGGATTTGGAGACAATGACGCCCTTCGGGGCC","GGATTAGATACCCTGGGTAGTCCACACGGTAAACGATGAATACTCGCTGTTTGCGATATACGGCAAGCGGCCAAGCGAAAGCGTTAAGTATTCCACCTGGGGAGTACGCCGGCAACGGTGAAACTCAAAGGAATTGACGGGGCCCGCACAAGCGGAGGAACATGTGGTTTAATTCGATGATACGCGAGGAACCTTACCCGGGCTTAAATTGCAGATGAATTACGGTGAAAGCCGTAAGCCGCAAGGCATC","GATTAGATACCCTTGGTAGTCCGCACGGTAAACGATGGATGCCCGCTGTTGGTCTGAATAGGTCAGCGGCCAAGCGAAAGCATTAAGCATCCCACCTGGGGAGTACGCCGGCAACGGTGAAACTCAAAGGAATTGACGGGGCCCGCACAAGCGGAGGAACATGTGGTTTAATTCGATGATACGCGAGGAACCTTACCCGGGCTTGAATTGCAGAGGAAGGATTTGGAGACAATGACGCCCTTCGGGGTCT","GATTAGATACCCTGGGTAGTCCACGCCGTAAACGATGAGTGCTAGGTGTTGGATCCTTTCCGGGATTCAGTGCCGAAGCTAACGCATTAAGCACTCCGCCTGGGGAGTACGACCGCAAGGTTGAAACTCAAAGGAATTGACGGGGCCCGCACAAGCGGTGGAGCATGTGGTTTAATTCGAAGCAACGCGAAGAACCTTACCAGGTCTTGACATCCCGATGCTATTTCTAGAGATAGAAAGTTACTTCGGT","GGATTAGATACCCTTGGTAGTCCACGCCGTAAACGGTGGATGCTGGATGTGGGGCCCGTTCCACGGGTTCCGTGTCGGAGCTAACGCGTTAAGCATCCCGCCTGGGGAGTACGGCCGCAAGGCTAAAACTCAAAGAAATTGACGGGGCCCGCACAAGCGGCGGAGCATGCGGATTAATTCGATGCAACGCGAAGAACCTTACCTGGGCTTGACATGTTCCCGACAGCCGTAGAGATGCGGCCTCCCTTCG","GGATTAGATACCCTTGGTAGTCCACGCCGTAAACGATGAATACTAGGTGTTGGGAAGCATTGCTTCTCGGTGCCGTCGCAAACGCAGTAAGTATTCCACCTGGGGAGTACGTTCGCAAGAATGAAACTCAAAGGAATTGACGGGGACCCGCACAAGCGGTGGAGCATGTGGTTTAATTCGAAGCAACGCGAAGAACCTTACCAAGTCTTGACATCCTTCTGACCGGTACTTAACCGTACCTTCTCTTCGG","GGATTAGATACCCTTGGTAGTCCACACCGTAAACGATGATTACTAGGTGTTGGAGGATTGACCCCTTCAGTGCCGCAGTTAACACAATAAGTAATCCACCTGGGGAGTACGACCGCAAGGTTGAAACTCAAAGGAATTGACGGGGCCCGCACAAGCAGTGGAGTATGTGGTTTAATTCGACGCAACGCGAAGAACCTTACCAAGTCTTGACATCCTGCGACGATGCTGGAAACAGTATTTTCCTTCGGGA","GGATTAGATACCCTGGGTAGTCCACACCGTAAACGATGATTACTAGGTGTTGGAGGATTGACCCCTTCAGTGCCGCAGTTAACACAATAAGTAATCCACCTGGGGAGTACGACCGCAAGGTTGAAACTCAAAGGAATTGACGGGGCCCGCACAAGCAGTGGAGTATGTGGTTTAATTCGACGCAACGCGAAGAACCTTACCAAGTCTTGACATCCTGCGACGATGCTGGAAACAGTATTTTCCTTCGGGA","GATTAGATACCCTGGGTAGTCCATGCCGTAAACGATGATTACTAGGTGTTGGAGGATTGACCCCTTCAGTGCCGCAGTTAACACAATAAGTAATCCACCTGGGGAGTACGACCGCAAGGTTGAAACTCAAAGGAATTGACGGGGCCCGCACAAGCAGTGGAGTATGTGGTTTAATTCGAAGCAACGCGAAGAACCTTACCAGGTCTTGACATCCGATGCATAGTGCAGAGATGCATGAAGTCCTTCGGGA","GATTAGATACCCTTGGTAGTCCACGCTGTAAACGATGTCGATTTGGGGGTTGAACTTTAAGTTTGGCGCCCGTAGCTAACGTGATAAATCGACCGCCTGGGGAGTACGGCCGCAAGGTTAAAACTCAAATGAATTGACGGGGCCCGCACAAGCGGTGGAGCATGTGGTTTAATTCGATGCAACGCGAAGAACCTTACCTACTCTTGACATCCAGAGAACTTTCCAGAGATGGATTGGTGCCTTCGGGAAC","AGGATTAGATACCCTGGGTAGTCCACACCGTAAACGATGATTACTAGGTGTTGGAGGATTGACCCCTTCAGTGCCGCAGTTAACACAATAAGTAATCCACCTGGGGAGTACGACCGCAAGGTTGAAACTCAAAGGAATTGACGGGGCCCGCACAAGCAGTGGAGTATGTGGTTTAATTCGACGCAACGCGAAGAACCTTACCAAGTCTTGACATCCCTTGACGATGCTGGAAACAGTATTTCTCTTCGGA","GATTAGATACCCTTGGTAGTCCACGCCGTAAACGGTGGATGCTGGATGTGGGGCCCGTTCCACGGGTTCCGTGTCGGAGCTAACGCGTTAAGCATCCCGCCTGGGGAGTACGGCCGCAAGGCTAAAACTCAAAGAAATTGACGGGGCCCGCACAAGCGGCGGAGCATGCGGATTAATTCGATGCAACGCGAAGAACCTTACCTGGGCTTGACATGTTCCCGACAGCCGTAGAGATGCGGCCTCCCTTCGG","GATTAGATACCCTGGGTAGTCCACGCGGTAAACGATGGATGCTCGCTGTTTGCGTCTGACGTAAGCGGCCAAGCGAAAGCGTTAAGCATCCCACCTGGGGAGTACGCCGGCAACGGTGAAACTCAAAGGAATTGACGGGGGCCCGCACAAGCGGAGGAACATGTGGTTTAATTCGATGATACGCGAGGAACCTTACCCGGGCTTGAACTGCAGGCGAACGATTCAGAGATGATGAGGCCCTTCGGGGCGC","GATTAGATACCCTGGGTAGTCCACACCGTAAACGATGATTACTAGGTGTTGGAGGATTGACCCCTTCAGTGCCGCAGTTAACACAATAAGTAATCCACCTGGGGAGTACGACCGCAAGGTTGAAACTCAAAGGAATTGACGGGGCCCGCACAAGCAGTGGAGTATGTGGTTTAATTCGACGCAACGCGAAGAACCTTACCAAGTCTTGACATCCTGCGACGATGCTGGAAACAGTATTTTCCTTCGGGAC","GATTAGATACCCTTGGTAGTCCACGCCGTAAACGGTGGATGCTGGATGTGGGGCCCGTTCCACGGGTTCCGTGTCGGAGCTAACGCGTTAAGCATCCCGCCTGGGGAGTACGGCCGCAAGGCTAAAACTCAAAGAAATTGACGGGGCCCGCACAAGCGGCGGAGCATGCGGATTAATTCGATGCAACGCGAAGAACCTTACCTGGGCTTGACATGTTCCCGACAGCCGTAGAGATATGGCCTCCCTTCGG","GATTAGATACCCTTGGTAGTCCACACGGTAAACGATGAATACTCGCTGTTTGCGATATACTGCAAGCGGCCAAGCGAAAGCGTTAAGTATTCCACCTGGGGAGTACGCCGGCAACGGTGAAACTCAAAGGAATTGACGGGGCCCGCACAAGCGGAGGAACATGTGGTTTAATTCGATGATACGCGAGGAACCTTACCCGGGCTTAAATTGCAGATGAATTACGGTGAAAGCCGTAAGCCGCAAGGCATCT","GATTAGATACCCTTGGTAGTCCGCACGGTAAACGATGGATGCCCGCTGTTGGTCTGAATAGGTCAGCGGCCAAGCGAAAGCATTAAGCATCCCACCTGGGGAGTACGCCGGCAACGGTGAAACTCAAAGGAATTGACGGGGCCCGCACAAGCGGAGGAACATGTGGTTTAATTCGATGATACGCGAGGAACCTTACCCGGGCTTGAATTGCAGAGGAAGGATTTGGAGACAATGACGCCCTTCGGGGCCT","GGATTAGATACCCTGGGTAGTCCACGCCGTAAACGATGAATACTAGGTGTTGGGAAGCATTGCTTCTCGGTGCCGTCGCAAACGCAGTAAGTATTCCACCTGGGGAGTACGTTCGCAAGAATGAAACTCAAAGGAATTGACGGGGACCCGCACAAGCGGTGGAGCATGTGGTTTAATTCGAAGCAACGCGAAGAACCTTACCAAGTCTTGACATCCTTCTGACCGGTACTTAACCGTACCTTCTCTTCGG","AGGATTAGATACCCTTGGTAGTCCACACCGTAAACGATGATTACTAGGTGTTGGAGGATTGACCCCTTCAGTGCCGCAGTTAACACAATAAGTAATCCACCTGGGGAGTACGACCGCAAGGTTGAAACTCAAAGGAATTGACGGGGCCCGCACAAGCAGTGGAGTATGTGGTTTAATTCGACGCAACGCGAAGAACCTTACCAAGTCTTGACATCCCTTGACAGGCATAGAAATATGTAATCTCTTCGGA","GGATTAGATACCCTGGGTAGTCCACGCCGTAAACGGTGGATGCTGGATGTGGGGCCCGTTCCACGGGTTCCGTGTCGGAGCTAACGCGTTAAGCATCCCGCCTGGGGAGTACGGCCGCAAGGCTAAAACTCAAAGAAATTGACGGGGCCCGCACAAGCGGCGGAGCATGCGGATTAATTCGATGCAACGCGAAGAACCTTACCTGGGCTTGACATGTTCCCGACAGCCGTAGAGATGCGGCCTCCCTTCG","GATTAGATACCCTTGGTAGTCCACACCGTAAACGATGATTACTAGGTGTTGGAGGATTGACCCCTTCAGTGCCGCAGTTAACACAATAAGTAATCCACCTGGGGAGTACGACCGCAAGGTTGAAACTCAAAGGAATTGACGGGGCCCGCACAAGCAGTGGAGTATGTGGTTTAATTCGACGCAACGCGAAGAACCTTACCAAGTCTTGACATCCCTTGACGATGCTGGAAACAGTATTTCTCTTCGGAGC","AGGATTAGATACCCTGGGTAGTCCACACCGTAAACGATGATTACTAGGTGTTGGAGGATTGACCCCTTCAGTGCCGCAGTTAACACAATAAGTAATCCACCTGGGGAGTACGACCGCAAGGTTGAAACTCAAAGGAATTGACGGGGCCCGCACAAGCAGTGGAGTATGTGGTTTAATTCGACGCAACGCGAAGAACCTTACCAAGTCTTGACATCCCTTGACGAACATAGAAATATGTTTTCTCTTCGGA","GATTAGATACCCTTGGTAGTCCACACCGTAAACGATGATTACTAGGTGTTGGAGGATTGACCCCTTCAGTGCCGCAGTTAACACAATAAGTAATCCACCTGGGGAGTACGACCGCAAGGTTGAAACTCAAAGGAATTGACGGGGCCCGCACAAGCAGTGGAGTATGTGGTTTAATTCGACGCAACGCGAAGAACCTTACCAAGTCTTGACATCCTGCGACGATGCTGGAAACAGTATTTTCCTTCGGGAC","GATTAGATACCCTTGGTAGTCCACGCCGTAAACGATGAGTGCTAGGTGTTGGATCCTTTCCGGGATTCAGTGCCGAAGCTAACGCATTAAGCACTCCGCCTGGGGAGTACGACCGCAAGGTTGAAACTCAAAGGAATTGACGGGGCCCGCACAAGCGGTGGAGCATGTGGTTTAATTCGAAGCAACGCGAAGAACCTTACCAGGTCTTGACATCCCGATGCTATTTCTAGAGATAGAAAGTTACTTCGGT","GATTAGATACCCTGGGTAGTCCGCACGGTAAACGATGGATGCCCGCTGTTGGCCTGAATAGGTCAGCGGCCAAGCGAAAGCATTAAGCATCCCACCTGGGGAGTACGCCGGCAACGGTGAAACTCAAAGGAATTGACGGGGCCCGCACAAGCGGAGGAACATGTGGTTTAATTCGATGATACGCGAGGAACCTTACCCGGGCTTGAATTGCAGAGGAAGGATTTGGAGACAATGACGCCCTTCGGGGTCT","GATTAGATACCCTGGGTAGTCCACGCCGTAAACGATGAATACTAGGTGTAGGGGTTGTCATGACCTCTGTGCCGCCGCTAACGCATTAAGTATTCCGCCTGGGGAGTACGGTCGCAAGATTAAAACTCAAAGGAATTGACGGGGCCCGCACAAGCAGCGGAGCATGTGGTTTAATTCGAAGCAACGCGAAGAACCTTACCTAGACTTGACATCTCCTGCATTACTCTTAATCGAGGAAGTCCCTTCGGGG","AGGATTAGATACCCTTGGTAGTCCACGCGGTAAACGATGGATGCTCGCTGTTTGCGTCTGACGTAAGCGGCCAAGCGAAAGCGTTAAGCATCCCACCTGGGGAGTACGCCGGCAACGGTGAAACTCAAAGGAATTGACGGGGCCCGCACAAGCGGAGGAACATGTGGTTTAATTCGATGATACGCGAGGAACCTTACCCGGGCTTGAACTGCAGGCGAACGATTCAGAGATGATGAGGCCCTTCGGGGCG","GATTAGATACCCTGGGTAGTCCACGCCGTAAACGATGAGTGCTAGGTGTTGGATCCTTTCCGGGATTCAGTGCCGCAGCTAACGCATTAAGCACTCCGCCTGGGGAGTACGACCGCAAGGTTGAAACTCAAAGGAATTGACGGGGGCCCGCACAAGCGGTGGAGCATGTGGTTTAATTCGAAGCAACGCGAAGAACCTTACCAGGTCTTGACATCCCGATGCTATTTCTAGAGATAGAAAGTTACTTCGG","AGGATTAGATACCCTTGGTAGTCCGCACGGTAAACGATGGATGCCCGCTGTTGGTCTGAATAGGTCAGCGGCCAAGCGAAAGCATTAAGCATCCCACCTGGGGAGTACGCCGGCAACGGTGAAACTCAAAGGAATTGACGGGGCCCGCACAAGCGGAGGAACATGTGGTTTAATTCGATGATACGCGAGGAACCTTACCCGGGCTTGAATTGCAGAGGAAGGATTTGGAGACAATGACGCCCTTCGGGTC","GATTAGATACCCTGGGTAGTCCACGCCGTAAACGGTGGATGCTGGATGTGGGGACCATTCCACGGTCTCCGTGTCGGAGCCAACGCGTTAAGCATCCCGCCTGGGGAGTACGGCCGCAAGGCTAAAACTCAAAGAAATTGACGGGGCCCGCACAAGCGGCGGAGCATGCGGATTAATTCGATGCAACGCGAAGAACCTTACCTGGGCTTGACATGTTCCCGACAGCCCCAGAGATGGGGCCTCCCTTCGG","GATTAGATACCCTTGGTAGTCCACGCGGTAAACGATGGATGCTCGCTGTTTGCGTCTGACGTAAGCGGCCAAGCGAAAGCGTTAAGCATCCCACCTGGGGAGTACGCCGGCAACGGTGAAACTCAAAGGAATTGACGGGGGCCCGCACAAGCGGAGGAACATGTGGTTTAATTCGATGATACGCGAGGAACCTTACCCGGGCTTGAACTGCAGGCGAACGATTCAGAGATGATGAGGCCCTTCGGGGCGC","AGGATTAGATACCCTTGGTAGTCCACGCCGTAAACGATGAATACTAGGTGTTGGGAAGCATTGCTTCTCGGTGCCGTCGCAAACGCAGTAAGTATTCCACCTGGGGAGTACGTTCGCAAGAATGAAACTCAAAGGAATTGACGGGGACCCGCACAAGCGGTGGAGCATGTGGTTTAATTCGAAGCAACGCGAAGAACCTTACCAAGTCTTGACATCCTTCTGACCGGTACTTAATCGTACCTTCTCTTCG","GGATTAGATACCCTGGGTAGTCCACGCAGTAAACGATGAATACTAACTGTTTGCGATACAATGTAAGCGGTACAGCGAAAGCGTTAAGTATTCCACCTGGGGAGTACGCCGGCAACGGTGAAACTCAAAGGAATTGACGGGGCCCGCACAAGCGGAGGAACATGTGGTTTAATTCGATGATACGCGAGGAACCTTACCCGGGCTCAAACGCAGGGGGAATGCCGGTGAAAGCCGGCAGCTAGCAATAGTC","GATTAGATACCCTTGGTAGTCCATGCCGTAAACGATGATTACTAGGTGTTGGAGGATTGACCCCTTCAGTGCCGCAGTTAACACAATAAGTAATCCACCTGGGGAGTACGACCGCAAGGTTGAAACTCAAAGGAATTGACGGGGCCCGCACAAGCAGTGGAGTATGTGGTTTAATTCGAAGCAACGCGAAGAACCTTACCAGGTCTTGACATCCGATGCATAGTGCAGAGATGCATGAAGTCCTTCGGGA","GATTAGATACCCTGGGTAGTCCACGCCGTAAACGATGATTACTAGGTGTTGGTGGGTATGACCCATCGGTGCCGCAGCAAACGCAATAAGTAATCCACCTGGGGAGTACGTTCGCAAGAATGAAACTCAAAGGAATTGACGGGACCCGCACAAGCGGTGGAGCATGTGGTTTAATTCGAAGCAACGCGAAGAACCTTACCTGGTCTTGACATCCCTATGAATAACGGGCAATGCCGTTAGTACTTCGGTA","GATTAGATACCCTTGGTAGTCCACGCCGTAAACGATGATTACTAGGTGTTGGTGGGTATGACCCATCGGTGCCGCAGCAAACGCAATAAGTAATCCACCTGGGGAGTACGTTCGCAAGAATGAAACTCAAAGGAATTGACGGGGACCCGCACAAGCGGTGGAGCATGTGGTTTAATTCGAAGCAACGCGAAGAACCTTACCTGGTCTTGACATCCCTATGAATAACGGGCAATGCCGTTAGTACTTCGGT","AGGATTAGATACCCTGGGTAGTCCACGCCGTAAACGATGAATACTAGGTGTTGGGAAGCATTGCTTCTCGGTGCCGTCGCAAACGCAGTAAGTATTCCACCTGGGGAGTACGTTCGCAAGAATGAAACTCAAAGGAATTGACGGGGACCCGCACAAGCGGTGGAGCATGTGGTTTAATTCGAAGCAACGCGAAGAACCTTACCAAGTCTTGACATCCTTCTGACCGGTACTTAACCGTACCTTCTCTTCG","GATTAGATACCCTGGGTAGTCCACACGGTAAACGATGAATACTCGCTGTTTGCGATATACAGCAAGCGGCCAAGCGAAAGCGTTAAGTATTCCACCTGGGGAGTACGCCGGCAACGGTGAAACTCAAAGGAATTGACGGGGCCCGCACAAGCGGAGGAACATGTGGTTTAATTCGATGATACGCGAGGAACCTTACCCGGGCTTAAATTGCAGATGAATTACGGTGAAAGCCGTAAGCCGCAAGGCATCT","GGATTAGATACCCTTGGTAGTCCACGCCGTAAACGATGAATGCTAGGTGTTGGGGAGCAAAGCTCTTCGGTGCCGCCGCAAACGCATTAAGCATTCCACCTGGGGAGTACGTTCGCAAGAATGAAACTCAAAGGAATTGACGGGGACCCGCACAAGCGGTGGAGCATGTGGTTTAATTCGAAGCAACGCGAAGAACCTTACCAGGTCTTGACATCCCGATGACCGGCCCGTAACGGGGCCTTCTCTTCGG","AGGATTAGATACCCTGGGTAGTCCACGCGGTAAACGATGGATGCTCGCTGTTTGCGTCTGACGTAAGCGGCCAAGCGAAAGCGTTAAGCATCCCACCTGGGGAGTACGCCGGCAACGGTGAAACTCAAAGGAATTGACGGGGCCCGCACAAGCGGAGGAACATGTGGTTTAATTCGATGATACGCGAGGAACCTTACCCGGGCTTGAACTGCAGGCGAACGATTCAGAGATGATGAGGCCCTTCGGGGCG","GATTAGATACCCTGGGTAGTCCACACCGTAAACGATGATTACTAGGTGTTGGAGGATTGACCCCTTCAGTGCCGCAGTTAACACAATAAGTAATCCACCTGGGGAGTACGACCGCAAGGTTGAAACTCAAAGGAATTGACGGGGCCCGCACAAGCAGTGGAGTATGTGGTTTAATTCGACGCAACGCGAAGAACCTTACCAAGTCTTGACATCCTGCGACGCACATAGAAATATGTGTTTCCTTCGGGAC","GGATTAGATACCCTTGGTAGTCCACGCAGTAAACGATGAATACTAACTGTTTGCGATACAATGTAAGCGGTACAGCGAAAGCGTTAAGTATTCCACCTGGGGAGTACGCCGGCAACGGTGAAACTCAAAGGAATTGACGGGGCCCGCACAAGCGGAGGAACATGTGGTTTAATTCGATGATACGCGAGGAACCTTACCCGGGCTCAAACGCAGGGGGAATGCCGGTGAAAGCCGGCAGCTAGCAATAGTC","AGGATTAGATACCCTTGGTAGTCCACGCCGTAAACGATGACTACTAGGTGTCGGGCAGCAAAGCTGTTCGGTGCCGCAGCAAACGCAATAAGTAGTCCACCTGGGGAGTACGTTCGCAAGAATGAAACTCAAAGGAATTGACGGGGACCCGCACAAGCGGTGGAGCATGTGGTTTAATTCGAAGCAACGCGAAGAACCTTACCTGCTCTTGACATCTCCCTGACCGGCAAGTAATGTTGCCTTTCCTTCG","GATTAGATACCCTGGGTAGTCCATGCCGTAAACGATGATTACTAGGTGTTGGGGGATTGACCCCTTCAGTGCCGCAGTTAACACAATAAGTAATCCACCTGGGGAGTACGACCGCAAGGTTGAAACTCAAAGGAATTGACGGGGCCCGCACAAGCAGTGGAGTATGTGGTTTAATTCGAAGCAACGCGAAGAACCTTACCAGGTCTTGACATCCGATGCATAGCACAGAGATGTGTGAAATCTTTCGGGA","GATTAGATACCCTTGGTAGTCCACACGGTAAACGATGAATACTCGCTGTTTGCGATATACAGCAAGCGGCCAAGCGAAAGCGTTAAGTATTCCACCTGGGGAGTACGCCGGCAACGGTGAAACTCAAAGGAATTGACGGGGCCCGCACAAGCGGAGGAACATGTGGTTTAATTCGATGATACGCGAGGAACCTTACCCGGGCTTAAATTGCAGATGAATTACGGTGAAAGCCGTAAGCCGCAAGGCATCT","GGATTAGATACCCTTGGTAGTCCACACCGTAAACGATGATTACTAGGTGTTGGAGGATTGACCCCTTCAGTGCCGCAGTTAACACAATAAGTAATCCACCTGGGGAGTACGACCGCAAGGTTGAAACTCAAAGGAATTGACGGGGCCCGCACAAGCAGTGGAGTATGTGGTTTAATTCGACGCAACGCGAAGAACCTTACCAAGTCTTGACATCCCTTGACGATGCTGGAAACAGTATTTCTCTTCGGAG","AGGATTAGATACCCTTGGTAGTCCACGCTGTAAACGATGATTACTAGGTGTGGGGGGTCTGACCCCTTCCGTGCCGGAGTTAACACAATAAGTAATCCACCTGGGGAGTACGGCCGCAAGGTTGAAACTCAAAGGAATTGACGGGGCCCGCACAAGCAGTGGAGTATGTGGTTTAATTCGAAGCAACGCGAAGAACCTTACCAGGTCTTGACATCCAACTAACGAAGTAGAGATACATTAGGTGCCCTTC","GATTAGATACCCTGGGTAGTCCACGCCGTAAACGGTGGATGCTGGATGTGGGGACCATTCCACGGTCTCCGTGTCGGAGCCAACGCGTTAAGCATCCCGCCTGGGGAGTACGGCCGCAAGGCTAAAACTCAAAGAAATTGACGGGGCCCGCACAAGCGGCGGAGCATGCGGATTAATTCGATGCAACGCGAAGAACCTTACCTGGGCTTGACATGTTCCCGACAGCCGTAGAGATACGGTCTCCCTTCGG","AGGATTAGATACCCTTGGTAGTCCGCGCGGTAAACGATGGATGCCCGCTGTTGGGCCAACTGGTTCAGCGGCCAAGCGAAAGCATTAAGCATCCCACCTGGGGAGTACGCCGGCAACGGTGAAACTCAAAGGAATTGACGGGGCCCGCACAAGCGGAGGAACATGTGGTTTAATTCGATGATACGCGAGGAACCTTACCCGGGCTTGAATTGCAGAGGAAGGATTTGGAGACAATGACGCCCTTCGGGGC","GATTAGATACCCTTGGTAGTCCACGCCGTAAACGGTGGATGCTGGATGTGGGGACCATTCCACGGTCTCCGTGTCGGAGCCAACGCGTTAAGCATCCCGCCTGGGGAGTACGGCCGCAAGGCTAAAACTCAAAGAAATTGACGGGGCCCGCACAAGCGGCGGAGCATGCGGATTAATTCGATGCAACGCGAAGAACCTTACCTGGGCTTGACATGTTCCCGACAGCCCCAGAGATGGGGCCTCCCTTCGG","AGGATTAGATACCCTTGGTAGTCCACGCCGTAAACGATGACTGCTAGGTGTCGGGTAGCAAAGCTATTCGGTGCCGCAGCTAACGCAATAAGCAGTCCACCTGGGGAGTACGTTCGCAAGAATGAAACTCAAAGGAATTGACGGGGACCCGCACAAGCGGTGGAGCATGTGGTTTAATTCGAAGCAACGCGAAGAACCTTACCTGATCTTGACATCCCGATGACCGCTTCGTAATGGAAGCTTTTCTTCG","GATTAGATACCCTTGGTAGTCCGCACGGTAAACGATGGATGCCCGCTGTTGGCCTGAATAGGTCAGCGGCCAAGCGAAAGCATTAAGCATCCCACCTGGGGAGTACGCCGGCAACGGTGAAACTCAAAGGAATTGACGGGGCCCGCACAAGCGGAGGAACATGTGGTTTAATTCGATGATACGCGAGGAACCTTACCCGGGCTTGAATTGCAGAGGAAGGATTTGGAGACAATGACGCCCTTCGGGGTCT","GGATTAGATACCCTTGGTAGTCCATGCCGTAAACGATGATTACTAGGTGTTGGGGGATTGACCCCCTCAGTGCCGCAGTTAACACAATAAGTAATCCACCTGGGGAGTACGACCGCAAGGTTGAAACTCAAAGGAATTGACGGGGCCCGCACAAGCAGTGGAGTATGTGGTTTAATTCGAAGCAACGCGAAGAACCTTACCAGGTCTTGACATCCGATGCATAGCACAGAGATGTGTGAAATCCTTCGGG","GATTAGATACCCTGGGTAGTCCACACTGTAAACGATGAATGCTAGGTGTAGGGGGTATCGACCCCTTCTGTGCCGCAGTCAACACAATAAGCATTCCGCCTGGGGAGTACGGCCGCAAGGTTGAAACTCAAAGGAATTGACGGGGGCCCGCACAAGCAGCGGAGCATGTGGTTTAATTCGACGCAACGCGAAGAACCTTACCAGGTCTTGACATCCACTTAAACTTACAGAGATGTAAGGTGTGCTTGCA","AGGATTAGATACCCTGGGTAGTCCACGCCGTAAACGATGACTACTAGGTGTCGGGCAGCAAAGCTGTTCGGTGCCGCAGCAAACGCAATAAGTAGTCCACCTGGGGAGTACGTTCGCAAGAATGAAACTCAAAGGAATTGACGGGGACCCGCACAAGCGGTGGAGCATGTGGTTTAATTCGAAGCAACGCGAAGAACCTTACCTGCTCTTGACATCTCCCTGACCGGCAAGTAATGTTGCCTTTCCTTCG","GATTAGATACCCTGGGTAGTCCACGCCGTAAACGATGACTGCTAGGTGTCGGGTAGCAAAGCTATTCGGTGCCGCAGCTAACGCAATAAGCAGTCCACCTGGGGAGTACGTTCGCAAGAATGAAACTCAAAGGAATTGACGGGGACCCGCACAAGCGGTGGAGCATGTGGTTTAATTCGAAGCAACGCGAAGAACCTTACCTGATCTTGACATCCCGATGACCGCTTCGTAATGGAAGCTTTTCTTCGGA","GATTAGATACCCTGGGTAGTCCACACCGTAAACGATGATTACTAGGTGTTGGAGGATTGACCCCTTCAGTGCCGCAGTTAACACAATAAGTAATCCACCTGGGGAGTACGACCGCAAGGTTGAAACTCAAAGGAATTGACGGGGCCCGCACAAGCAGTGGAGTATGTGGTTTAATTCGACGCAACGCGAAGAACCTTACCAAGTCTTGACATCCTGCGACGGACATAGAAATATGTCTTTCCTTCGGGAC","AGGATTAGATACCCTTGGTAGTCCGCACGGTAAACGATGGATGCCCGCTGTTGGCCTGAATAGGTCAGCGGCCAAGCGAAAGCATTAAGCATCCCACCTGGGGAGTACGCCGGCAACGGTGAAACTCAAAGGAATTGACGGGGCCCGCACAAGCGGAGGAACATGTGGTTTAATTCGATGATACGCGAGGAACCTTACCCGGGCTTGAATTGCAGAGGAAGGATTTGGAGACAATGACGCCCTTCGGGGC","GATTAGATACCCTGGGTAGTCCACGCCGTAAACGATGACTACTAGGTGTCGGGCAGCAAAGCTGTTCGGTGCCGCAGCAAACGCAATAAGTAGTCCACCTGGGGAGTACGTTCGCAAGAATGAAACTCAAAGGAATTGACGGGGACCCGCACAAGCGGTGGAGCATGTGGTTTAATTCGAAGCAACGCGAAGAACCTTACCTGCTCTTGACATCTCCCTGACCGGCAAGTAATGTTGCCTTTCCTTCGGG","GATTAGATACCCTTGGTAGTCCACGCCGTAAACGATGACTACTAGGTGTCGGGCAGCAAAGCTGTTCGGTGCCGCAGCAAACGCAATAAGTAGTCCACCTGGGGAGTACGTTCGCAAGAATGAAACTCAAAGGAATTGACGGGGACCCGCACAAGCGGTGGAGCATGTGGTTTAATTCGAAGCAACGCGAAGAACCTTACCTGCTCTTGACATCTCCCTGACCGGCAAGTAATGTTGCCTTTCCTTCGGG","GATTAGATACCCTGGGTAGTCCACACGGTAAACGATGAATACTCGCTGTTTGCGATATACGGCAAGCGGCCAAGCGAAAGCGTTAAGTATTCCACCTGGGGAGTACGCCGGCAACGGTGAAACTCAAAGGAATTGACGGGGCCCGCACAAGCGGAGGAACATGTGGTTTAATTCGATGATACGCGAGGAACCTTACCCGGGCTTAAATTGCAGATGAATTACGGTGAAAGCCGTAAGCCGCAAGGCATCT","GGATTAGATACCCTGGGTAGTCCACACCGTAAACGATGATTACTAGGTGTTGGAGGATTGACCCCTTCAGTGCCGCAGTTAACACAATAAGTAATCCACCTGGGGAGTACGACCGCAAGGTTGAAACTCAAAGGAATTGACGGGGCCCGCACAAGCAGTGGAGTATGTGGTTTAATTCGACGCAACGCGAAGAACCTTACCAAGTCTTGACATCCCTTGACGATGCTGGAAACAGTATTTCTCTTCGGAG","AGGATTAGATACCCTTGGTAGTCCACGCTGTAAACGATGAATACTAGGTGTGGGAGGACTGACCCCTTCCGTGCCGCAGTTAACACAATAAGTATTCCACCTGGGGAGTACGACCGCAAGGTTGAAACTCAAAGGAATTGACGGGGCCCGCACAAGCAGTGGATTATGTGGTTTAATTCGACGCAACGCGAAGAACCTTACCAGGACTTGACATCCAACTAACGAAGTAGAGATACATTAGGTGCCCTTC","GATTAGATACCCTTGGTAGTCCACGCCGTAAACGATGATTACTAGGTGTTGGTGGGTACGACCCATCGGTGCCGCAGCAAACGCAATAAGTAATCCACCTGGGGAGTACGTTCGCAAGAATGAAACTCAAAGGAATTGACGGGACCCGCACAAGCGGTGGAGCATGTGGTTTAATTCGAAGCAACGCGAAGAACCTTACCTGGTCTTGACATCCCTATGAATAACGGGCAATGCCGTTAGTACTTCGGTA","GATTAGATACCCTGGGTAGTCCACGCTGTAAACGATGATTACTAGGTGTGGGGGTCTGACCCCTTCCGTGCCGGAGTTAACACAATAAGTAATCCACCTGGGGAGTACGGCCGCAAGGTTGAAACTCAAAGGAATTGACGGGGCCCGCACAAGCAGTGGAGTATGTGGTTTAATTCGAAGCAACGCGAAGAACCTTACCAGGTCTTGACATCCTACTAACGAGATAGAGATATGTTAGGTGCCCTTCGGG","AGGATTAGATACCCTTGGTAGTCCGCACGGTAAACGATGGATGCCCGCTGTTGGTTCACCTGAATCAGCGGCCAAGCGAAAGCATTAAGCATCCCACCTGGGGAGTACGCCGGCAACGGTGAAACTCAAAGGAATTGACGGGGCCCGCACAAGCGGAGGAACATGTGGTTTAATTCGATGATACGCGAGGAACCTTACCCGGGCTTGAATTGCAGAGGAAGGATTTGGAGACAATGACGCCCTTCGGGGC","GATTAGATACCCTTGGTAGTCCACACTGTAAACGATGAATGCTAGGTGTAGGGGGTATCGACCCCTTCTGTGCCGCAGTCAACACAATAAGCATTCCGCCTGGGGAGTACGGCCGCAAGGTTGAAACTCAAAGGAATTGACGGGGGCCCGCACAAGCAGCGGAGCATGTGGTTTAATTCGACGCAACGCGAAGAACCTTACCAGGTCTTGACATCCACTTAAACTTACAGAGATGTAAGGTGTGCTTGCA","GATTAGATACCCTTGGTAGTCCACACCGTAAACGATGATTACTAGGTGTTGGAGGATTGACCCCTTCAGTGCCGCAGTTAACACAATAAGTAATCCACCTGGGGAGTACGACCGCAAGGTTGAAACTCAAAGGAATTGACGGGGCCCGCACAAGCAGTGGAGTATGTGGTTTAATTCGACGCAACGCGAAGAACCTTACCAAGTCTTGACATCCTGCGACGCACATAGAAATATGTGTTTCCTTCGGGAC","AGGATTAGATACCCTTGGTAGTCCACACCGTAAACGATGATTACTAGGTGTTGGAGGATTGACCCCTTCAGTGCCGCAGTTAACACAATAAGTAATCCACCTGGGGAGTACGACCGCAAGGTTGAAACTCAAAGGAATTGACGGGGCCCGCACAAGCAGTGGAGTATGTGGTTTAATTCGACGCAACGCGAAGAACCTTACCAAGTCTTGACATCCTGCGACGCACATAGAAATATGTGTTTCCTTCGGG","GATTAGATACCCTGGGTAGTCCACGCGGTAAACGATGGATGCTCGCTGTTTGCGTCTGACGTAAGCGGCCAAGCGAAAGCGTTAAGCATCCCACCTGGGGAGTACGCCGGCAACGGTGAAACTCAAAGGAATTGACGGGGCCCGCACAAGCGGAGGAACATGTGGTTTAATTCGATGATACGCGAGGAACCTTACCCGGGCTTGAACTGCAGCGGACGGATACAGAGATGTTGACTCCCTTCGGGGCCGC","AGGATTAGATACCCTTGGTAGTCCACGCCGTAAACGATGAATACTAGGTGTCGGGGAGCATTGCTCTTCGGTGCCGCAGCAAACGCAATAAGTATTCCACCTGGGGAGTACGTTCGCAAGAATGAAACTCAAAGGAATTGACGGGGACCCGCACAAGCGGTGGAGCATGTGGTTTAATTCGAAGCAACGCGAAGAACCTTACCAAGTCTTGACATCCCGATGACAGAGTATGTAATGTACTTTCTCTTCG","AGGATTAGATACCCTGGGTAGTCCACGCTGTAAACGATGAATACTAGGTGTGGGAGGACTGACCCCTTCCGTGCCGCAGTTAACACAATAAGTATTCCACCTGGGGAGTACGACCGCAAGGTTGAAACTCAAAGGAATTGACGGGGCCCGCACAAGCAGTGGATTATGTGGTTTAATTCGACGCAACGCGAAGAACCTTACCAGGACTTGACATCCAACTAACGAAGTAGAGATACATTAGGTGCCCTTC","AGGATTAGATACCCTTGGTAGTCCACGCCGTAAACGATGAATACTAGGTGTAGGAGGTATCGACCCCTTCTGTGCCGGAGCTAACACAATAAGTATTCCGCCTGGGAAGTACGATCGCAAGATTAAAACTCAAAGGAATTGACGGGGCCCGCACAAGCGGTGGAGTATGTGGTTTAATTCGACGCAACGCGAAGAACCTTACCAGGTCTTGACATTGATCGCTATTCCAAGAAATTGGAAGTTCCTCTTC","AGGATTAGATACCCTTGGTAGTCCACGCCGTAAACGATGAATACTAGGTGTCGGGGAGCATTGCTCTTCGGTGCCGCAGCAAACGCAATAAGTATTCCACCTGGGGAGTACGTTCGCAAGAATGAAACTCAAAGGAATTGACGGGGACCCGCACAAGCGGTGGAGCATGTGGTTTAATTCGAAGCAACGCGAAGAACCTTACCAAGTCTTGACATCCCGATGACAGAACATGTAATGTGTTTTCTCTTCG","GATTAGATACCCTGGGTAGTCCACGCCGTAAACGATGTCGATTTGGAGGTTGTGCCCTTGAGGCGTGGCTTCCGGAGCTAACGCGTTAAATCGACCGCCTGGGGAGTACGGCCGCAAGGTTAAAACTCAAATGAATTGACGGGGCCCGCACAAGCGGTGGAGCATGTGGTTTAATTCGATGCAACGCGAAGAACCTTACCTGGTCTTGACATCCACAGAACTTTCCAGAGATGGATTGGTGCCTTCGGGA","GGATTAGATACCCTTGGTAGTCCACGCCGTAAACGATGAATACTAGGTGTTGGGAAGCATTGCTTCTCGGTGCCGTCGCAAACGCAGTAAGTATTCCACCTGGGGAGTACGTTCGCAAGAATGAAACTCAAAGGAATTGACGGGGACCCGCACAAGCGGTGGAGCATGTGGTTTAATTCGAAGCAACGCGAAGAACCTTACCAAGTCTTGACATCCTTCTGACCGGTACTTAATCGTACCTTCTCTTCGG","AGGATTAGATACCCTGGGTAGTCCACGCCGTAAACGATGACTGCTAGGTGTCGGGTAGCAAAGCTATTCGGTGCCGCAGCTAACGCAATAAGCAGTCCACCTGGGGAGTACGTTCGCAAGAATGAAACTCAAAGGAATTGACGGGGACCCGCACAAGCGGTGGAGCATGTGGTTTAATTCGAAGCAACGCGAAGAACCTTACCTGATCTTGACATCCCGATGACCGCTTCGTAATGGAAGCTTTTCTTCG","AGGATTAGATACCCTTGGTAGTCCACGCCGTAAACGGTGGATGCTGGATGTGGGGCCCGTTCCACGGGTTCCGTGTCGGAGCTAACGCGTTAAGCATCCCGCCTGGGGAGTACGGCCGCAAGGCTAAAACTCAAAGAAATTGACGGGGCCCGCACAAGCGGCGGAGCATGCGGATTAATTCGATGCAACGCGAAGAACCTTACCTGGGCTTGACATGTTCCCGACGGCCGTAGAGATACGGCTTCCCTTC","GATTAGATACCCTGGGTAGTCCGCACGGTAAACGATGGATGCCCGCTGTTGGCTTGAATTAGTCAGCGGCCAAGCGAAAGCATTAAGCATCCCACCTGGGGAGTACGCCGGCAACGGTGAAACTCAAAGGAATTGACGGGGGCCCGCACAAGCGGAGGAACATGTGGTTTAATTCGATGATACGCGAGGAACCTTACCCGGGCTTGAATTGCAGAGGAAGGATTTGGAGACAATGACGCCCCTCGGGGCC","AGGATTAGATACCCTTGGTAGTCCACACCGTAAACGATGATTACTAGGTGTTGGAGGATTGACCCCTTCAGTGCCGCAGTTAACACAATAAGTAATCCACCTGGGGAGTACGACCGCAAGGTTGAAACTCAAAGGAATTGACGGGGCCCGCACAAGCAGTGGAGTATGTGGTTTAATTCGACGCAACGCGAAGAACCTTACCAAGTCTTGACATCCCTTGACAGGCATAGAAATATGTTTTCTCTTCGGA","GATTAGATACCCTTGGTAGTCCATGCCGTAAACGATGATTACTAGGTGTTGGGGGATTGACCCCTTCAGTGCCGCAGTTAACACAATAAGTAATCCACCTGGGGAGTACGACCGCAAGGTTGAAACTCAAAGGAATTGACGGGGCCCGCACAAGCAGTGGAGTATGTGGTTTAATTCGAAGCAACGCGAAGAACCTTACCAGGTCTTGACATCCGATGCATAGCACAGAGATGTGTGAAATCTTTCGGGA","GGATTAGATACCCTGGGTAGTCCACGCAGTAAACGATGATAACTCGTTGTCGGCGATACACAGTCGGTGACTAAGCGAAAGCGATAAGTTATCCACCTGGGGAGTACGTTCGCAAGAATGAAACTCAAAGGAATTGACGGGGCCCGCACAAGCGGAGGAACATGTGGTTTAATTCGATGATACGCGAGGAACCTTACCCGGGCTTGAAAGTTACTGACGATTCTGGAAACAGGATTTCCCTTCGGGGCAG","GGATTAGATACCCTTGGTAGTCCACGCAGTAAACGATGATAACTCGTTGTCGGCGATACACAGTCGGTGACTAAGCGAAAGCGATAAGTTATCCACCTGGGGAGTACGTTCGCAAGAATGAAACTCAAAGGAATTGACGGGGCCCGCACAAGCGGAGGAACATGTGGTTTAATTCGATGATACGCGAGGAACCTTACCCGGGCTTGAAAGTTACTGACGATTCTGGAAACAGGATTTCCCTTCGGGGCAG","AGGATTAGATACCCTGGGTAGTCCGCGCGGTAAACGATGGATGCCCGCTGTTGGGCCAACTGGTTCAGCGGCCAAGCGAAAGCATTAAGCATCCCACCTGGGGAGTACGCCGGCAACGGTGAAACTCAAAGGAATTGACGGGGCCCGCACAAGCGGAGGAACATGTGGTTTAATTCGATGATACGCGAGGAACCTTACCCGGGCTTGAATTGCAGAGGAAGGATTTGGAGACAATGACGCCCTTCGGGGC","GATTAGATACCCTTGGTAGTCCACGCGGTAAACGATGGATGCTCGCTGTTTGCGTCTGACGTAAGCGGCCAAGCGAAAGCGTTAAGCATCCCACCTGGGGAGTACGCCGGCAACGGTGAAACTCAAAGGAATTGACGGGGCCCGCACAAGCGGAGGAACATGTGGTTTAATTCGATGATACGCGAGGAACCTTACCCGGGCTTGAACTGCAGCGGACGGATACAGAGATGTTGACTCCCTTCGGGGCCGC","GATTAGATACCCTGGGTAGTCCACGCGGTAAACGATGGATGCTCGCTGTTTGCGTCTGACGTAAGCGGCCAAGCGAAAGCGTTAAGCATCCCACCTGGGGAGTACGCCGGCAACGGTGAAACTCAAAGGAATTGACGGGGGCCCGCACAAGCGGAGGAACATGTGGTTTAATTCGATGATACGCGAGGAACCTTACCCGGGCTTGAACTGCAGCGGACGGATACAGAGATGTTGACTCCCTTCGGGGCCG","AGGATTAGATACCCTTGGTAGTCCGCACGGTAAACGATGGATGCCCGCTGTTGGCCTGAATAGGTCAGCGGCCAAGCGAAAGCATTAAGCATCCCACCTGGGGAGTACGCCGGCAACGGTGAAACTCAAAGGAATTGACGGGGCCCGCACAAGCGGAGGAACATGTGGTTTAATTCGATGATACGCGAGGAACCTTACCCGGGCTTGAATTGCAGAGGAAGGATTTGGAGACAATGACGCCCTTCGGGGT","AGGATTAGATACCCTGGGTAGTCCGCACGGTAAACGATGGATGCCCGCTGTTGGTTCACCTGAATCAGCGGCCAAGCGAAAGCATTAAGCATCCCACCTGGGGAGTACGCCGGCAACGGTGAAACTCAAAGGAATTGACGGGGCCCGCACAAGCGGAGGAACATGTGGTTTAATTCGATGATACGCGAGGAACCTTACCCGGGCTTGAATTGCAGAGGAAGGATTTGGAGACAATGACGCCCTTCGGGGC","AGGATTAGATACCCTGGGTAGTCCGCGCGGTAAACGATGGATGCCCGCTATTTGCGCATTAGCGCAAGTGGCCAAGTGAAAACGTTAAGCATCCCACCTGGGGAGTACGCCGGCAACGGTGAAACTCAAAGGAATTGACGGGGCCCGCACAAGCGGAGGAACATGTGGTTTAATTCGATGATACGCGAGGAACCTTACCCGGGCTTGAATTGCAGAGGAAAGATCCAGAGATGGTGATGCCCTTCGGGGC","GGATTAGATACCCTGGGTAGTCCACGCCGTAAACGATGAATGCTAGGTGTTGGGGAGCAAAGCTCTTCGGTGCCGCCGCAAACGCATTAAGCATTCCACCTGGGGAGTACGTTCGCAAGAATGAAACTCAAAGGAATTGACGGGGACCCGCACAAGCGGTGGAGCATGTGGTTTAATTCGAAGCAACGCGAAGAACCTTACCAGGTCTTGACATCCCGATGACCGGCCCGTAACGGGGCCTTCTCTTCGG","GGATTAGATACCCTTGGTAGTCCACACAGTAAACGATGAATACTCGCTGTTTGCGATATACAGCAAGCGGCCAAGCGAAAGCATTAAGTATTCCACCTGGGGAGTACGCCGGCAACGGTGAAACTCAAAGGAATTGACGGGGGCCCGCACAAGCGGAGGAACATGTGGTTTAATTCGATGATACGCGAGGAACCTTACCCGGGCTTAAATTGCAACTGACGGATTTGGAAACAGATCTTCCTTCGGGCAG","AGGATTAGATACCCTTGGTAGTCCACACAGTAAACGATGAATACTCGCTGTTTGCGATATACAGTAAGCGGCCAAGCGAAAGCATTAAGTATTCCACCTGGGGAGTACGCCGGCAACGGTGAAACTCAAAGGAATTGACGGGGGCCCGCACAAGCGGAGGAACATGTGGTTTAATTCGATGATACGCGAGGAACCTTACCCGGGCTTAAATTGCAGTGGAATGATGTGGAAACATGTCAGTGAGCAATCA","AGGATTAGATACCCTGGGTAGTCCACGCCGTAAACGGTGGATGCTGGATGTGGGGCCCGTTCCACGGGTTCCGTGTCGGAGCTAACGCGTTAAGCATCCCGCCTGGGGAGTACGGCCGCAAGGCTAAAACTCAAAGAAATTGACGGGGCCCGCACAAGCGGCGGAGCATGCGGATTAATTCGATGCAACGCGAAGAACCTTACCTGGGCTTGACATGTTCCCGACGGCCGTAGAGATACGGCTTCCCTTC","AGGATTAGATACCCTTGGTAGTCCACGCCGTAAACGATGTCAATTTGAAGCTTGGGCCGAAGAGTCTGGGTTTCGAAGCTAACGCGATAAATTGACCGCCTGGGGAGTACGGCCGCAAGGTTAAAACTCAAATGAATTGACGGGGCCCGCACAAGCGGTGGAGCATGTGGTTTAATTCGATGCAACGCGAAGAACCTTACCTGAACTTGACATAGTAGGAATCTTTAAGAGATTAGAGAGTGCCGCAAGG","GATTAGATACCCTGGGTAGTCCACGCCGTAAACGATGATTACTAGGTGTTGGTGGGTACGACCCATCGGTGCCGCAGCAAACGCAATAAGTAATCCACCTGGGGAGTACGTTCGCAAGAATGAAACTCAAAGGAATTGACGGGACCCGCACAAGCGGTGGAGCATGTGGTTTAATTCGAAGCAACGCGAAGAACCTTACCTGGTCTTGACATCCCTATGAATAACGGGCAATGCCGTTAGTACTTCGGTA","GATTAGATACCCTTGGTAGTCCGCACGGTAAACGATGGATGCCCGCTGTTGGTTCACCTGAATCAGCGGCCAAGCGAAAGCATTAAGCATCCCACCTGGGGAGTACGCCGGCAACGGTGAAACTCAAAGGAATTGACGGGGGCCCGCACAAGCGGAGGAACATGTGGTTTAATTCGATGATACGCGAGGAACCTTACCCGGGCTTGAATTGCAGAGGAAGGATTTGGAGACAATGACGCCCTTCGGGGCC","GGATTAGATACCCTTGGTAGTCCACGCCGTAAACGATGAATACTAGGTGTCGGGGCCCATAAGGGCTTCGGTGCCGCAGCAAACGCAATAAGTATTCCACCTGGGGAGTACGTTCGCAAGAATGAAACTCAAAGGAATTGACGGGACCCGCACAAGCGGTGGAGCATGTGGTTTAATTCGAAGCAACGCGAAGAACCTTACCAAGTCTTGACATCCCACTGACCGGACAGTAATGTGTCCTTTCCTTCGG","AGGATTAGATACCCTTGGTAGTCCACACGGTAAACGATGAATACTCGCTGTTTGCGATATACGGCAAGCGGCCAAGCGAAAGCGTTAAGTATTCCACCTGGGGAGTACGCCGGCAACGGTGAAACTCAAAGGAATTGACGGGGCCCGCACAAGCGGAGGAACATGTGGTTTAATTCGATGATACGCGAGGAACCTTACCCGGGCTTAAATTGCAGATGAATTACGGTGAAAGCCGTAAGCCGCAAGGCAT","GATTAGATACCCTTGGTAGTCCACGCCGTAAACGATGAGTGCTAGGTGTTGGATCCTTTCCGGGATTCAGTGCCGCAGCTAACGCATTAAGCACTCCGCCTGGGGAGTACGACCGCAAGGTTGAAACTCAAAGGAATTGACGGGGGCCCGCACAAGCGGTGGAGCATGTGGTTTAATTCGAAGCAACGCGAAGAACCTTACCAGGTCTTGACATCCCGATGCTATTTCTAGAGATAGAAAGTTACTTCGG","GATTAGATACCCTTGGTAGTCCACGCCGTAAACGGTGGATGCTGGATGTGGGGACCATTCCACGGTCTCCGTGTCGGAGCCAACGCGTTAAGCATCCCGCCTGGGGAGTACGGCCGCAAGGCTAAAACTCAAAGAAATTGACGGGGCCCGCACAAGCGGCGGAGCATGCGGATTAATTCGATGCAACGCGAAGAACCTTACCTGGGCTTGACATGTTCCCGACAGCCGTAGAGATACGGTCTCCCTTCGG","GGATTAGATACCCTGGGTAGTCCACGCCGTAAACGGTGGATGCTGGATGTGGGGCCCGTTCCACGGGTTCCGTGTCGGAGCTAACGCGTTAAGCATCCCGCCTGGGGAGTACGGCCGCAAGGCTAAAACTCAAAGAAATTGACGGGGCCCGCACAAGCGGCGGAGCATGCGGATTAATTCGATGCAACGCGAAGAACCTTACCTGGGCTTGACATGTTCCCGACAGCCGTAGAGATACGGCCTCCCTTCG","GATTAGATACCCTGGGTAGTCCATGCTGTAAACGATGAATGCTAGTTGTCGGCAAAAGCCGGTGACGCAGTTAACGCGATAAGCATTCCGCCTGGGGAGTACGGTCGCAAGATTAAAACTCAAAGGAATTGACGGGACCCGCACAAGCGGTGGAGCATGTGGTTTAATTCGATGCAACGCGAAGAACCTTACCAACTCTTGACATCCTCATCGGGGCTTTCAGAGATGAGAGCTTTCAGTTAGGCTGGAT","GATTAGATACCCTTGGTAGTCCACGCCGTAAACGGTGGATGCTGGATGTGGGGCCCGTTCCACGGGTTCCGTGTCGGAGCTAACGCGTTAAGCATCCCGCCTGGGGAGTACGGCCGCAAGGCTAAAACTCAAAGAAATTGACGGGGCCCGCACAAGCGGCGGAGCATGCGGATTAATTCGATGCAACGCGAAGAACCTTACCTGGGCTTGACATGTTCCCGACGATCCCAGAGATGGGGTTTCCCTTCGG","GGATTAGATACCCTTGGTAGTCCACGCCGTAAACGATGAATACTAGGTGTCGGGGCCCATAAGGGCTTCGGTGCCGCAGCAAACGCAATAAGTATTCCACCTGGGGAGTACGTTCGCAAGAATGAAACTCAAAGGAATTGACGGGGACCCGCACAAGCGGTGGAGCATGTGGTTTAATTCGAAGCAACGCGAAGAACCTTACCAAGTCTTGACATCCCACTGACCGGACAGTAATGTGTCCTTTCCTTCG","GGATTAGATACCCTTGGTAGTCCATGCCGTAAACGATGATTACTAGGTGTTGGGGGATTGACCCCCTCAGTGCCGCAGTTAACACAATAAGTAATCCACCTGGGGAGTACGACCGCAAGGTTGAAACTCAAAGGAATTGACGGGGCCCGCACAAGCAGTGGAGTATGTGGTTTAATTCGAAGCAACGCGAAGAACCTTACCAGGTCTTGACATCCGATGCATAACACAGAGATGTGTGAAATCCTTCGGG","AGGATTAGATACCCTTGGTAGTCCGCGCGGTAAACGATGGATGCCCGCTATTTGCGCATTAGCGCAAGTGGCCAAGTGAAAACGTTAAGCATCCCACCTGGGGAGTACGCCGGCAACGGTGAAACTCAAAGGAATTGACGGGGCCCGCACAAGCGGAGGAACATGTGGTTTAATTCGATGATACGCGAGGAACCTTACCCGGGCTTGAATTGCAGAGGAAAGATCCAGAGATGGTGATGCCCTTCGGGGC","AGGATTAGATACCCTTGGTAGTCCACGCCGTAAACGATGAATGCTAATTGTTCGGGGTATCGACCCCTTGAGTAATAAAGCTAACGCGTTAAGCATTCCGCCTGTGGAGTACGGCCGCAAGGCTAAAACATAAAGGAATTGACGGGACCCGCACAAGCGGTGGAGGATGTTCTTTAATTCGATGATAAGCGAAGAACCTTACCAGGGCTTGACATCCCTAGAATTTCTCCGAAAGGAGAGAGTGCTTTTA","GGATTAGATACCCTTGGTAGTCCACGCCGTAAACGGTGGATGCTGGATGTGGGGCCCGTTCCACGGGTTCCGTGTCGGAGCTAACGCGTTAAGCATCCCGCCTGGGGAGTACGGCCGCAAGGCTAAAACTCAAAGAAATTGACGGGGCCCGCACAAGCGGCGGAGCATGCGGATTAATTCGATGCAACGCGAAGAACCTTACCTGGGCTTGACATGTTCCCGACAGCCGTAGAGATACGGCCTCCCTTCG","AGGATTAGATACCCTGGGTAGTCCACGCCGTAAACGATGTCAATTTGAAGCTTGGGCCGAAGAGTCTGGGTTTCGAAGCTAACGCGATAAATTGACCGCCTGGGGAGTACGGCCGCAAGGTTAAAACTCAAATGAATTGACGGGGCCCGCACAAGCGGTGGAGCATGTGGTTTAATTCGATGCAACGCGAAGAACCTTACCTGAACTTGACATAGTAGGAATCTTTAAGAGATTAGAGAGTGCCGCAAGG","AGGATTAGATACCCTGGGTAGTCCACGCCGTAAACGATGAATACTAGGTGTAGGAGGTATCGACCCCTTCTGTGCCGGAGCTAACACAATAAGTATTCCGCCTGGGAAGTACGATCGCAAGATTAAAACTCAAAGGAATTGACGGGGCCCGCACAAGCGGTGGAGTATGTGGTTTAATTCGACGCAACGCGAAGAACCTTACCAGGTCTTGACATTGATCGCTATTCCAAGAAATTGGAAGTTCCTCTTC","GATTAGATACCCTGGGTAGTCCACGCCGTAAACGATGAATACTAGGTGTCGGGGAGCATTGCTCTTCGGTGCCGCAGCAAACGCAATAAGTATTCCACCTGGGGAGTACGTTCGCAAGAATGAAACTCAAAGGAATTGACGGGGACCCGCACAAGCGGTGGAGCATGTGGTTTAATTCGAAGCAACGCGAAGAACCTTACCAAGTCTTGACATCCCGATGACAGAACATGTAATGTGTTTTCTCTTCGGA","GGATTAGATACCCTTGGTAGTCCACGCCGTAAACGATGAATACTAGGTGTTGGGGGACAAAGTCCTTCGGTGCCGTCGCAAACGCAATAAGTATTCCACCTGGGGAGTACGTTCGCAAGAATGAAACTCAAAGGAATTGACGGGACCCGCACAAGCGGTGGAGCATGTGGTTTAATTCGAAGCAACGCGAAGAACCTTACCAAATCTTGACATCCCTCTGACCGGCGAGTAATGTCGCCTTTCCTTCGGG","AGGATTAGATACCCTTGGTAGTCCGCACGGTAAACGATGGATGCCCGCTGTTGGCTTGAATTAGTCAGCGGCCAAGCGAAAGCATTAAGCATCCCACCTGGGGAGTACGCCGGCAACGGTGAAACTCAAAGGAATTGACGGGGCCCGCACAAGCGGAGGAACATGTGGTTTAATTCGATGATACGCGAGGAACCTTACCCGGGCTTGAATTGCAGAGGAAGGATTTGGAGACAATGACGCCCCTCGGGGC","GATTAGATACCCTGGGTAGTCCACGCCGTAAACGATGAATACTAGGTGTCGGGGAGCATTGCTCTTCGGTGCCGCAGCAAACGCAATAAGTATTCCACCTGGGGAGTACGTTCGCAAGAATGAAACTCAAAGGAATTGACGGGGACCCGCACAAGCGGTGGAGCATGTGGTTTAATTCGAAGCAACGCGAAGAACCTTACCAAGTCTTGACATCCCGATGACAGAGTATGTAATGTACTTTCTCTTCGGA","GGATTAGATACCCTGGGTAGTCCACGCCGTAAACGATGAATACTAGGTGTTGGGAAGCATTGCTTCTCGGTGCCGTCGCAAACGCAGTAAGTATTCCACCTGGGGAGTACGTTCGCAAGAATGAAACTCAAAGGAATTGACGGGGACCCGCACAAGCGGTGGAGCATGTGGTTTAATTCGAAGCAACGCGAAGAACCTTACCAAGTCTTGACATCCTTCTGACCGGTACTTAATCGTACCTTCTCTTCGG","GATTAGATACCCTTGGTAGTCCATGCTGTAAACGATGAATGCTAGTTGTCGGCAAAAGCCGGTGACGCAGTTAACGCGATAAGCATTCCGCCTGGGGAGTACGGTCGCAAGATTAAAACTCAAAGGAATTGACGGGACCCGCACAAGCGGTGGAGCATGTGGTTTAATTCGATGCAACGCGAAGAACCTTACCAACTCTTGACATCCTCATCGGGGCTTTCAGAGATGAGAGCTTTCAGTTAGGCTGGAT","GGATTAGATACCCTGGGTAGTCCATGCCGTAAACGATGATTACTAGGTGTTGGGGGATTGACCCCCTCAGTGCCGCAGTTAACACAATAAGTAATCCACCTGGGGAGTACGACCGCAAGGTTGAAACTCAAAGGAATTGACGGGGCCCGCACAAGCAGTGGAGTATGTGGTTTAATTCGAAGCAACGCGAAGAACCTTACCAGGTCTTGACATCCGATGCATAACACAGAGATGTGTGAAATCCTTCGGG","GATTAGATACCCTGGGTAGTCCACACTGTAAACGATGATTACTAGGTGTTGGAGGATTGACCCCTTCAGTGCCGCAGTTAACACAATAAGTAATCCACCTGGGGAGTACGACCGCAAGGTTGAAACTCAAAGGAATTGACGGGGCCCGCACAAGCAGTGGAGTATGTGGTTTAATTCGACGCAACGCGAAGAACCTTACCAAGTCTTGACATCCTGCGACGGTGCTGGAAACAGTACTTTCCTTCGGGAC","GATTAGATACCCTTGGTAGTCCACACGGTAAACGATGAATACTCGCTGTTTGCGATATACGGCAAGCGGCCAAGCGAAAGCGTTAAGTATTCCACCTGGGGAGTACGCCGGCAACGGTGAAACTCAAAGGAATTGACGGGGCCCGCACAAGCGGAGGAACATGTGGTTTAATTCGATGATACGCGAGGAACCTTACCCGGGCTTAAATTGCAGATGAATTACGGTGAAAGCCGTAAGCCGCAAGGCATCT","GATTAGATACCCTGGGTAGTCCACGCCGTAAACGATGAATACTAGGTGTCGGGGCCCATAAGGGCTTCGGTGCCGCAGCAAACGCAATAAGTATTCCACCTGGGGAGTACGTTCGCAAGAATGAAACTCAAAGGAATTGACGGGGACCCGCACAAGCGGTGGAGCATGTGGTTTAATTCGAAGCAACGCGAAGAACCTTACCAAGTCTTGACATCCCACTGACCGGACAGTAATGTGTCCTTTCCTTCGG","AGGATTAGATACCCTGGGTAGTCCACGCGGTAAACGATGGATGCTCGCTGTTTGCGTCTGACGTAAGCGGCCAAGCGAAAGCGTTAAGCATCCCACCTGGGGAGTACGCCGGCAACGGTGAAACTCAAAGGAATTGACGGGGCCCGCACAAGCGGAGGAACATGTGGTTTAATTCGATGATACGCGAGGAACCTTACCCGGGCTTGAACTGCAGCGGACGGATACAGAGATGTTGACTCCCTTCGGGGCC","GATTAGATACCCTGGGTAGTCCACGCGGTAAACGATGGATGCTCGCTGTTTGCGTCTGACGTAAGCGGCCAAGCGAAAGCGTTAAGCATCCCACCTGGGGAGTACGCCGGCAACGGTGAAACTCAAAGGAATTGACGGGGCCCGCACAAGCGGAGGAACATGTGGTTTAATTCGATGATACGCGAGGAACCTTACCCGGGCTTGAACTGTAGGCGAACGATTCAGAGATGATGAGGTCCTTCGGGACGCC","GATTAGATACCCTTGGTAGTCCACGCCGTAAACGATGAATACTAGGTGTGGGGGTTTCAACACCTCCGTGCCGCCGCTAACGCATTAAGTATTCCGCCTGGGGAGTACGGTCGCAAGATTAAAACTCAAAGGAATTGACGGGACCCGCACAAGTAGCGGAGCATGTGGTTTAATTCGAAGCAACGCGAAGAACCTTACCTACACTTGACATCCCTTGCATTACTCTTAATCGAGGAAATCCCTTCGGGGA","GGATTAGATACCCTGGGTAGTCCACACAGTAAACGATGAATACTCGCTGTTTGCGATATACAGCAAGCGGCCAAGCGAAAGCATTAAGTATTCCACCTGGGGAGTACGCCGGCAACGGTGAAACTCAAAGGAATTGACGGGGGCCCGCACAAGCGGAGGAACATGTGGTTTAATTCGATGATACGCGAGGAACCTTACCCGGGCTTAAATTGCAACTGACGGATTTGGAAACAGATCTTCCTTCGGGCAG","GATTAGATACCCTTGGTAGTCCACGCCGTAAACGATGAATACTAGGTGTCGGGGAGCATTGCTCTTCGGTGCCGCAGCAAACGCAATAAGTATTCCACCTGGGGAGTACGTTCGCAAGAATGAAACTCAAAGGAATTGACGGGGACCCGCACAAGCGGTGGAGCATGTGGTTTAATTCGAAGCAACGCGAAGAACCTTACCAAGTCTTGACATCCCGATGACAGAACATGTAATGTGTTTTCTCTTCGGA","GGATTAGATACCCTTGGTAGTCCACGCCGTAAACGATGAGTGCTAGGTGTTGGATCCTTTCCGGGATTCAGTGCCGCAGCTAACGCATTAAGCACTCCGCCTGGGGAGTACGACCGCAAGGTTGAAACTCAAAGGAATTGACGGGGGCCCGCACAAGCGGTGGAGCATGTGGTTTAATTCGAAGCAACGCGAAGAACCTTACCAGGTCTTGACATCCCGATGCTATTTCTAGAGATAGAAAGTTACTTCG","GATTAGATACCCTGGGTAGTCCACGCTGTAAACGATGATTACTAGGTGTGGGGGGTCTGACCCCTTCCGTGCCGGAGTTAACACAATAAGTAATCCACCTGGGGAGTACGGCCGCAAGGTTGAAACTCAAAGGAATTGACGGGGCCCGCACAAGCAGTGGAGTATGTGGTTTAATTCGAAGCAACGCGAAGAACCTTACCAGGTCTTGACATCCAACTAACGAAGTAGAGATACATTAGGTGCCCTTCGG","GATTAGATACCCTGGGTAGTCCACGCCGTAAACGATGAATACTAGGTGTGGGGGTTTCAACACCTCCGTGCCGCCGCTAACGCATTAAGTATTCCGCCTGGGGAGTACGGTCGCAAGATTAAAACTCAAAGGAATTGACGGGACCCGCACAAGTAGCGGAGCATGTGGTTTAATTCGAAGCAACGCGAAGAACCTTACCTACACTTGACATCCCTTGCATTACTCTTAATCGAGGAAATCCCTTCGGGGA","GGATTAGATACCCTTGGTAGTCCACACGGTAAACGATGGATACTCGCTGTTGGCGATATACTGTCAGCGGCCAAGCGAAAGCATTAAGTATCCCACCTGGGGAGTACGCCGGCAACGGTGAAACTCAAAGGAATTGACGGGGGCCCGCACAAGCGGAGGAACATGTGGTTTAATTCGATGATACGCGAGGAACCTTACCCGGGCTTAAATTGCAGACGAATTACGAGGAAACTTGTAAGCCGCAAGGCGT","GGATTAGATACCCTTGGTAGTCCACGCAGTAAACGATGATAACTCGTTGTCGGCGATACACAGTCGGTGACTAAGCGAAAGCGATAAGTTATCCACCTGGGGAGTACGTTCGCAAGAATGAAACTCAAAGGAATTGACGGGGCCCGCACAAGCGGAGGAACATGTGGTTTAATTCGATGATACGCGAGGAACCTTACCCGGGCTTGAAAGTTAGCGACGATTCTTGAAAGAGGATTTCCCTTCGGGGCGC","GGATTAGATACCCTTGGTAGTCCACGCAGTAAACGATGAATACTAACTGTTTGCGATACAATGTAAGCGGTACAGCGAAAGCGTTAAGTATTCCACCTGGGGAGTACGCCGGCAACGGTGAAACTCAAAGGAATTGACGGGGCCCGCACAAGCGGAGGAACATGTGGTTTAATTCGATGATACGCGAGGAACCTTACCCGGGCTCAAACGCAGGGGGAATGTCGGTGAAAGCCGGCAGCTAGTAATAGTC","AGGATTAGATACCCTTGGTAGTCCACACTGTAAACGATGATTACTAGGTGTTGGAGGATTGACCCCTTCAGTGCCGCAGTTAACACAATAAGTAATCCACCTGGGGAGTACGACCGCAAGGTTGAAACTCAAAGGAATTGACGGGGCCCGCACAAGCAGTGGAGTATGTGGTTTAATTCGACGCAACGCGAAGAACCTTACCAAGTCTTGACATCCTGCGACGGTGCTGGAAACAGTACTTTCCTTCGGG","AGGATTAGATACCCTTGGTAGTCCACGCCGTAAACGATGTCAATTAGGAGCTTGGGCAATAGTCTGGGTTCCGCAGCTAACGCAATAAATTGACCGCCTGGGGAGTACGGCCGCAAGGTTAAAACTCAAATGAATTGACGGGGCCCGCACAAGCGGTGGAGCATGTGGTTTAATTCGACGCAACGCGAAGAACCTTACCTGATCTTGACATCGTAAGAACCTCACTGAAGGGTGAGGGTGCCTTCGGGAA","GGATTAGATACCCTGGGTAGTCCACGCAGTAAACGATGATAACTCGTTGTCGGCGATACACAGTCGGTGACTAAGCGAAAGCGATAAGTTATCCACCTGGGGAGTACGTTCGCAAGAATGAAACTCAAAGGAATTGACGGGGCCCGCACAAGCGGAGGAACATGTGGTTTAATTCGATGATACGCGAGGAACCTTACCCGGGCTTGAAAGTTAGCGACGATTCTTGAAAGAGGATTTCCCTTCGGGGCGC","AGGATTAGATACCCTTGGTAGTCCGCACAGTAAACGATGGATGCCCGCTGTGTGCCTTAATGGTACGCGGCCAAGCGAAAGCGTTAAGCATCCCACCTGGGGAGTACGCCGGCAACGGTGAAACTCAAAGGAATTGACGGGGCCCGCACAAGCGGAGGAACATGTGGTTTAATTCGATGATACGCGAGGAACCTTACCCGGGCTTGAATTGCAGAAGACGGATCCAGAGATGGTGACTCCCTTCGGGGCT","GATTAGATACCCTGGGTAGTCCACGCCGTAAACGGTGGATGCTGGATGTGGGGCCCGTTCCACGGGTTCCGTGTCGGAGCTAACGCGTTAAGCATCCCGCCTGGGGAGTACGGCCGCAAGGCTAAAACTCAAAGAAATTGACGGGGCCCGCACAAGCGGCGGAGCATGCGGATTAATTCGATGCAACGCGAAGAACCTTACCTGGGCTTGACATGTTCCCGACAGCCGTAGAGATACGGCCTCCCTTCGG","GATTAGATACCCTTGGTAGTCCACGCCGTAAACGATGTCGATTTGGAGGTTGTGCCCTTGAGGCGTGGCTTCCGGAGCTAACGCGTTAAATCGACCGCCTGGGGAGTACGGCCGCAAGGTTAAAACTCAAATGAATTGACGGGGCCCGCACAAGCGGTGGAGCATGTGGTTTAATTCGATGCAACGCGAAGAACCTTACCTGGTCTTGACATCCACAGAACTTTCCAGAGATGGATTGGTGCCTTCGGGA","GATTAGATACCCTGGGTAGTCCGCACGGTAAACGATGGATGCCCGCTGTTGGTTCACCTGAATCAGCGGCCAAGCGAAAGCATTAAGCATCCCACCTGGGGAGTACGCCGGCAACGGTGAAACTCAAAGGAATTGACGGGGGCCCGCACAAGCGGAGGAACATGTGGTTTAATTCGATGATACGCGAGGAACCTTACCCGGGCTTGAATTGCAGAGGAAGGATTTGGAGACAATGACGCCCTTCGGGGCC","GGATTAGATACCCTGGGTAGTCCACGCCGTAAACGATGAATACTAGGTGTCGGGGCCCATAAGGGCTTCGGTGCCGCAGCAAACGCAATAAGTATTCCACCTGGGGAGTACGTTCGCAAGAATGAAACTCAAAGGAATTGACGGGGACCCGCACAAGCGGTGGAGCATGTGGTTTAATTCGAAGCAACGCGAAGAACCTTACCAAGTCTTGACATCCCACTGACCGGACAGTAATGTGTCCTTTCCTTCG","AGGATTAGATACCCTGGGTAGTCCACACCGTAAACGATGATTACTAGGTGTTGGAGGATTGACCCCTTCAGTGCCGCAGTTAACACAATAAGTAATCCACCTGGGGAGTACGACCGCAAGGTTGAAACTCAAAGGAATTGACGGGGCCCGCACAAGCAGTGGAGTATGTGGTTTAATTCGACGCAACGCGAAGAACCTTACCAAGTCTTGACATCCTGCGACGGACATAGAAATATGTCTTTCCTTCGGG","GATTAGATACCCTTGGTAGTCCACGCTGTAAACGATGATTACTAGGTGTGGGGGTCTGACCCCTTCCGTGCCGGAGTTAACACAATAAGTAATCCACCTGGGGAGTACGGCCGCAAGGTTGAAACTCAAAGGAATTGACGGGGCCCGCACAAGCAGTGGAGTATGTGGTTTAATTCGAAGCAACGCGAAGAACCTTACCAGGTCTTGACATCCTACTAACGAGATAGAGATATGTTAGGTGCCCTTCGGG","GATTAGATACCCTGGGTAGTCCGCACAGTAAACGATGAATACTCGCGATTTGCGATACACAGTAAGTCGCCAAGCGAAAGCGTTAAGTATTCCACCTGGGGAGTACGCCGGCAACGGTGAAACTCAAAGGAATTGACGGGGCCCGCACAAGCGGAGGAACATGTGGTTTAATTCGATGATACGCGAGGAACCTTACCCGGGCTTGAACTGCCAGTGACGGTAGCAGAGACGCTACTTTCTTCGGACACTG","GGATTAGATACCCTTGGTAGTCCACGCCGTAAACGATGATTGCTAGGTGTAGGTGGGTATGGACCCATCGGTGCCGCAGCTAACGCAATAAGCAATCCACCTGGGGAGTACGTTCGCAAGAATGAAACTCAAAGGAATTGACGGGGACCCGCACAAGCGGTGGAGCATGTGGTTTAATTCGAAGCAACGCGAAGAACCTTACCAGGTCTTGACATCCCGATGAAAAACCCGTAACGGGGTTCCCTCTTCG","GATTAGATACCCTTGGTAGTCCACGCCGTAAACGATGAATACTAGGTGTCGGGGCCCATAAGGGCTTCGGTGCCGCAGCAAACGCAATAAGTATTCCACCTGGGGAGTACGTTCGCAAGAATGAAACTCAAAGGAATTGACGGGACCCGCACAAGCGGTGGAGCATGTGGTTTAATTCGAAGCAACGCGAAGAACCTTACCAAGTCTTGACATCCCACTGACCGGACAGTAATGTGTCCTTTCCTTCGGG","GGATTAGATACCCTTGGTAGTCCACGCCGTAAACGATGAATACTAGGTGTCAGGGAGCACAGCTCTTTGGTGCCGCCGCAAACGCATTAAGTATTCCACCTGGGGAGTACGTTCGCAAGAATGAAACTCAAAGGAATTGACGGGGACCCGCACAAGCGGTGGAGCATGTGGTTTAATTCGAAGCAACGCGAAGAACCTTACCAAATCTTGACATCCCTCTGACCGGGACTTAACCGTCCCTTTCCTTCGG","GATTAGATACCCTGGGTAGTCCACGCCGTAAACGATGAATACTAGGTGTCAGGGAGCACAGCTCTTTGGTGCCGCCGCAAACGCATTAAGTATTCCACCTGGGGAGTACGTTCGCAAGAATGAAACTCAAAGGAATTGACGGGGACCCGCACAAGCGGTGGAGCATGTGGTTTAATTCGAAGCAACGCGAAGAACCTTACCAAATCTTGACATCCCTCTGACCGGGACTTAACCGTCCCTTTCCTTCGGG","GATTAGATACCCTGGGTAGTCCACGCCGTAAACGATGAATACTAGGTGTCGGGTGGCAAAGCCATTCGGTGCCGCAGCAAACGCAATAAGTATTCCACCTGGGGAGTACGTTCGCAAGAATGAAACTCAAAGGAATTGACGGGGACCCGCACAAGCGGTGGAGCATGTGGTTTAATTCGAAGCAACGCGAAGAACCTTACCTGGTCTTGACATCCCTCTGACCGCTCTTTAATCGGAGCTTTCCTTCGGG","GATTAGATACCCTGGGTAGTCCACGCCGTAAACGGTGGATGCTGGATGTGGGGCCCGTTCCACGGGTTCCGTGTCGGAGCTAACGCGTTAAGCATCCCGCCTGGGGAGTACGGCCGCAAGGCTAAAACTCAAAGAAATTGACGGGGCCCGCACAAGCGGCGGAGCATGCGGATTAATTCGATGCAACGCGAAGAACCTTACCTGGGCTTGACATGTTCCCGACGATCCCAGAGATGGGGTTTCCCTTCGG","AGGATTAGATACCCTTGGTAGTCCACGCCGTAAACGATGTCGACTTGGAGGTTGTGCCCTTGAGGCGTGGCTTCCGGAGCTAACGCGTTAAGTCGACCGCCTGGGGAGTACGGCCGCAAGGTTAAAACTCAAATGAATTGACGGGGCCCGCACAAGCGGTGGAGCATGTGGTTTAATTCGATGCAACGCGAAGAACCTTACCTGGTCTTGACATCCACGGAAGTTTTCAGAGATGAGAATGTGCCTTCGG","GATTAGATACCCTTGGTAGTCCACACCGTAAACGATGATTACTAGGTGTTGGAGGATTGACCCCTTCAGTGCCGCAGTTAACACAATAAGTAATCCACCTGGGGAGTACGACCGCAAGGTTGAAACTCAAAGGAATTGACGGGGCCCGCACAAGCAGTGGAGTATGTGGTTTAATTCGACGCAACGCGAAGAACCTTACCAAGTCTTGACATCCTGCGACGGACATAGAAATATGTCTTTCCTTCGGGAC","GATTAGATACCCTGGGTAGTCCACGCCGTAAACGATGAATGCTAGGTGTTGGGGAGCAAAGCTCTTCGGTGCCGCCGCAAACGCATTAAGCATTCCACCTGGGGAGTACGTTCGCAAGAATGAAACTCAAAGGAATTGACGGGGACCCGCACAAGCGGTGGAGCATGTGGTTTAATTCGAAGCAACGCGAAGAACCTTACCAGGTCTTGACATCCCGATGACCGGCCCGTAACGGGGCCTTCTCTTCGGA","GATTAGATACCCTGGGTAGTCCGCGCGGTAAACGATGGATGCCCGCTGTTGGGCCAACTGGTTCAGCGGCCAAGCGAAAGCATTAAGCATCCCACCTGGGGAGTACGCCGGCAACGGTGAAACTCAAAGGAATTGACGGGGGCCCGCACAAGCGGAGGAACATGTGGTTTAATTCGATGATACGCGAGGAACCTTACCCGGGCTTGAATTGCAGAGGAAGGATTTGGAGACAATGACGCCCTTCGGGGCC","AGGATTAGATACCCTTGGTAGTCCACACCGTAAACGATGATTACTAGGTGTTGGAGGATTGACCCCTTCAGTGCCGCAGTTAACACAATAAGTAATCCACCTGGGGAGTACGACCGCAAGGTTGAAACTCAAAGGAATTGACGGGGCCCGCACAAGCAGTGGAGTATGTGGTTTAATTCGACGCAACGCGAAGAACCTTACCAAGTCTTGACATCCTGCGACGGACATAGAAATATGTCTTTCCTTCGGG","GGATTAGATACCCTGGGTAGTCCACACAGTAAACGATGAATACTCGCTGTTTGCGATATACAGTAAGCGGCCAAGCGAAAGCATTAAGTATTCCACCTGGGGAGTACGCCGGCAACGGTGAAACTCAAAGGAATTGACGGGGGCCCGCACAAGCGGAGGAACATGTGGTTTAATTCGATGATACGCGAGGAACCTTACCCGGGCTTAAATTGCAGTGGAATGATGTGGAAACATGTCAGTGAGCAATCAC","GATTAGATACCCTTGGTAGTCCACGCCGTAAACGATGAATACTAGGTGTCGGGTGGCAAAGCCATTCGGTGCCGCAGCAAACGCAATAAGTATTCCACCTGGGGAGTACGTTCGCAAGAATGAAACTCAAAGGAATTGACGGGGACCCGCACAAGCGGTGGAGCATGTGGTTTAATTCGAAGCAACGCGAAGAACCTTACCTGGTCTTGACATCCCTCTGACCGCTCTTTAATCGGAGCTTTCCTTCGGG","GATTAGATACCCTGGGTAGTCCACACAGTAAACGATGAATACTCGCTGTTTGCGATATACAGTAAGCGGCCAAGCGAAAGCATTAAGTATTCCACCTGGGGAGTACGCCGGCAACGGTGAAACTCAAAGGAATTGACGGGGGCCCGCACAAGCGGAGGAACATGTGGTTTAATTCGATGATACGCGAGGAACCTTACCCGGGCTTAAATTGCATTTGAATAATCTGGAAACAGGTTAGCCGCAAGGCAAA","GGATTAGATACCCTGGGTAGTCCACGCCGTAAACGATGAATACTAGGTGTCAGGGAGCACAGCTCTTTGGTGCCGCCGCAAACGCATTAAGTATTCCACCTGGGGAGTACGTTCGCAAGAATGAAACTCAAAGGAATTGACGGGGACCCGCACAAGCGGTGGAGCATGTGGTTTAATTCGAAGCAACGCGAAGAACCTTACCAAATCTTGACATCCCTCTGACCGGGACTTAACCGTCCCTTTCCTTCGG","GATTAGATACCCTGGGTAGTCCGCACGGTAAACGATGGATGCCCGCTGTTGGTCTGGATAGGTCAGCGGCCAAGCGAAAGCATTAAGCATCCCACCTGGGGAGTACGCCGGCAACGGTGAAACTCAAAGGAATTGACGGGGGCCCGCACAAGCGGAGGAACATGTGGTTTAATTCGATGATACGCGAGGAACCTTACCCGGGCTTGAATTGCAGAGGAAGGATTTGGAGACAATGACGCCCTTCGGGGCC","GATTAGATACCCTGGGTAGTCCACGCAGTAAACGATGAATACTAACTGTTTGCGATACAATGTAAGCGGTACAGCGAAAGCGTTAAGTATTCCACCTGGGGAGTACGCCGGCAACGGTGAAACTCAAAGGAATTGACGGGGCCCGCACAAGCGGAGGAACATGTGGTTTAATTCGATGATACGCGAGGAACCTTACCCGGGCTCAAACGCAGGGGGAATATATATGAAAGTATATAGCTAGCAATAGTCA","GGATTAGATACCCTGGGTAGTCCACACGGTAAACGATGGATACTCGCTGTTGGCGATATACTGTCAGCGGCCAAGCGAAAGCATTAAGTATCCCACCTGGGGAGTACGCCGGCAACGGTGAAACTCAAAGGAATTGACGGGGGCCCGCACAAGCGGAGGAACATGTGGTTTAATTCGATGATACGCGAGGAACCTTACCCGGGCTTAAATTGCAGACGAATTACGAGGAAACTTGTAAGCCGCAAGGCGT","GATTAGATACCCTGGGTAGTCCACGCCGTAAACGATGAATACTAGGTGTCGGGTGGCAAAGCCATTCGGTGCCGCAGCAAACGCAATAAGTATTCCACCTGGGGAGTACGTTCGCAAGAATGAAACTCAAAGGAATTGACGGGACCCGCACAAGCGGTGGAGCATGTGGTTTAATTCGAAGCAACGCGAAGAACCTTACCTGGTCTTGACATCCCTCTGACCGCTCTTTAATCGGAGCTTTCCTTCGGGA","GATTAGATACCCTGGGTAGTCCACGCCCTAAACGATGTCTACTAGTTGTTGGGGACGATAGTCCTTGGTAACGCAGCTAACGCGTGAAGTAGACCGCCTGGGGAGTACGGTCGCAAGATTAAAACTCAAAGGAATTGACGGGACCCGCACAAGCGGTGGATGATGTGGATTAATTCGATGCAACGCGAAAACCTTACCTAGCCTTGACATGCCAGGAAGGCCTGAGAGATCAGGCCGTGCCCGCAAGGGA","GGATTAGATACCCTTGGTAGTCCACGCCGTAAACGATGAATACTAGGTGTCGGAAAGCACAGCTTTTCGGTGCCGCCGCAAACGCATTAAGTATTCCACCTGGGGAGTACGTTCGCAAGAATGAAACTCAAAGGAATTGACGGGACCCGCACAAGCGGTGGAGCATGTGGTTTAATTCGAAGCAACGCGAAGAACCTTACCAAGTCTTGACATCCCGGTGACCGGACAGTAATGTGTCCTTTTCTTCGGA","GATTAGATACCCTGGGTAGTCCGCACGGTAAACGATGGATGCCCGCTGTTGGTCTGAATAGGTCAGCGGCCAAGCGAAAGCATTAAGCATCCCACCTGGGGAGTACGCCGGCAACGGTGAAACTCAAAGGAATTGACGGGGCCCGCACAAGCGGAGGAACATGTGGTTTAATTCGATGATACGCGAGGAACCTTACCCGGGCTTGAATTGCAGAGGAAGGATTTGGAGACAATGACGCCCTTCGGGGTCG","AGGATTAGATACCCTGGGTAGTCCATGCCGTAAACGATGATTACTAGGTGTTGGAGGATTGACCCCTTCAGTGCCGCAGTTAACACAATAAGTAATCCACCTGGGGAGTACGACCGCAAGGTTGAAACTCAAAGGAATTGACGGGGCCCGCACAAGCAGTGGAGTATGTGGTTTAATTCGAAGCAACGCGAAGAACCTTACCAGGTCTTGACATCCGATGCATAGTGCAGAGATGCATGAAGTCCTTTGG","GGATTAGATACCCTTGGTAGTCCACGCCGTAAACGATGAATACTAGGTGTCGGGAAGCACAGCTTTTCGGTGCCGCCGCAAACGCATTAAGTATTCCACCTGGGGAGTACGTTCGCAAGAATGAAACTCAAAGGAATTGACGGGACCCGCACAAGCGGTGGAGCATGTGGTTTAATTCGAAGCAACGCGAAGAACCTTACCAAGTCTTGACATCCCGGTGACCGGACAGTAATGTGTCCTTTTCTTCGGA","GATTAGATACCCTGGGTAGTCCACGCCGTAAACGATGAATACTAGGTGTAGGGGTTGTCATGACCTCTGTGCCGCCGCTAACGCATTAAGTATTCCGCCTGGGGAGTACGGTCGCAAGATTAAAACTCAAAGGAATTGACGGGGCCCGCACAAGCAGCGGAGCATGTGGTTTAATTCGAAGCAACGCGAAGAACCTTACCTAGACTTGACATCTCCTGCATTACCCTTAATCGGGGAAGTTCCTTCGGGA","GGATTAGATACCCTTGGTAGTCCACGCAGTAAACGATGATAACTCGTTGTCGGCGATACACAGTCGGTGACTAAGCGAAAGCGATAAGTTATCCACCTGGGGAGTACGTTCGCAAGAATGAAACTCAAAGGAATTGACGGGGGCCCGCACAAGCGGAGGAACATGTGGTTTAATTCGATGATACGCGAGGAACCTTACCCGGGCTTGAAAGTTAGCGACGATTCTTGAAAGAGGATTTCCCTTCGGGGCG","GATTAGATACCCTGGGTAGTCCACGCCGTAAACGATGATTACTAGGTGTGGGGGGACTGACCCCTTCCGTGCCGCAGCAAACGCAATAAGTAATCCACCTGGGGAGTACGACCGCAAGGTTGAAACTCAAAGGAATTGACGGGGCCCGCACAAGCAGTGGAGTATGTGGATTAATTCGAAGCAACGCGAAGAACCTTACCAGGTCTTGACATCGTATGCATACCTCAGAGATGAGTGAAATCTCTTCGGA","GATTAGATACCCTGGGTAGTCCACGCAGTAAACGATGATAACTCGTTGTCGGCGATACACAGTCGGTGACTAAGCGAAAGCGATAAGTTATCCACCTGGGGAGTACGTTCGCAAGAATGAAACTCAAAGGAATTGACGGGGCCCGCACAAGCGGAGGAACATGTGGTTTAATTCGATGATACGCGAGGAACCTTACCCGGGCTTGAAAGTTAGCGACGATTCTTGAAAGAGGATTTCCCTTCGGGGCGCG","GATTAGATACCCTTGGTAGTCCACGCCGTAAACGATGAATACTAGGTGTTGGGAAGCATTGCTTCTCGGTGCCGTCGCAAACGCAGTAAGTATTCCACCTGGGGAGTACGTTCGCAAGAATGAAACTCAAAGGAATTGACGGGGACCCGCACAAGCGGTGGAGCATGTGGTTTAATTCGAAGCAACGCGAAGAACCTTACCAAGTCTTGACATCCTTCTGGCCGGTACTTAATCGTACCTTCTCTTCGGA","GGATTAGATACCCTTGGTAGTCCACGCCCTAAACGATGTCTACTAGTTGTTGGGGACGATAGTCCTTGGTAACGCAGCTAACGCGTGAAGTAGACCGCCTGGGGAGTACGGTCGCAAGATTAAAACTCAAAGGAATTGACGGGACCCGCACAAGCGGTGGATGATGTGGATTAATTCGATGCAACGCGAAAAACCTTACCTAGCCTTGACATGCCAGGAAGGCCTGAGAGATCAGGCCGTGCCCGCAAGG","AGGATTAGATACCCTGGGTAGTCCACACCGTAAACGATGATTACTAGGTGTTGGAGGATTGACCCCTTCAGTGCCGCAGTTAACACAATAAGTAATCCACCTGGGGAGTACGACCGCAAGGTTGAAACTCAAAGGAATTGACGGGGCCCGCACAAGCAGTGGAGTATGTGGTTTAATTCGACGCAACGCGAAGAACCTTACCAAGTCTTGACATCCCTTGACAGGCATAGAAATATGTAATCTCTTCGGA","GATTAGATACCCTTGGTAGTCCACGCCGTAAACGATGAGTACTAGCTGTCGGAGGTTACCCCCTTCGGTGGCGCAGCTAACGCATTAAGTACTCCGCCTGGGAAGTACGCTCGCAAGAGTGAAACTCAAAGGAATTGACGGGGACCCGCACAAGTAGCGGAGCATGTGGTTTAATTCGAAGCAACGCGAAGAACCTTACCTAAGCTTGACATCCTTTTGACCGATGCCTAATCGCATCTTTCCCTTCGGG","GATTAGATACCCTGGGTAGTCCACGCCCTAAACGATGTCTACTGGTTGTTGGGGTTTTTAACCTTGGTAACGAAGCTAACGCGTGAAGTAGACCGCCTGGGGAGTACGGTCGCAAGATTAAAACTCAAAGGAATTGACGGGGACCCGCACAAGCGGTGGATGATGTGGATTAATTCGATGCAACGCGAAAACCTTACCTAGCCTTGACATGCCAGGAATCCTGAAGAGATTCGGGAGTGCCCGCAAGGGA","GATTAGATACCCTTGGTAGTCCGCACGGTAAACGATGGATGCCCGCTGTTGGCTTGAATTAGTCAGCGGCCAAGCGAAAGCATTAAGCATCCCACCTGGGGAGTACGCCGGCAACGGTGAAACTCAAAGGAATTGACGGGGGCCCGCACAAGCGGAGGAACATGTGGTTTAATTCGATGATACGCGAGGAACCTTACCCGGGCTTGAATTGCAGAGGAAGGATTTGGAGACAATGACGCCCCTCGGGGCC","AGGATTAGATACCCTGGGTAGTCCACACTGTAAACGATGATTACTAGGTGTTGGAGGATTGACCCCTTCAGTGCCGCAGTTAACACAATAAGTAATCCACCTGGGGAGTACGACCGCAAGGTTGAAACTCAAAGGAATTGACGGGGCCCGCACAAGCAGTGGAGTATGTGGTTTAATTCGACGCAACGCGAAGAACCTTACCAAGTCTTGACATCCTGCGACGGTGCTGGAAACAGTACTTTCCTTCGGG","GATTAGATACCCTTGGTAGTCCACGCCGTAAACGATGTCGACTTGGAGGTTGTGCCCTTGAGGCGTGGCTTCCGGAGCTAACGCGTTAAGTCGACCGCCTGGGGAGTACGGCCGCAAGGTTAAAACTCAAATGAATTGACGGGGCCCGCACAAGCGGTGGAGCATGTGGTTTAATTCGATGCAACGCGAAGAACCTTACCTGGTCTTGACATCCACGGAAGTTTTCAGAGATGAGAATGTGCCTTCGGGA","GATTAGATACCCTGGGTAGTCCACGCTGTAAACGATGTCGATTTGGGGGTTGAGCTATAAGTTTGGCGCCCGTAGCTAACGTGATAAATCGACCGCCTGGGGAGTACGGCCGCAAGGTTAAAACTCAAATGAATTGACGGGGCCCGCACAAGCGGTGGAGCATGTGGTTTAATTCGATGCAACGCGAAGAACCTTACCTACTCTTGACATCCAGAGAACATTCCAGAGATGGATTGGTGCCTTCGGGAAC","GATTAGATACCCTGGGTAGTCCACGCCGTAAACGATGAATACTAGGTGTAGGAGGTATCGACCCCTTCTGTGCCGGAGCTAACACAATAAGTATTCCGCCTGGGAAGTACGATCGCAAGATTAAAACTCAAAGGAATTGACGGGGCCCGCACAAGCGGTGGAGTATGTGGTTTAATTCGACGCAACGCGAAGAACCTTACCAGGTCTTGACATTGATCGCTATTCCAAGAAATTGGAAGTTCCTCTTCGG","GATTAGATACCCTGGGTAGTCCACGCTGTAAACGATGTCGATTTGGGGGTTGAACTTTAGGTTTGGCGCCCGTAGCTAACGTGATAAATCGACCGCCTGGGGAGTACGGCCGCAAGGTTAAAACTCAAATGAATTGACGGGGCCCGCACAAGCGGTGGAGCATGTGGTTTAATTCGATGCAACGCGAAGAACCTTACCTACTCTTGACATCCAGAGAACATTCCAGAGATGGATTGGTGCCTTCGGGAAC","GGATTAGATACCCTTGGTAGTCCACGCAGTAAACGATGATAACTCGTTGTCGGCGATACACAGTCGGTGACTAAGCGAAAGCGATAAGTTATCCACCTGGGGAGTACGTTCGCAAGAATGAAACTCAAAGGAATTGACGGGGCCCGCACAAGCGGAGGAACATGTGGTTTAATTCGATGATACGCGAGGAACCTTACCCGGGCTTGAAAGTTACTGACGATTCTGGAAACAGGATTTCCCTTTGGGGCAG","GATTAGATACCCTGGGTAGTCCACGCCGTAAACGATGAATACTAGGTGTTGGGAAGCATTGCTTCTCGGTGCCGTCGCAAACGCAGTAAGTATTCCACCTGGGGAGTACGTTCGCAAGAATGAAACTCAAAGGAATTGACGGGGACCCGCACAAGCGGTGGAGCATGTGGTTTAATTCGAAGCAACGCGAAGAACCTTACCAAGTCTTGACATCCTTCTGGCCGGTACTTAATCGTACCTTCTCTTCGGA","GATTAGATACCCTGGGTAGTCCACGCCGTAAACGATGAATACTAGGTGTCGGGGCACATAAGTGCTCCGGTGCCGCAGCAAACGCAATAAGTATTCCACCTGGGGAGTACGTTCGCAAGAATGAAACTCAAAGGAATTGACGGGGACCCGCACAAGCGGTGGAGCATGTGGTTTAATTCGAAGCAACGCGAAGAACCTTACCAAGTCTTGACATCCTCTTGACCGGTCAGTAATGTGACCTTTTCTTCGG","GGATTAGATACCCTGGGTAGTCCACGCCGTAAACGATGAGTGCTAGGTGTTGGATCCTTTCCGGGATTCAGTGCCGCAGCTAACGCATTAAGCACTCCGCCTGGGGAGTACGACCGCAAGGTTGAAACTCAAAGGAATTGACGGGGGCCCGCACAAGCGGTGGAGCATGTGGTTTAATTCGAAGCAACGCGAAGAACCTTACCAGGTCTTGACATCCCGATGCTATTTCTAGAGATAGAAAGTTACTTCG","AGGATTAGATACCCTTGGTAGTCCACGCAGTAAACGATGATAACTCGTTGTCGGCGATACACAGTCGGTGACTAAGCGAAAGCGATAAGTTATCCACCTGGGGAGTACGTTCGCAAGAATGAAACTCAAAGGAATTGACGGGGGCCCGCACAAGCGGAGGAACATGTGGTTTAATTCGATGATACGCGAGGAACCTTACCCGGGCTTGAAAGTTACTGACGATTCTGGAAACAGGATTTCCCTTCGGGGC","GATTAGATACCCTGGGTAGTCCACGCCGTAAACGATGGATACTAGGTGTAGGAGGTATCGACCCCTCCTGTGCCGGAGTTAACGCAATAAGTATCCCGCCTGGGAAGTACGATCGCAAGATTAAAACTCAAAGGAATTGACGGGGCCCGCACAAGCGGTGGAGTATGTGGTTTAATTCGACGCAACGCGAAGAACCTTACCAGGTCTTGACATTGATCGCGATCTGCAGAAATGCGGAGTTCTTCTTCGG","GGATTAGATACCCTTGGTAGTCCATGCCGTAAACGATGATTACTAGGTGTTGGGGGATTGACCCCTTCAGTGCCGCAGTTAACACAATAAGTAATCCACCTGGGGAGTACGACCGCAAGGTTGAAACTCAAAGGAATTGACGGGGCCCGCACAAGCAGTGGAGTATGTGGTTTAATTCGAAGCAACGCGAAGAACCTTACCAGGTCTTGACATCCGATGCATAGCACAGAGATGTGTGAAATCTTTCGGG","AGGATTAGATACCCTGGGTAGTCCACGCCGTAAACGATGTCAATTAGGAGCTTGGGCAATAGTCTGGGTTCCGCAGCTAACGCAATAAATTGACCGCCTGGGGAGTACGGCCGCAAGGTTAAAACTCAAATGAATTGACGGGGCCCGCACAAGCGGTGGAGCATGTGGTTTAATTCGACGCAACGCGAAGAACCTTACCTGATCTTGACATCGTAAGAACCTCACTGAAGGGTGAGGGTGCCTTCGGGAA","AGGATTAGATACCCTGGGTAGTCCACGCCGTAAACGATGAATGCTAATTGTTCGGGGTATCGACCCCTTGAGTAATAAAGCTAACGCGTTAAGCATTCCGCCTGTGGAGTACGGCCGCAAGGCTAAAACATAAAGGAATTGACGGGACCCGCACAAGCGGTGGAGGATGTTCTTTAATTCGATGATAAGCGAAGAACCTTACCAGGGCTTGACATCCCTAGAATTTCTCCGAAAGGAGAGAGTGCTTTTT","GATTAGATACCCTTGGTAGTCCACGCCGTAAACGATGAATGCTAGGTGTTGGGGAGCAAAGCTCTTCGGTGCCGCCGCAAACGCATTAAGCATTCCACCTGGGGAGTACGTTCGCAAGAATGAAACTCAAAGGAATTGACGGGGACCCGCACAAGCGGTGGAGCATGTGGTTTAATTCGAAGCAACGCGAAGAACCTTACCAGGTCTTGACATCCCGATGACCGGCCCGTAACGGGGCCTTCTCTTCGGA","GGATTAGATACCCTTGGTAGTCCACGCGGTAAACGATGAATGCTAGGTGTCGGGTGACAAAGTCATTCGGTGCCGCCGCAAACGCATTAAGCATTCCACCTGGGGAGTACGTTCGCAAGAATGAAACTCAAAGGAATTGACGGGGACCCGCACAAGCGGTGGAGCATGTGGTTTAATTCGAAGCAACGCGAAGAACCTTACCAAGTCTTGACATCCTTCTGACCGGAACTTAACCGTTCCTTTCCTTCGG","GGATTAGATACCCTTGGTAGTCCACACTGTAAACGATGAATGCTAGGTGTAGGGGGTATCGACCCCTTCTGTGCCGCAGTCAACACAATAAGCATTCCGCCTGGGGAGTACGGCCGCAAGGTTGAAACTCAAAGGAATTGACGGGGGCCCGCACAAGCAGCGGAGCATGTGGTTTAATTCGACGCAACGCGAAGAACCTTACCAGGTCTTGACATCCACTTAAACTTACAGAGATGTAAGGTGTGCTTGC","GATTAGATACCCTTGGTAGTCCACACAGTAAACGATGAATACTCGCTGTTTGCGATATACAGTAAGCGGCCAAGCGAAAGCATTAAGTATTCCACCTGGGGAGTACGCCGGCAACGGTGAAACTCAAAGGAATTGACGGGGGCCCGCACAAGCGGAGGAACATGTGGTTTAATTCGATGATACGCGAGGAACCTTACCCGGGCTTAAATTGCATTTGAATAATCTGGAAACAGGTTAGCCGCAAGGCAAA","GGATTAGATACCCTTGGTAGTCCACGCCGTAAACGATGATTACTAGGTGTTGGTGGGTATGACCCATCGGTGCCGCAGCAAACGCAATAAGTAATCCACCTGGGGAGTACGTTCGCAAGAATGAAACTCAAAGGAATTGACGGGGACCCGCACAAGCGGTGGAGCATGTGGTTTAATTCGAAGCAACGCGAAGAACCTTACCTGGTCTTGACATCCCTATGAATAACGGGCAATGCCGTTAGTACTTCGG","AGGATTAGATACCCTTGGTAGTCCATGCCGTAAACGATGATTACTAGGTGTTGGAGGATTGACCCCTTCAGTGCCGCAGTTAACACAATAAGTAATCCACCTGGGGAGTACGACCGCAAGGTTGAAACTCAAAGGAATTGACGGGGCCCGCACAAGCAGTGGAGTATGTGGTTTAATTCGAAGCAACGCGAAGAACCTTACCAGGTCTTGACATCCGATGCATAGTGCAGAGATGCATGAAGTCCTTTGG","GGATTAGATACCCTGGGTAGTCCACGCCGTAAACGATGATTGCTAGGTGTAGGTGGGTATGGACCCATCGGTGCCGCAGCTAACGCAATAAGCAATCCACCTGGGGAGTACGTTCGCAAGAATGAAACTCAAAGGAATTGACGGGGACCCGCACAAGCGGTGGAGCATGTGGTTTAATTCGAAGCAACGCGAAGAACCTTACCAGGTCTTGACATCCCGATGAAAAACCCGTAACGGGGTTCCCTCTTCG","GGATTAGATACCCTTGGTAGTCCACACCGTAAACGATGATTACTAGGTGTTGGAGGATTGACCCCTTCAGTGCCGCAGTTAACACAATAAGTAATCCACCTGGGGAGTACGACCGCAAGGTTGAAACTCAAAGGAATTGACGGGGCCCGCACAAGCAGTGGAGTATGTGGTTTAATTCGACGCAACGCGAAGAACCTTACCAAGTCTTGACATCCCTTGACGATGCTGGAAACAGCATTTCTCTTCGGAG","AGGATTAGATACCCTTGGTAGTCCACGCCGTAAACGATGAATACTAGGTGTTGGGGAGCAAAGCTCTTCGGTGCCGCCGCAAACGCATTAAGTATTCCACCTGGGGAGTACGTTCGCAAGAATGAAACTCAAAGGAATTGACGGGACCCGCACAAGCGGTGGAGCATGTGGTTTAATTCGAAGCAACGCGAAGAACCTTACCAAGTCTTGACATCCCTCTGACCGATCCGTAACGGGATCTTTCCTTCGG","GATTAGATACCCTGGGTAGTCCACGCCGTAAACGATGTCAATTAGGAGCTTGGGCAAAAGTCTGGGTTCCGCAGCTAACGCAATAAATTGACCGCCTGGGGAGTACGGCCGCAAGGTTAAAACTCAAATGAATTGACGGGGCCCGCACAAGCGGTGGAGCATGTGGTTTAATTCGACGCAACGCGAAGAACCTTACCTGATCTTGACATCGTAAGAACCTCACTGAAGGGTGAGGGTGCCTTCGGGAACT","GATTAGATACCCTTGGTAGTCCACGCCGTAAACGATGAATACTAGGTGTCGGGTGGCAAAGCCATTCGGTGCCGCAGCAAACGCAATAAGTATTCCACCTGGGGAGTACGTTCGCAAGAATGAAACTCAAAGGAATTGACGGGACCCGCACAAGCGGTGGAGCATGTGGTTTAATTCGAAGCAACGCGAAGAACCTTACCTGGTCTTGACATCCCTCTGACCGCTCTTTAATCGGAGCTTTCCTTCGGGA","AGGATTAGATACCCTTGGTAGTCCACGCCGTAAACGGTGGATGCTGGATGTGGGGACCATTCCACGGTCTCCGTGTCGGAGCCAACGCGTTAAGCATCCCGCCTGGGGAGTACGGCCGCAAGGCTAAAACTCAAAGAAATTGACGGGGCCCGCACAAGCGGCGGAGCATGCGGATTAATTCGATGCAACGCGAAGAACCTTACCTGGGCTTGACATGTTCCCGACGACGCCAGAGATGGCGTTTCCCTTC","GATTAGATACCCTTGGTAGTCCACGCAGTAAACGATGAATACTAACTGTTTGCGATACAATGTAAGCGGTACAGCGAAAGCGTTAAGTATTCCACCTGGGGAGTACGCCGGCAACGGTGAAACTCAAAGGAATTGACGGGGCCCGCACAAGCGGAGGAACATGTGGTTTAATTCGATGATACGCGAGGAACCTTACCCGGGCTCAAACGCAGGGGGAATATATATGAAAGTATATAGCTAGCAATAGTCA","GATTAGATACCCTGGGTAGTCCATGCCGTAAACGATGATTACTAGGTGTTGGAGGATTGACCCCTTCAGTGCCGCAGTTAACACAATAAGTAATCCACCTGGGGAGTACGACCGCAAGGTTGAAACTCAAAGGAATTGACGGGGGCCCGCACAAGCAGTGGAGTATGTGGTTTAATTCGAAGCAACGCGAAGAACCTTACCAGGTCTTGACATCCGATGCATAGTGCAGAGATGCATGAAGTCCTTCGGG","GGATTAGATACCCTTGGTAGTCCACGCAGTAAACGATGATAACTCGTTGTCGGCGATACACAGTCGGTGACTAAGCGAAAGCGATAAGTTATCCACCTGGGGAGTACGTTCGCAAGAATGAAACTCAAAGGAATTGACGGGGGCCCGCACAAGCGGAGGAACATGTGGTTTAATTCGATGATACGCGAGGAACCTTACCCGGGCTTGAAAGTTACTGACGATTCTGGAAACAGGATTTCCCTTCGGGGCA","GATTAGATACCCTTGGTAGTCCACGCCGTAAACGATGAATACTAGGTGTAGGGGTTGTCATGACCTCTGTGCCGCCGCTAACGCATTAAGTATTCCGCCTGGGGAGTACGGTCGCAAGATTAAAACTCAAAGGAATTGACGGGGCCCGCACAAGCAGCGGAGCATGTGGTTTAATTCGAAGCAACGCGAAGAACCTTACCTAGACTTGACATCTCCTGCATTACCCTTAATCGGGGAAGTTCCTTCGGGA","GATTAGATACCCTTGGTAGTCCACGCAGTAAACGATGATAACTCGTTGTCGGCGATACACAGTCGGTGACTAAGCGAAAGCGATAAGTTATCCACCTGGGGAGTACGTTCGCAAGAATGAAACTCAAAGGAATTGACGGGGCCCGCACAAGCGGAGGAACATGTGGTTTAATTCGATGATACGCGAGGAACCTTACCCGGGCTTGAAAGTTAGCGACGATTCTTGAAAGAGGATTTCCCTTCGGGGCGCG","GGATTAGATACCCTGGGTAGTCCACGCAGTAAACGATGAATACTAACTGTTTGCGATACAATGTAAGCGGTACAGCGAAAGCGTTAAGTATTCCACCTGGGGAGTACGCCGGCAACGGTGAAACTCAAAGGAATTGACGGGGCCCGCACAAGCGGAGGAACATGTGGTTTAATTCGATGATACGCGAGGAACCTTACCCGGGCTCAAACGCAGGGGGAATGTCGGTGAAAGCCGGCAGCTAGTAATAGTC","GATTAGATACCCTTGGTAGTCCACGCCGTAAACGGTGGATGCTGGATGTGGGGCCCGTTCCACGGGTTCCGTGTCGGAGCTAACGCGTTAAGCATCCCGCCTGGGGAGTACGGCCGCAAGGCTAAAACTCAAAGAAATTGACGGGGCCCGCACAAGCGGCGGAGCATGCGGATTAATTCGATGCAACGCGAAGAACCTTACCTGGGCTTGACATGTTCCCGACAGCCGTAGAGATACGGCCTCCCTTCGG","GATTAGATACCCTGGGTAGTCCACGCTGTAAACGATGAATACTAGGTGTGGGAGGACTGACCCCTTCCGTGCCGCAGTTAACACAATAAGTATTCCACCTGGGGAGTACGACCGCAAGGTTGAAACTCAAAGGAATTGACGGGGCCCGCACAAGCAGTGGATTATGTGGTTTAATTCGACGCAACGCGAAGAACCTTACCAGGACTTGACATCCAACTAACGAAGTAGAGATACATTAGGTGCCCTTCGG","GATTAGATACCCTGGGTAGTCCACGCCGTAAACGATGAATACTAGGTGTCGGGGCCCATAAGGGCTTCGGTGCCGCAGCAAACGCAATAAGTATTCCACCTGGGGAGTACGTTCGCAAGAATGAAACTCAAAGGAATTGACGGGACCCGCACAAGCGGTGGAGCATGTGGTTTAATTCGAAGCAACGCGAAGAACCTTACCAAGTCTTGACATCCCACTGACCGGACAGTAATGTGTCCTTTCCTTCGGG","GATTAGATACCCTTGGTAGTCCACGCCGTAAACGATGATTACTAGGTGTGGGGGGACTGACCCCTTCCGTGCCGCAGCAAACGCAATAAGTAATCCACCTGGGGAGTACGACCGCAAGGTTGAAACTCAAAGGAATTGACGGGGCCCGCACAAGCAGTGGAGTATGTGGATTAATTCGAAGCAACGCGAAGAACCTTACCAGGTCTTGACATCGTATGCATACCTCAGAGATGAGTGAAATCTCTTCGGA","GATTAGATACCCTTGGTAGTCCACGCCGTAAACGATGAATACTAGGTGTCGGAAAGCACAGCTTTTCGGTGCCGCCGCAAACGCATTAAGTATTCCACCTGGGGAGTACGTTCGCAAGAATGAAACTCAAAGGAATTGACGGGACCCGCACAAGCGGTGGAGCATGTGGTTTAATTCGAAGCAACGCGAAGAACCTTACCAAGTCTTGACATCCTTCTGACCGGACAGTAATGTGTCCTTTCCTTCGGGA","GATTAGATACCCTTGGTAGTCCACGCTGTAAACGATGAATACTAGGTGTGCGGGGACTGACCCCCTGCGTGCCGCAGTTAACACAATAAGTATTCCACCTGGGGAGTACGATCGCAAGGTTGAAACTCAAAGGAATTGACGGGGCCCGCACAAGCGGTGGATTATGTGGTTTAATTCGACGCAACGCGAAGAACCTTACCAGGGCTTGACATCCTACTAACGAAGTAGAGATACATCAGGTGCCCTTCGG","GGATTAGATACCCTGGGTAGTCCACACGGTAAACGATGGATACTCGCTGTTGGCGATATACGGTCAGCGGCTTAGCGAAAGCGTTAAGTATCCCACCTGGGGAGTACGCCGGCAACGGTGAAACTCAAAGGAATTGACGGGGCCCGCACAAGCGGAGGAACATGTGGTTTAATTCGATGATACGCGAGGAACCTTACCCGGGCTTAAATTGCACTGGACTATTCTGGAAACAGGATATTCTTCGGACCAG","GGATTAGATACCCTTGGTAGTCCACACGGTAAACGATGGATACTCGCTGTTGGCGATATACTGTCAGCGGCCAAGCGAAAGCATTAAGTATCCCACCTGGGGAGTACGCCGGCAACGGTGAAACTCAAAGGAATTGACGGGGCCCGCACAAGCGGAGGAACATGTGGTTTAATTCGATGATACGCGAGGAACCTTACCCGGGCTTAAATTGCAGACGAATTACGAGGAAACTTGTAAGCCGCAAGGCGTC","GGATTAGATACCCTTGGTAGTCCACGCTGTAAACGATGATTACTAGGTGTGGGGGGTCTGACCCCTTCCGTGCCGGAGTTAACACAATAAGTAATCCACCTGGGGAGTACGGCCGCAAGGTTGAAACTCAAAGGAATTGACGGGGCCCGCACAAGCAGTGGAGTATGTGGTTTAATTCGAAGCAACGCGAAGAACCTTACCAGGTCTTGACATCCAACTAACGAAGTAGAGATACATTAGGTGCCCTTCG","GATTAGATACCCTTGGTAGTCCACGCCGTAAACGATGAATACTAGGTGTCGGGGCCCATAAGGGCTTCGGTGCCGCAGCAAACGCAATAAGTATTCCACCTGGGGAGTACGTTCGCAAGAATGAAACTCAAAGGAATTGACGGGGACCCGCACAAGCGGTGGAGCATGTGGTTTAATTCGAAGCAACGCGAAGAACCTTACCAAGTCTTGACATCCCACTGACCGGACAGTAATGTGTCCTTTCCTTCGG","AGGATTAGATACCCTGGGTAGTCCGCACGGTAAACGATGGATGCCCGCTGTTGGCTTGAATTAGTCAGCGGCCAAGCGAAAGCATTAAGCATCCCACCTGGGGAGTACGCCGGCAACGGTGAAACTCAAAGGAATTGACGGGGCCCGCACAAGCGGAGGAACATGTGGTTTAATTCGATGATACGCGAGGAACCTTACCCGGGCTTGAATTGCAGAGGAAGGATTTGGAGACAATGACGCCCCTCGGGGC","AGGATTAGATACCCTTGGTAGTCCACGCCGTAAACGATGAGTGCTAGGTGTTAGGCCCTTTCCGGGGCTTAGTGCCGCAGCTAACGCATTAAGCACTCCGCCTGGGGAGTACGACCGCAAGGTTGAAACTCAAAGGAATTGACGGGGCCCGCACAAGCGGTGGAGCATGTGGTTTAATTCGAAGCAACGCGAAGAACCTTACCAGGTCTTGACATCCCGATGCTATTTCTAGAGATAGAAAGTTTCTTCG","GATTAGATACCCTGGGTAGTCCATGCCGTAAACGATGATTACTAGGTGTTGGGGGATTGACCCCCTCAGTGCCGCAGTTAACACAATAAGTAATCCACCTGGGGAGTACGACCGCAAGGTTGAAACTCAAAGGAATTGACGGGGCCCGCACAAGCAGTGGAGTATGTGGTTTAATTCGAAGCAACGCGAAGAACCTTACCAGGTCTTGACATCCGATGCATAGCACAGAGATGTGTGAAATCCTTCGGGA","AGGATTAGATACCCTTGGTAGTCCACGCGGTAAACGATGGATGCTCGCTGTTTGCGTCTGACGTAAGCGGCCAAGCGAAAGCGTTAAGCATCCCACCTGGGGAGTACGCCGGCAACGGTGAAACTCAAAGGAATTGACGGGGCCCGCACAAGCGGAGGAACATGTGGTTTAATTCGATGATACGCGAGGAACCTTACCCGGGCTTGAACTGCAGCGGACGGATACAGAGATGTTGACTCCCTTCGGGGCC","GATTAGATACCCTGGGTAGTCCACACAGTAAACGATGAATACTCGCTGTTGGCGATATACGGTCAGCGGCCAAGCGAAAGCATTAAGTATTCCACCTGGGGAGTACGCCGGCAACGGTGAAACTCAAAGGAATTGACGGGGGCCCGCACAAGCGGAGGAACATGTGGTTTAATTCGATGATACGCGAGGAACCTTACCCGGGCTTAAATTGCAACTGACTGAACCGGAAACGGTTCTTTCTTCGGACAGT","AGGATTAGATACCCTGGGTAGTCCACGCCGTAAACGATGAGTGCTAGGTGTTAGGCCCTTTCCGGGGCTTAGTGCCGCAGCTAACGCATTAAGCACTCCGCCTGGGGAGTACGACCGCAAGGTTGAAACTCAAAGGAATTGACGGGGCCCGCACAAGCGGTGGAGCATGTGGTTTAATTCGAAGCAACGCGAAGAACCTTACCAGGTCTTGACATCCCGATGCTATTTCTAGAGATAGAAAGTTTCTTCG","GATTAGATACCCTGGGTAGTCCACGCCGTAAACGATGTCAATTAGGAGCTTGGGCAATAGTCTGGGTTCCGCAGCTAACGCAATAAATTGACCGCCTGGGGAGTACGGCCGCAAGGTTAAAACTCAAATGAATTGACGGGGCCCGCACAAGCGGTGGAGCATGTGGTTTAATTCGACGCAACGCGAAGAACCTTACCTGATCTTGACATCGTAAGAACCTCACTGAAGGGTGAGGGTGCCTTCGGGAACT","GATTAGATACCCTGGGTAGTCCACGCTGTAAACGATGAATACTAGGTGTGCGGGGACTGACCCCCTGCGTGCCGCAGTTAACACAATAAGTATTCCACCTGGGGAGTACGATCGCAAGGTTGAAACTCAAAGGAATTGACGGGGCCCGCACAAGCGGTGGATTATGTGGTTTAATTCGACGCAACGCGAAGAACCTTACCAGGGCTTGACATCCTACTAACGAAGTAGAGATACATCAGGTGCCCTTCGG","GATTAGATACCCTGGGTAGTCCACGCCGTAAACGATGAGTACTAGCTGTCGGAGGTTACCCCCTTCGGTGGCGCAGCTAACGCATTAAGTACTCCGCCTGGGAAGTACGCTCGCAAGAGTGAAACTCAAAGGAATTGACGGGGACCCGCACAAGTAGCGGAGCATGTGGTTTAATTCGAAGCAACGCGAAGAACCTTACCTAAGCTTGACATCCTTTTGACCGATGCCTAATCGCATCTTTCCCTTCGGG","GGATTAGATACCCTGGGTAGTCCACGCAGTAAACGATGATAACTCGTTGTCGGCGATACACAGTCGGTGACTAAGCGAAAGCGATAAGTTATCCACCTGGGGAGTACGTTCGCAAGAATGAAACTCAAAGGAATTGACGGGGGCCCGCACAAGCGGAGGAACATGTGGTTTAATTCGATGATACGCGAGGAACCTTACCCGGGCTTGAAAGTTAGCGACGATTCTTGAAAGAGGATTTCCCTTCGGGGCG","GGATTAGATACCCTGGGTAGTCCACGCCGTAAACGATGAATACTAGGTGTCGGGGCCCATAAGGGCTTCGGTGCCGCAGCAAACGCAATAAGTATTCCACCTGGGGAGTACGTTCGCAAGAATGAAACTCAAAGGAATTGACGGGACCCGCACAAGCGGTGGAGCATGTGGTTTAATTCGAAGCAACGCGAAGAACCTTACCAAGTCTTGACATCCCACTGACCGGACAGTAATGTGTCCTTTCCTTCGG","AGGATTAGATACCCTTGGTAGTCCCAGCCGTAAACGATGGACGCTAGGTGTGGGGGGACGATCCCCCCGTGCCGCAGCCAACGCATTAAGCGTCCCGCCTGGGGAGTACGGCCGCAAGGCTAAAACTCAAAGGAATTGACGGGGCCCGCACAAGCAGCGGAGCATGTGGCTTAATTCGAAGCAACGCGAAGAACCTTACCAGGGCTTGACATATGGGTGAGGCGGGGGAGACCCCGCGGCCGAGAGGAGC","GGATTAGATACCCTGGGTAGTCCACGCAGTAAACGATGATCACTAGCTGTTTGCGATACACTGTAAGCGGCACAGCGAAAGCGTTAAGTGATCCACCTGGGGAGTACGCCGGCAACGGTGAAACTCAAAGGAATTGACGGGGGCCCGCACAAGCGGAGGAACATGTGGTTTAATTCGATGATACGCGAGGAACCTTACCCGGGTTTGAACGCATTCGGACCGAGGTGGAAACACCTTTTCTAGCAATAGC","GATTAGATACCCTGGGTAGTCCACACCGTAAACGATGATTACTAGGTGTTGGAGGATTGACCCCTTCAGTGCCGCAGTTAACACAATAAGTAATCCACCTGGGGAGTACGACCGCAAGGTTGAAACTCAAAGGAATTGACGGGGCCCGCACAAGCAGTGGAGTATGTGGTTTAATTCGACGCAACGCGAAGAACCTTACCAAGTCTTGACATCCCTTGACAGGCATAGAAATATGTAATCTCTTCGGAGC","AGGATTAGATACCCTGGGTAGTCCACACCGTAAACGATGATTACTAGGTGTTGGAGGATTGACCCCTTCAGTGCCGCAGTTAACACAATAAGTAATCCACCTGGGGAGTACGACCGCAAGGTTGAAACTCAAAGGAATTGACGGGGCCCGCACAAGCAGTGGAGTATGTGGTTTAATTCGACGCAACGCGAAGAACCTTACCAAGTCTTGACATCCTGCGACGCACATAGAAATATGTGTTTCCTTCGGG","GGATTAGATACCCTTGGTAGTCCACGCCGTAAACGATGAATACTAGGTGTTGGTGAGCAAAGCTCATCGGTGCCGCCGCAAACGCAATAAGTATTCCACCTGGGGAGTACGTTCGCAAGAATGAAACTCAAAGGAATTGACGGGGACCCGCACAAGCGGTGGAGCATGTGGTTTAATTCGAAGCAACGCGAAGAACCTTACCAAATCTTGACATCCCTCTGAAAAGCCTTTAATCGGGCTCCTCCTTCGG","GATTAGATACCCTGGGTAGTCCACGCCGTAAACGATGACTACTAGGTGTTGGGCAGCAAAGCTGTTCGGTGCCGCAGCAAACGCAATAAGTAGTCCACCTGGGGAGTACGTTCGCAAGAATGAAACTCAAAGGAATTGACGGGGACCCGCACAAGCGGTGGAGCATGTGGTTTAATTCGAAGCAACGCGAAGAACCTTACCTGCTCTTGACATCTCCCTGACCGGCAAGTAATGTTGCCTTTCCTTCGGG","GGATTAGATACCCTGGGTAGTCCATGCCGTAAACGATGATTACTAGGTGTTGGGGGATTGACCCCTTCAGTGCCGCAGTTAACACAATAAGTAATCCACCTGGGGAGTACGACCGCAAGGTTGAAACTCAAAGGAATTGACGGGGCCCGCACAAGCAGTGGAGTATGTGGTTTAATTCGAAGCAACGCGAAGAACCTTACCAGGTCTTGACATCCGATGCATAGCACAGAGATGTGTGAAATCTTTCGGG","GATTAGATACCCTGGGTAGTCCACGCCGTAAACGATGCTCACTGGTTCTGTGCGATATATTGTACGGGATTAAGCGAAAGTATTAAGTGAGCCACCTGGGGAGTACGTCGGCAACGATGAAACTCAAAGGAATTGACGGGGGCCCGCACAAGCGGAGGAACATGTGGTTTAATTCGATGATACGCGAGGAACCTTACCTGGGTTTAAATGGGAAATGTCGTATTTGGAAACAGATATTCTCTTCGGAGCG","AGGATTAGATACCCTGGGTAGTCCACACCGTAAACGATGAGTGCTAGGTGTTTGAGGGTTTCCGCCCTTAAGTGCCGCAGCTAACGCATTAAGCACTCCGCCTGGGGAGTACGACCGCAAGGTTGAAACTCAAAGGAATTGACGGGGACCCGCACAAGCGGTGGAGCATGTGGTTTAATTCGAAGCAACGCGAAGAACCTTACCAGGTCTTGACATCCCTTGACAACTCCAGAGATGGAGCGTTCCCTTC","GATTAGATACCCTGGGTAGTCCACACCGTAAACGATGATTACTAGGTGTTGGAGGATTGACCCCTTCAGTGCCGCAGTTAACACAATAAGTAATCCACCTGGGGAGTACGACCGCAAGGTTGAAACTCAAAGGAATTGACGGGGCCCGCACAAGCAGTGGAGTATGTGGTTTAATTCGACGCAACGCGAAGAACCTTACCAAGTCTTGACATCCCTTGACGATGCTGGAAACAGCATTTCTCTTCGGAGC","GATTAGATACCCTGGGTAGTCCGCACGGTAAACGATGGATGCCCGCTGTTGGTCTGAATAGGTCAGCGGCCAAGCGAAAGCATTAAGCATCCCACCTGGGGAGTACGCCGGCAACGGTGAAACTCAAAGGAATTGACGGGGGCCCGCACAAGCGGAGGAACATGTGGTTTAATTCGATGATACGCGAGGAACCTTACCCGGGCTTGAATTGCAGAAGACGGATCCAGAGATGGTGACTCCCTTCGGGGCT","GGATTAGATACCCTGGGTAGTCCACGCCGTAAACGATGAATACTAGGTGTCGGAAAGCACAGCTTTTCGGTGCCGCCGCAAACGCATTAAGTATTCCACCTGGGGAGTACGTTCGCAAGAATGAAACTCAAAGGAATTGACGGGACCCGCACAAGCGGTGGAGCATGTGGTTTAATTCGAAGCAACGCGAAGAACCTTACCAAGTCTTGACATCCCGGTGACCGGACAGTAATGTGTCCTTTTCTTCGGA","AGGATTAGATACCCTGGGTAGTCCACGCTGTAAACGATGATTACTAGGTGTGGGGGTCTGACCCCTTCCGTGCCGGAGTTAACACAATAAGTAATCCACCTGGGGAGTACGGCCGCAAGGTTGAAACTCAAAGGAATTGACGGGGCCCGCACAAGCAGTGGAGTATGTGGTTTAATTCGAAGCAACGCGAAGAACCTTACCAGGTCTTGACATCCAACTAACGAAGTAGAGATACATTAGGTGCCCTTCG","GATTAGATACCCTGGGTAGTCCACGCTGTAAACGATGAATACTAGGTGTGCGGGGACTGACCCCCTGCGTGCCGCAGTTAACACAATAAGTATTCCACCTGGGGAGTACGATCGCAAGGTTGAAACTCAAAGGAATTGACGGGGGCCCGCACAAGCGGTGGATTATGTGGTTTAATTCGACGCAACGCGAAGAACCTTACCAGGGCTTGACATCCTACTAACGAAGTAGAGATACATCAGGTGCCCTTCG","GGATTAGATACCCTGGGTAGTCCACGCGGTAAACGATGAATGCTAGGTGTCGGGTGACAAAGTCATTCGGTGCCGCCGCAAACGCATTAAGCATTCCACCTGGGGAGTACGTTCGCAAGAATGAAACTCAAAGGAATTGACGGGGACCCGCACAAGCGGTGGAGCATGTGGTTTAATTCGAAGCAACGCGAAGAACCTTACCAAGTCTTGACATCCTTCTGACCGGAACTTAACCGTTCCTTTCCTTCGG","GGATTAGATACCCTTGGTAGTCCACGCAGTAAACGATGATCACTAGCTGTTTGCGATACACTGTAAGCGGCACAGCGAAAGCGTTAAGTGATCCACCTGGGGAGTACGCCGGCAACGGTGAAACTCAAAGGAATTGACGGGGGCCCGCACAAGCGGAGGAACATGTGGTTTAATTCGATGATACGCGAGGAACCTTACCCGGGTTTGAACGCATTCGGACCGAGGTGGAAACACCTTTTCTAGCAATAGC","GATTAGATACCCTTGGTAGTCCACGCAGTAAACGATGATCACTAGCTGTTTGCGATACAGTGTAAGCGGCACAGCGAAAGCGTTAAGTGATCCACCTGGGGAGTACGCCGGCAACGGTGAAACTCAAAGGAATTGACGGGGGCCCGCACAAGCGGAGGAACATGTGGTTTAATTCGATGATACGCGAGGAACCTTACCCGGGTTTGAACGCATTCGGACCGAGGTGGAAACACCTTTTCTAGCAATAGCC","GATTAGATACCCTTGGTAGTCCGCACGGTAAACGATGGATGCCCGCTGTTGGTCTGGATAGGTCAGCGGCCAAGCGAAAGCATTAAGCATCCCACCTGGGGAGTACGCCGGCAACGGTGAAACTCAAAGGAATTGACGGGGGCCCGCACAAGCGGAGGAACATGTGGTTTAATTCGATGATACGCGAGGAACCTTACCCGGGCTTGAATTGCAGAGGAAGGATTTGGAGACAATGACGCCCTTCGGGGCC","GATTAGATACCCTGGGTAGTCCACGCAGTAAACGATGATAACTCGTTGTCGGCGATACACAGTCGGTGACTAAGCGAAAGCGATAAGTTATCCACCTGGGGAGTACGTTCGCAAGAATGAAACTCAAAGGAATTGACGGGGCCCGCACAAGCGGAGGAACATGTGGTTTAATTCGATGATACGCGAGGAACCTTACCCGGGCTTGAAAGTTAGTGACGATTCTGGAAACAGGATTTCCCTTCGGGGCACG","GATTAGATACCCTGGGTAGTCCGCGCGGTAAACGATGGATGCCCGCTGTTGGGCCAACTGGTTCAGCGGCCAAGCGAAAGCATTAAGCATCCCACCTGGGGAGTACGCCGGCAACGGTGAAACTCAAAGGAATTGACGGGGCCCGCACAAGCGGAGGAACATGTGGTTTAATTCGATGATACGCGAGGAACCTTACCCGGGCTTGAATTGCAGAGGAAGGATTTGGAGACAATGACGCCCTTCGGGGCCT","GATTAGATACCCTTGGTAGTCCACGCCGTAAACGATGAATACTAGGTGTAGGAGGTATCGACCCCTTCTGTGCCGGAGCTAACACAATAAGTATTCCGCCTGGGAAGTACGATCGCAAGATTAAAACTCAAAGGAATTGACGGGGCCCGCACAAGCGGTGGAGTATGTGGTTTAATTCGACGCAACGCGAAGAACCTTACCAGGTCTTGACATTGATCGCTATTCCAAGAAATTGGAAGTTCCTCTTCGG","GATTAGATACCCTGGGTAGTCCACGCGGTAAACGATGGATGCTCGCTGTTTGCGTCTGACGTAAGCGGCCAAGCGAAAGCGTTAAGCATCCCACCTGGGGAGTACGCCGGCAACGGTGAAACTCAAAGGAATTGACGGGGCCCGCACAAGCGGAGGAACATGTGGTTTAATTCGATGATACGCGAGGAACCTTACCCGGGCTTGAACTGCAGGCGAACGAATCAGAGATGATGAGGCCCTTCGGGGCGCC","GGATTAGATACCCTGGGTAGTCCACACCGTAAACGATGATTACTAGGTGTTGGAGGATTGACCCCTTCAGTGCCGCAGTTAACACAATAAGTAATCCACCTGGGGAGTACGACCGCAAGGTTGAAACTCAAAGGAATTGACGGGGCCCGCACAAGCAGTGGAGTATGTGGTTTAATTCGACGCAACGCGAAGAACCTTACCAAGTCTTGACATCCCTTGACGATGCTGGAAACAGCATTTCTCTTCGGAG","GATTAGATACCCTTGGTAGTCCACGCTGTAAACGATGAATACTAGGTGTGCGGGGACTGACCCCCTGCGTGCCGCAGTTAACACAATAAGTATTCCACCTGGGGAGTACGATCGCAAGGTTGAAACTCAAAGGAATTGACGGGGGCCCGCACAAGCGGTGGATTATGTGGTTTAATTCGACGCAACGCGAAGAACCTTACCAGGGCTTGACATCCTACTAACGAAGTAGAGATACATCAGGTGCCCTTCG","GATTAGATACCCTGGGTAGTCCACGCCCTAAACGATGTTAACTAGTTGTTGGGATGTAACAATCTCAGTAACGCAGCCAACGCGAGAAGTTAACCGCCTGGGAAGTACGGTCGCAAGACTAAAACTCAAAGGAATTGACGGGACCCGCACAAGCGGTGGATGATGTGGATTAATTCGATGCAACGCGAAAACCTTACCTACCCTTGACATGTCAGGAAGCTCTTGTAATGAGAGCGTGCCCGCAAGGGAG","GGATTAGATACCCTGGGTAGTCCACGCCGTAAACGATGATTACTAGGTGTTGGTGGGTACGACCCATCGGTGCCGCAGCAAACGCAATAAGTAATCCACCTGGGGAGTACGTTCGCAAGAATGAAACTCAAAGGAATTGACGGGACCCGCACAAGCGGTGGAGCATGTGGTTTAATTCGAAGCAACGCGAAGAACCTTACCTGGTCTTGACATCCCTATGAATAACGGGCAATGCCGTTAGTACTTCGGT","AGGATTAGATACCCTTGGTAGTCCACGCCGTAAACGGTGGACGCTGGATGTGGGGCACGTTCCACGTGTTCCGTGTCGGAGCTAACGCGTTAAGCGTCCCGCCTGGGGAGTACGGCCGCAAGGCTAAAACTCAAAGAAATTGACGGGGCCCGCACAAGCGGCGGAGCATGCGGATTAATTCGATGCAACGCGAAGAACCTTACCTGGGCTTGACATGTTCCCGACGACGCCAGAGATGGCGTTTCCCTTC","GATTAGATACCCTTGGTAGTCCACACCGTAAACGATGATTACTAGGTGTTGGAGGATTGACCCCTTCAGTGCCGCAGTTAACACAATAAGTAATCCACCTGGGGAGTACGACCGCAAGGTTGAAACTCAAAGGAATTGACGGGGCCCGCACAAGCAGTGGAGTATGTGGTTTAATTCGACGCAACGCGAAGAACCTTACCAAGTCTTGACATCCCTTGACGATGCTGGAAACAGCATTTCTCTTCGGAGC","GGATTAGATACCCTTGGTAGTCCACGCCGTAAACGATGGATACTAGGTGTAGGAGGTATCGACCCCTCCTGTGCCGGAGTTAACGCAATAAGTATCCCGCCTGGGAAGTACGATCGCAAGATTAAAACTCAAAGGAATTGACGGGGCCCGCACAAGCGGTGGAGTATGTGGTTTAATTCGACGCAACGCGAAGAACCTTACCAGGTCTTGACATTGATCGCGATCTGCAGAAATGCGGAGTTCTTCTTCG","AGGATTAGATACCCTTGGTAGTCCACGCCGTAAACGATGACTGCTAGGTGTCGGGTGGCAAAGCCATTCGGTGCCGCAGCAAACGCAATAAGCAGTCCACCTGGGGAGTACGTTCGCAAGAATGAAACTCAAAGGAATTGACGGGGACCCGCACAAGCGGTGGAGCATGTGGTTTAATTCGAAGCAACGCGAAGAACCTTACCTGATCTTGACATCCCGATGACCGCTTCGTAATGGAAGCTTTTCTTCG","AGGATTAGATACCCTTGGTAGTCCACGCCGTAAACGATGTCAATTAGGAGCTTGGGCAGAAGTCTGGGTTCCGCAGCTAACGCAATAAATTGACCGCCTGGGGAGTACGGCCGCAAGGTTAAAACTCAAATGAATTGACGGGGCCCGCACAAGCGGTGGAGCATGTGGTTTAATTCGACGCAACGCGAAGAACCTTACCTGATCTTGACATCGTAAGAACCTCACTGAAGGGTGAGGGTGCCTTCGGGAA","GATTAGATACCCTTGGTAGTCCACACGGTAAACGATGAATACTCGCTGTTTGCGATATACGGCAAGCGGCCAAGCGAAAGCGTTAAGTATTCCACCTGGGGAGTACGCCGGCAACGGTGAAACTCAAAGGAATTGACGGGGCCCGCACAAGCGGAGGAACATGTGGTTTAATTCGATGATACGCGAGGAACCTTACCCGGGCTTAAATTGCACTCGAATGATCCGGAAACGGTTCAGCTAGCAATAGCGA","GATTAGATACCCTTGGTAGTCCACACCGTAAACGATGGATACTAGGTGTAGGAGGTATCGACCCCTTCTGTGCCGCAGTTAACACAATAAGTATCCCACCTGGGGAGTACGACCGCAAGGTTGAAACTCAAAGGAATTGACGGGGCCCGCACAAGCAGTGGAGTATGTGGTTTAATTCGAAGCAACGCGAAGAACCTTACCTGGGCTTGACATCCCTGGAATCGAGTAGAGATACTTGAGTGCCTTCGGG","AGGATTAGATACCCTTGGTAGTCCACGCCGTAAACGATGAATACTAGGTGTTGGGGAGCATTGCTCTTCGGTGCCGTCGCAAACGCAGTAAGTATTCCACCTGGGGAGTACGTTCGCAAGAATGAAACTCAAAGGAATTGACGGGGACCCGCACAAGCGGTGGAGCATGTGGTTTAATTCGAAGCAACGCGAAGAACCTTACCAAGTCTTGACATCCTTCTGACCGGTACTTAACCGTACCTTCTCTTCG","GGATTAGATACCCTTGGTAGTCCACGCCGTAAACGATGACTACTAGGTGTCGGGCAGCAAAGCTGTTCGGTGCCGCAGCAAACGCAATAAGTAGTCCACCTGGGGAGTACGTTCGCAAGAATGAAACTCAAAGGAATTGACGGGGACCCGCACAAGCGGTGGAGCATGTGGTTTAATTCGAAGCAACGCGAAGAACCTTACCTGCTCTTGACATCTCCCTGACCGGCAAGTAATGTTGCCTTTCCTTCGG","GATTAGATACCCTTGGTAGTCCACGCTGTAAACGATGTCGATTTGGGGGTTGAGCTATAAGTTTGGCGCCCGTAGCTAACGTGATAAATCGACCGCCTGGGGAGTACGGCCGCAAGGTTAAAACTCAAATGAATTGACGGGGCCCGCACAAGCGGTGGAGCATGTGGTTTAATTCGATGCAACGCGAAGAACCTTACCTACTCTTGACATCCAGAGAACATTCCAGAGATGGATTGGTGCCTTCGGGAAC","GATTAGATACCCTGGGTAGTCCACACCGTAAACGATGGATACTAGGTGTAGGAGGTATCGACCCCTTCTGTGCCGCAGTTAACACAATAAGTATCCCACCTGGGGAGTACGACCGCAAGGTTGAAACTCAAAGGAATTGACGGGGCCCGCACAAGCAGTGGAGTATGTGGTTTAATTCGAAGCAACGCGAAGAACCTTACCTGGGCTTGACATCCCTGGAATCGAGTAGAGATACTTGAGTGCCTTCGGG","GGATTAGATACCCTTGGTAGTCCACACAGTAAACGATGAATACTCGCTGTTGGCGATACACAGTCAGCGGCCAAGCGAAAGCATTAAGTATTCCACCTGGGGAGTACGCCGGCAACGGTGAAACTCAAAGGAATTGACGGGGGCCCGCACAAGCGGAGGAACATGTGGTTTAATTCGATGATACGCGAGGAACCTTACCCGGGCTTAAATTGCAGTGGAATGTAGTGGAAACATTACAGCCTTCGGGCCG","GATTAGATACCCTGGGTAGTCCACGCCGTAAACGATGATTGCTAGGTGTAGGTGGGTATGGACCCATCGGTGCCGCAGCTAACGCAATAAGCAATCCACCTGGGGAGTACGTTCGCAAGAATGAAACTCAAAGGAATTGACGGGGACCCGCACAAGCGGTGGAGCATGTGGTTTAATTCGAAGCAACGCGAAGAACCTTACCAGGTCTTGACATCCCGATGAAAAACCCGTAACGGGGTTCCCTCTTCGG","GGATTAGATACCCTGGGTAGTCCACACTGTAAACGATGAATGCTAGGTGTAGGGGGTATCGACCCCTTCTGTGCCGCAGTCAACACAATAAGCATTCCGCCTGGGGAGTACGGCCGCAAGGTTGAAACTCAAAGGAATTGACGGGGGCCCGCACAAGCAGCGGAGCATGTGGTTTAATTCGACGCAACGCGAAGAACCTTACCAGGTCTTGACATCCACTTAAACTTACAGAGATGTAAGGTGTGCTTGC","GGATTAGATACCCTTGGTAGTCCACACGGTAAACGATGGATACTCGCTGTTGGCGATATACGGTCAGCGGCTTAGCGAAAGCGTTAAGTATCCCACCTGGGGAGTACGCCGGCAACGGTGAAACTCAAAGGAATTGACGGGGCCCGCACAAGCGGAGGAACATGTGGTTTAATTCGATGATACGCGAGGAACCTTACCCGGGCTTAAATTGCACTGGACTATTCTGGAAACAGGATATTCTTCGGACCAG","GATTAGATACCCTGGGTAGTCCACGCCGTAAACGATGACTACTAGGTGTCGGGTGGCAAAGCCATTCGGTGCCGCAGCCAACGCAATAAGTAGTCCACCTGGGGAGTACGTTCGCAAGAATGAAACTCAAAGGAATTGACGGGGACCCGCACAAGCGGTGGAGCATGTGGTTTAATTCGAAGCAACGCGAAGAACCTTACCTGCTCTTGACATCCCGGTGACGGCAGAGTAATGTCTGCTTTTCTTCGGA","GGATTAGATACCCTTGGTAGTCCACACAGTAAACGATGAATACTCGCTGTTTGCGATATACAGTAAGCGGCCAAGCGAAAGCATTAAGTATTCCACCTGGGGAGTACGCCGGCAACGGTGAAACTCAAAGGAATTGACGGGGCCCGCACAAGCGGAGGAACATGTGGTTTAATTCGATGATACGCGAGGAACCTTACCCGGGCTTAAATTGCATTTGAATAATCTGGAAACAGGTTAGCCGCAAGGCAAA","GGATTAGATACCCTTGGTAGTCCACACAGTAAACGATGAATACTCGCTGTTTGCGATATACAGTAAGCGGCCAAGCGAAAGCATTAAGTATTCCACCTGGGGAGTACGCCGGCAACGGTGAAACTCAAAGGAATTGACGGGGCCCGCACAAGCGGAGGAACATGTGGTTTAATTCGATGATACGCGAGGAACCTTACCCGGGCTTAAATTGCAAATGAATTATGGGGAAACCCATAGGCCGTAAGGCATT","GATTAGATACCCTGGGTAGTCCACGCGGTAAACGATGGATGCTCGCTGTTTGCGTCTGACGTAAGCGGCCAAGCGAAAGCGTTAAGCATCCCACCTGGGGAGTACGCCGGCAACGGTGAAACTCAAAGGAATTGACGGGGCCCGCACAAGCGGAGGAACATGTGGTTTAATTCGATGATACGCGAGGAACCTTACCCGGGCTTGAACTGTAGGCGAACGATTCAGAGATGATGAGGCCCTTCGGGGCGCC","GATTAGATACCCTTGGTAGTCCACGCTGTAAACGATGTCGATTTGGGGGTTGAACTTTAGGTTTGGCGCCCGTAGCTAACGTGATAAATCGACCGCCTGGGGAGTACGGCCGCAAGGTTAAAACTCAAATGAATTGACGGGGCCCGCACAAGCGGTGGAGCATGTGGTTTAATTCGATGCAACGCGAAGAACCTTACCTACTCTTGACATCCAGAGAACATTCCAGAGATGGATTGGTGCCTTCGGGAAC","GATTAGATACCCTGGGTAGTCCGCACGGTAAACGATGGATGCCCGCTGTTGGTCTGAATAGGTCAGTGGCCAAGCGAAAGCATTAAGCATCCCACCTGGGGAGTACGCCGGCAACGGTGAAACTCAAAGGAATTGACGGGGGCCCGCACAAGCGGAGGAACATGTGGTTTAATTCGATGATACGCGAGGAACCTTACCCGGGCTTGAATTGCAGAGGAAGGATTTGGAGACAATGACGCCCTTCGGGGTC","AGGATTAGATACCCTTGGTAGTCCACGCAGTAAACGATGATAACTCGTTGTCGGCGATACACAGTCGGTGACTAAGCGAAAGCGATAAGTTATCCACCTGGGGAGTACGTTCGCAAGAATGAAACTCAAAGGAATTGACGGGGGCCCGCACAAGCGGAGGAACATGTGGTTTAATTCGATGATACGCGAGGAACCTTACCCGGGCTTGAAAGTTACTGACGATTCTGGAAACAGGATTTCCCTTTGGGGC","GGATTAGATACCCTGGGTAGTCCACGCCGTAAACGATGATTACTAGGTGTTGGGGGTCGAACCTCAGCGCCCAAGCTAACGCGATAAGTAATCCGCCTGGGGAGTACGTACGCAAGTATGAAACTCAAAGGAATTGACGGGACCCGCACAAGCGGTGGAGCATGTGGTTTAATTCGACGCAACGCGAGGAACCTTACCAGCGTTTGACATCCTAAGAAATTAGCAGAGATGCTTTTGTGCCCCTTCGGGG","GATTAGATACCCTGGGTAGTCCACGCGGTAAACGATGGATGCTCGCTGTTTGCGTCTGACGTAAGCGGCCAAGCGAAAGCGTTAAGCATCCCACCTGGGGAGTACGCCGGCAACGGTGAAACTCAAAGGAATTGACGGGGGCCCGCACAAGCGGAGGAACATGTGGTTTAATTCGATGATACGCGAGGAACCTTACCCGGGCTTGAACTGCAGGCGAACGATACAGAGATGTTGAGGCCCTTCGGGGCGC","AGGATTAGATACCCTTGGTAGTCCACACCGTAAACGATGATTACTAGGTGTTGGAGGATTGACCCCTTCAGTGCCGCAGTTAACACAATAAGTAATCCACCTGGGGAGTACGACCGCAAGGTTGAAACTCAAAGGAATTGACGGGGCCCGCACAAGCAGTGGAGTATGTGGTTTAATTCGACGCAACGCGAAGAACCTTACCAAGTCTTGACATCCCTTGACAGACATAGAAATATGTAATCTCTTCGGA","GATTAGATACCCTGGGTAGTCCACGCCGTAAACGATGAATACTAGGTGTAGGGGTTGTCATGACCTCTGTGCCGCCGCTAACGCATTAAGTATTCCGCCTGGGGAGTACGGTCGCAAGATTAAAACTCAAAGGAATTGACGGGGCCCGCACAAGCAGCGGAGCATGTGGTTTAATTCGAAGCAACGCGAAGAACCTTACCTAGACTTGACATCTCCTGCATTACCCTTAATCGGGAAAGTTCCTTCGGGG","GGATTAGATACCCTGGGTAGTCCACGCTGTAAACGATGAATACTAGGTGTGCGGGGACTGACCCCCTGCGTGCCGCAGTTAACACAATAAGTATTCCACCTGGGGAGTACGATCGCAAGGTTGAAACTCAAAGGAATTGACGGGGGCCCGCACAAGCGGTGGATTATGTGGTTTAATTCGAAGCAACGCGAAGAACCTTACCAGGGCTTGACATCCTACTAACGAGATAGAGATATGTTAGGTGCCCTTC","GGATTAGATACCCTGGGTAGTCCACGCCGTAAACGATGACTGCTAGGTGTCGGGTGGCAAAGCCATTCGGTGCCGCAGCTAACGCAATAAGCAGTCCACCTGGGGAGTACGTTCGCAAGAATGAAACTCAAAGGAATTGACGGGGACCCGCACAAGCGGTGGAGCATGTGGTTTAATTCGAAGCAACGCGAAGAACCTTACCTGATCTTGACATCCCGATGACCGCTTCGTAATGGAAGCTTTTCTTCGG","AGGATTAGATACCCTTGGTAGTCCGCACAGTCAACTATGCACACTAGGTGTCTGGGTCTAAGCCCGGGTGCCGCAGCAAACGCGATAAGTGTGCCGCCTGGGGAGTATGCCCGCAAGGGTGAAACTCAAAGGAATTGACGGGGGCCCGCACAAGCGGTGGAGCATGTGGTTTAATTCGATGGTACGCGAGGAACCTTACCTGGGTTTGACATGCATAGGAATGGCCTGGAGACAGGTCAGCGCAGCAATG","AGGATTAGATACCCTGGGTAGTCCACGCCGTAAACGGTGGATGCTGGATGTGGGGACCATTCCACGGTCTCCGTGTCGGAGCCAACGCGTTAAGCATCCCGCCTGGGGAGTACGGCCGCAAGGCTAAAACTCAAAGAAATTGACGGGGCCCGCACAAGCGGCGGAGCATGCGGATTAATTCGATGCAACGCGAAGAACCTTACCTGGGCTTGACATGTTCCCGACGACGCCAGAGATGGCGTTTCCCTTC","GGATTAGATACCCTGGGTAGTCCACGCCGTAAACGATGATTACTAGGTGTGGGGGACTGACCCCTTCCGTGCCGCAGCAAACGCAATAAGTAATCCACCTGGGGAGTACGACCGCAAGGTTGAAACTCAAAGGAATTGACGGGGCCCGCACAAGCAGTGGAGTATGTGGATTAATTCGAAGCAACGCGAAGAACCTTACCAGGTCTTGACATCGTATGCATAGCTCAGAGATGAGTGAAATCTCTTCGGA","GATTAGATACCCTGGGTAGTCCACGCCGTAAACGATGTCGACTTGGAGGTTGTGCCCTTGAGGCGTGGCTTCCGGAGCTAACGCGTTAAGTCGACCGCCTGGGGAGTACGGCCGCAAGGTTAAAACTCAAATGAATTGACGGGGCCCGCACAAGCGGTGGAGCATGTGGTTTAATTCGATGCAACGCGAAGAACCTTACCTGGTCTTGACATCCACGGAAGTTTTCAGAGATGAGAATGTGCCTTCGGGA","GGATTAGATACCCTTGGTAGTCCACACAGTAAACGATGAATACTCGCTGTTTGCGATATACAGTAAGCGGCCAAGCGAAAGCATTAAGTATTCCACCTGGGGAGTACGCCGGCAACGGTGAAACTCAAAGGAATTGACGGGGGCCCGCACAAGCGGAGGAACATGTGGTTTAATTCGATGATACGCGAGGAACCTTACCCGGGCTTAAATTGCAACAGAATATATTGGAAACAGTATAGCCGTAAGGCTG","GGATTAGATACCCTTGGTAGTCCACGCCGTAAACGATGTCGACTTGGAGGTTGTGCCCTTGAGGCGTGGCTTCCGGAGCTAACGCGTTAAGTCGACCGCCTGGGGAGTACGGCCGCAAGGTTAAAACTCAAATGAATTGACGGGGCCCGCACAAGCGGTGGAGCATGTGGTTTAATTCGATGCAACGCGAAGAACCTTACCTACTCTTGACATCCAGAGAACTTAGCAGAGATGCTTTGGTGCCTTCGGG","GATTAGATACCCTTGGTAGTCCATGCCGTAAACGATGATTACTAGGTGTTGGGGGATTGACCCCCTCAGTGCCGCAGTTAACACAATAAGTAATCCACCTGGGGAGTACGACCGCAAGGTTGAAACTCAAAGGAATTGACGGGGCCCGCACAAGCAGTGGAGTATGTGGTTTAATTCGAAGCAACGCGAAGAACCTTACCAGGTCTTGACATCCGATGCATAACACAGAGATGTGTGAAATCCTTCGGGA","GATTAGATACCCTGGGTAGTCCATGCCGTAAACGATGATTACTAGGTGTTGGGGGATTGACCCCCTCAGTGCCGCAGTTAACACAATAAGTAATCCACCTGGGGAGTACGACCGCAAGGTTGAAACTCAAAGGAATTGACGGGGCCCGCACAAGCAGTGGAGTATGTGGTTTAATTCGAAGCAACGCGAAGAACCTTACCAGGTCTTGACATCCGATGCATAACACAGAGATGTGTGAAATCCTTCGGGA","GATTAGATACCCTTGGTAGTCCGCGCGGTAAACGATGGATGCCCGCTGTTGGGCCAACTGGTTCAGCGGCCAAGCGAAAGCATTAAGCATCCCACCTGGGGAGTACGCCGGCAACGGTGAAACTCAAAGGAATTGACGGGGGCCCGCACAAGCGGAGGAACATGTGGTTTAATTCGATGATACGCGAGGAACCTTACCCGGGCTTGAATTGCAGAGGAAGGATTTGGAGACAATGACGCCCTTCGGGGCC","GGATTAGATACCCTGGGTAGTCCACGCCGTAAACGGTGGATGCTGGATGTGGGGCCCGTTCCACGGGTTCCGTGTCGGAGCTAACGCGTTAAGCATCCCGCCTGGGGAGTACGGCCGCAAGGCTAAAACTCAAAGAAATTGACGGGGCCCGCACAAGCGGCGGAGCATGCGGATTAATTCGATGCAACGCGAAGAACCTTACCTGGGCTTGACATGTTCCCGACGGTCGTAGAGATACGGCTTCCCTTCG","GATTAGATACCCTGGGTAGTCCACGCGGTAAACGATGGATGCTCGCTGTTTGCGTCTGACGTAAGCGGCCAAGCGAAAGCGTTAAGCATCCCACCTGGGGAGTACGCCGGCAACGGTGAAACTCAAAGGAATTGACGGGGGCCCGCACAAGCGGAGGAACATGTGGTTTAATTCGATGATACGCGAGGAACCTTACCCGGGCTTGAACTGTAGGCGAACGATTCAGAGATGATGAGGCCCTTCGGGGCGC","GGATTAGATACCCTGGGTAGTCCACACAGTAAACGATGAATACTCGCTGTTGGCGATACACAGTCAGCGGCCAAGCGAAAGCATTAAGTATTCCACCTGGGGAGTACGCCGGCAACGGTGAAACTCAAAGGAATTGACGGGGGCCCGCACAAGCGGAGGAACATGTGGTTTAATTCGATGATACGCGAGGAACCTTACCCGGGCTTAAATTGCAGTGGAATGTAGTGGAAACATTACAGCCTTCGGGCCG","AGGATTAGATACCCTGGGTAGTCCACGCCGTAAACGATGAATACTAGGTGTCGGGGGTTTATGAACCTTCGGTGCCGCAGCAAACGCAATAAGTATTCCACCTGGGGAGTACGTTCGCAAGAATGAAACTCAAAGGAATTGACGGGACCCGCACAAGCGGTGGAGCATGTGGTTTAATTCGAAGCAACGCGAAGAACCTTACCAAGTCTTGACATCCCATTGACCGGGACTTAATCGTCCCTTCTCTTCG","GATTAGATACCCTGGGTAGTCCGCACGGTAAACGATGGATGCCCGCCGTGGGTATCGTAGATATCCGCGGCCAAGCGAAAGCGTTAAGCATCCCACCTGGGGAGTACGCCGGCAACGGTGAAACTCAAAGGAATTGACGGGGCCCGCACAAGCGGAGGAACATGTGGTTTAATTCGATGATACGCGAGGAACCTTACCCGGGCTTGAATTGCAGATGAAGGATACAGAGATGTTGACGCCCTTCGGGGCA","GGATTAGATACCCTGGGTAGTCCACGCCGTAAACGATGTCGACTTGGAGGTTGTGCCCTTGAGGCGTGGCTTCCGGAGCTAACGCGTTAAGTCGACCGCCTGGGGAGTACGGCCGCAAGGTTAAAACTCAAATGAATTGACGGGGCCCGCACAAGCGGTGGAGCATGTGGTTTAATTCGATGCAACGCGAAGAACCTTACCTACTCTTGACATCCAGAGAACTTAGCAGAGATGCTTTGGTGCCTTCGGG","GATTAGATACCCTTGGTAGTCCACGCCCTAAACGATGTCTACTGGTTGTTGGGGTTTTTAACCTTGGTAACGAAGCTAACGCGTGAAGTAGACCGCCTGGGGAGTACGGTCGCAAGATTAAAACTCAAAGGAATTGACGGGGACCCGCACAAGCGGTGGATGATGTGGATTAATTCGATGCAACGCGAAAACCTTACCTAGCCTTGACATGCCAGGAATCCTGAAGAGATTCGGGAGTGCCCGCAAGGGA","GATTAGATACCCTGGGTAGTCCACGCAGTAAACGATGATCACTAGCTGTTTGCGATACACTGTAAGCGGCACAGCGAAAGCGTTAAGTGATCCACCTGGGGAGTACGCCGGCAACGGTGAAACTCAAAGGAATTGACGGGGGCCCGCACAAGCGGAGGAACATGTGGTTTAATTCGATGATACGCGAGGAACCTTACCCGGGTTTGAACGCATTCGGACCGAGGTGGAAACACCTTTTCTAGCAATAGCC","GGATTAGATACCCTTGGTAGTCCACACGGTAAACGATGAATACTCGCTGTAGGCGATATACAGTCTGCGGCCAAGCGAAAGCATTAAGTATTCCACCTGGGGAGTACGCCGGCAACGGTGAAACTCAAAGGAATTGACGGGGCCCGCACAAGCGGAGGAACATGTGGTTTAATTCGATGATACGCGAGGAACCTTACCCGGGCTTAAATTGCAACCGAATATGGCGGAAACGCTATAGCTAGCAATAGCG","GGATTAGATACCCTTGGTAGTCCACACAGTAAACGATGAATACTCGCTGTTTGCGATATACAGTAAGCGGCCAAGCGAAAGCATTAAGTATTCCACCTGGGGAGTACGCCGGCAACGGTGAAACTCAAAGGAATTGACGGGGGCCCGCACAAGCGGAGGAACATGTGGTTTAATTCGATGATACGCGAGGAACCTTACCCGGGCTTAAATTGCAGTGGAATGATGTGGAAACATGTCAGTGAGCAATCAC","GGATTAGATACCCTGGGTAGTCCACACGGTAAACGATGGATACTCGCTGTTGGCGATATACTGTCAGCGGCCAAGCGAAAGCATTAAGTATCCCACCTGGGGAGTACGCCGGCAACGGTGAAACTCAAAGGAATTGACGGGGCCCGCACAAGCGGAGGAACATGTGGTTTAATTCGATGATACGCGAGGAACCTTACCCGGGCTTAAATTGCAGACGAATTACGAGGAAACTTGTAAGCCGCAAGGCGTC","GGATTAGATACCCTGGGTAGTCCACGCAGTAAACGATGATAACTCGTTGTCGGCGATACACAGTCGGTGACTAAGCGAAAGCGATAAGTTATCCACCTGGGGAGTACGTTCGCAAGAATGAAACTCAAAGGAATTGACGGGGCCCGCACAAGCGGAGGAACATGTGGTTTAATTCGATGATACGCGAGGAACCTTACCCGGGCTTGAAAGTTACTGACGATTCTGGAAACAGGATTTCCCTTTGGGGCAG","AGGATTAGATACCCTTGGTAGTCCATGCCGTAAACGATGATTACTAGGTGTTGGAGGATTGACCCCTTCAGTGCCGCAGTTAACACAATAAGTAATCCACCTGGGGAGTACGACCGCAAGGTTGAAACTCAAAGGAATTGACGGGGCCCGCACAAGCAGTGGAGTATGTGGTTTAATTCGAAGCAACGCGAAGAACCTTACCAGGTCTTGACATCCGATGCATAGTGCAGAGATGCGTGAAGTCCTTCGG","GATTAGATACCCTGGGTAGTCCACACGGTAAACGATGAATACTCGCTGTTTGCGATATACGGCAAGCGGCCAAGCGAAAGCGTTAAGTATTCCACCTGGGGAGTACGCCGGCAACGGTGAAACTCAAAGGAATTGACGGGGCCCGCACAAGCGGAGGAACATGTGGTTTAATTCGATGATACGCGAGGAACCTTACCCGGGCTTAAATTGCACTCGAATGATCCGGAAACGGTTCAGCTAGCAATAGCGA","AGGATTAGATACCCTGGGTAGTCCACGCCGTAAACGATGTCAATTAGGAGCTTGGGCAGAAGTCTGGGTTCCGCAGCTAACGCAATAAATTGACCGCCTGGGGAGTACGGCCGCAAGGTTAAAACTCAAATGAATTGACGGGGCCCGCACAAGCGGTGGAGCATGTGGTTTAATTCGACGCAACGCGAAGAACCTTACCTGATCTTGACATCGTAAGAACCTCACTGAAGGGTGAGGGTGCCTTCGGGAA","GATTAGATACCCTGGGTAGTCCACGCCGTAAACGATGAATACTAGGTGTAGGAGGTATCGACCCCTTCTGTGCCGGAGCTAACACAATAAGTATTCCGCCTGGGAAGTACGATCGCAAGATTAAAACTCAAAGGAATTGACGGGGGCCCGCACAAGCGGTGGAGTATGTGGTTTAATTCGACGCAACGCGAAGAACCTTACCAGGTCTTGACATTGATCGCTATTCCAAGAAATTGGAAGTTCCTCTTCG","GATTAGATACCCTTGGTAGTCCACGCAGTAAACGATGATCACTAGCTGTTTGCGATACACTGTAAGCGGCACAGCGAAAGCGTTAAGTGATCCACCTGGGGAGTACGCCGGCAACGGTGAAACTCAAAGGAATTGACGGGGGCCCGCACAAGCGGAGGAACATGTGGTTTAATTCGATGATACGCGAGGAACCTTACCCGGGTTTGAACGCATTCGGACCGAGGTGGAAACACCTTTTCTAGCAATAGCC","AGGATTAGATACCCTGGGTAGTCCACGCCGTAAACGGTGGACGCTGGATGTGGGGCACGTTCCACGTGTTCCGTGTCGGAGCTAACGCGTTAAGCGTCCCGCCTGGGGAGTACGGCCGCAAGGCTAAAACTCAAAGAAATTGACGGGGCCCGCACAAGCGGCGGAGCATGCGGATTAATTCGATGCAACGCGAAGAACCTTACCTGGGCTTGACATGTTCCCGACGACGCCAGAGATGGCGTTTCCCTTC","GATTAGATACCCTTGGTAGTCCACACTGTAAACGATGATTGCTAGGTGTGGGGGGTCTGACCCCTTCCGTGCCGCAGCTAACGCAATAAGCAATCCACCTGGGGAGTACGACCGCAAGGTTGAAACTCAAAGGAATTGACGGGGACCCGCACAAGCAGTGGATTATGTGGTTTAATTCGAAGCAACGCGAAGAACCTTACCAGCACTTGACATCCAACTAACGAAATAGAGATATATTAGGTGCCCTTCG","GATTAGATACCCTGGGTAGTCCACGCCGTAAACGGTGGACGCTGGATGTGGGGCACGTTCCACGTGTTCCGTGTCGGAGCTAACGCGTTAAGCGTCCCGCCTGGGGAGTACGGCCGCAAGGCTAAAACTCAAAGAAATTGACGGGGCCCGCACAAGCGGCGGAGCATGCGGATTAATTCGATGCAACGCGAAGAACCTTACCTGGGCTTGACATGTTCCCGACGACGCCAGAGATGGCGTTTCCCTTCGG","GGATTAGATACCCTGGGTAGTCCACGCCGTAAACGATGATTACTAGGTGTTGGTGGGTATGACCCATCGGTGCCGCAGCAAACGCAATAAGTAATCCACCTGGGGAGTACGTTCGCAAGAATGAAACTCAAAGGAATTGACGGGGACCCGCACAAGCGGTGGAGCATGTGGTTTAATTCGAAGCAACGCGAAGAACCTTACCTGGTCTTGACATCCCTATGAATAACGGGCAATGCCGTTAGTACTTCGG","AGGATTAGATACCCTGGGTAGTCCACGCGGTAAACGATGGATGCCCGCTGTTTGCGTCTGACGCAAGCGGCCAAGCGAAAGCGTTAAGCATCCCACCTGGGGAGTACGCCGGCAACGGTGAAACTCAAAGGAATTGACGGGGCCCGCACAAGCGGAGGAACATGTGGTTTAATTCGATGATACGCGAGGAACCTTACCCGGGCTTGAACTGCAGCGGACGGATACAGAGATGTTGACTCCCTTCGGGGCC","GATTAGATACCCTGGGTAGTCCACGCCGTAAACGATGAATACTAGGTGTCGGAAAGCACAGCTTTTCGGTGCCGCCGCAAACGCATTAAGTATTCCACCTGGGGAGTACGTTCGCAAGAATGAAACTCAAAGGAATTGACGGGACCCGCACAAGCGGTGGAGCATGTGGTTTAATTCGAAGCAACGCGAAGAACCTTACCAAGTCTTGACATCCTTCTGACCGGACAGTAATGTGTCCTTTCCTTCGGGA","GATTAGATACCCTGGGTAGTCCACGCCGTAAACGATGAATACTAGGTGTCGGGAAGCACAGCTTTTCGGTGCCGCCGCAAACGCATTAAGTATTCCACCTGGGGAGTACGTTCGCAAGAATGAAACTCAAAGGAATTGACGGGACCCGCACAAGCGGTGGAGCATGTGGTTTAATTCGAAGCAACGCGAAGAACCTTACCAAGTCTTGACATCCCGGTGACCGGACAGTAATGTGTCCTTTTCTTCGGAA","GATTAGATACCCTTGGTAGTCCACGCCGTAAACGATGATTGCTAGGTGTAGGTGGGTATGGACCCATCGGTGCCGCAGCTAACGCAATAAGCAATCCACCTGGGGAGTACGTTCGCAAGAATGAAACTCAAAGGAATTGACGGGGACCCGCACAAGCGGTGGAGCATGTGGTTTAATTCGAAGCAACGCGAAGAACCTTACCAGGTCTTGACATCCCGATGAAAAACCCGTAACGGGGTTCCCTCTTCGG","GATTAGATACCCTTGGTAGTCCACGCAGTAAACGATGATAACTCGTTGTCGGCGATACACAGTCGGTGACTAAGCGAAAGCGATAAGTTATCCACCTGGGGAGTACGTTCGCAAGAATGAAACTCAAAGGAATTGACGGGGGCCCGCACAAGCGGAGGAACATGTGGTTTAATTCGATGATACGCGAGGAACCTTACCCGGGCTTGAAAGTTAGCGACGATTCTTGAAAGAGGATTTCCCTTCGGGGCGC","GATTAGATACCCTGGGTAGTCCACACTGTAAACGATGATTGCTAGGTGTGGGGGTCTGACCCCCTCCGTGCCGGAGTTAACGCAATAAGCAATCCACCTGGGGAGTACGGCCGCAAGGTTGAAACTCAAAGGAATTGACGGGACCCGCACAAGCAGTGGATTATGTGGTTTAATTCGAAGCAACGCGAAGAACCTTACCAGGTCTTGACATCCGACTAACGAGATAGAGATATGTCAGGTGCCCTTCGGG","GGATTAGATACCCTGGGTAGTCCACGCCGTAAACGGTGGATGCTGGATGTGGGGACCATTCCACGGTCTCCGTGTCGGAGCCAACGCGTTAAGCATCCCGCCTGGGGAGTACGGCCGCAAGGCTAAAACTCAAAGAAATTGACGGGGCCCGCACAAGCGGCGGAGCATGCGGATTAATTCGATGCAACGCGAAGAACCTTACCTGGGCTTGACATGTTCCCGACAGCCGTAGAGATACGGTCTCCCTTCG","GGATTAGATACCCTTGGTAGTCCATGCCGTAAACGATGATTACTAGGTGTGGGGGACTGACCCCTTCCGTGCCGCAGTTAACACAATAAGTAATCCACCTGGGGAGTACGGCCGCAAGGTTGAAACTCAAAGGAATTGACGGGGCCCGCACAAGCAGTGGAGTATGTGGTTTAATTCGAAGCAACGCGAAGAACCTTACCAGGTCTTGACATCCTGAGAATCCTTAAGAGATTAGGGAGTGCCTTCGGGA","GGATTAGATACCCTTGGTAGTCCACGCCGTAAACGGTGGATGCTGGATGTGGGGCCCGTTCCACGGGTTCCGTGTCGGAGCTAACGCGTTAAGCATCCCGCCTGGGGAGTACGGCCGCAAGGCTAAAACTCAAAGAAATTGACGGGGCCCGCACAAGCGGCGGAGCATGCGGATTAATTCGATGCAACGCGAAGAACCTTACCTGGGCTTGACATGTTCCCGACGGTCGTAGAGATACGGCTTCCCTTCG","AGGATTAGATACCCTGGGTAGTCCACGCCGTAAACGATGAATACTAGGTGTTGGCAACCAAAGGTTGTCAGTGCCGCCGCAAACGCATTAAGTATTCCACCTGGGGAGTACGTTCGCAAGAATGAAACTCAAAGGAATTGACGGGACCCGCACAAGCGGTGGAGCATGTGGTTTAATTCGAAGCAACGCGAAGAACCTTACCAAGTCTTGACATCCCACTGACCGGTTCGTAAATGAACCTTCTCTTCGG","AGGATTAGATACCCTTGGTAGTCCGCACGGTAAACGATGGATGCCCGGTGTTTGCGATATACAGTGAGCGCCCAAGCGAAAGCGTTAAGCATCCCACCTGGGGAGTACGCCGGCAACGGTGAAACTCAAAGGAATTGACGGGGCCCGCACAAGCGGAGGAACATGTGGTTTAATTCGATGATACGCGAGGAACCTTACCCGGGCTTGAACTGTAGGCGAACGATCCAGAGATGGTGAGGCCCTTCGGGGC","GGATTAGATACCCTTGGTAGTCCACGCCGTAAACGGTGGATGCTGGATGTGGGGACCATTCCACGGTCTCCGTGTCGGAGCCAACGCGTTAAGCATCCCGCCTGGGGAGTACGGCCGCAAGGCTAAAACTCAAAGAAATTGACGGGGCCCGCACAAGCGGCGGAGCATGCGGATTAATTCGATGCAACGCGAAGAACCTTACCTGGGCTTGACATGTTCCCGACAGCCGTAGAGATACGGTCTCCCTTCG","GATTAGATACCCTTGGTAGTCCACACAGTAAACGATGAATACTCGCTGTTGGCGATATACGGTCAGCGGCCAAGCGAAAGCATTAAGTATTCCACCTGGGGAGTACGCCGGCAACGGTGAAACTCAAAGGAATTGACGGGGGCCCGCACAAGCGGAGGAACATGTGGTTTAATTCGATGATACGCGAGGAACCTTACCCGGGCTTAAATTGCAACTGACTGAACCGGAAACGGTTCTTTCTTCGGACAGT","GATTAGATACCCTGGGTAGTCCACGCGGTAAACGATGGATGCTCGCTGTTTGCGTCTGACGTAAGCGGCCAAGCGAAAGCGTTAAGCATCCCACCTGGGGAGTACGCCGGCAACGGTGAAACTCAAAGGAATTGACGGGGCCCGCACAAGCGGAGGAACATGTGGTTTAATTCGATGATACGCGAGGAACCTTACCCGGGCTTGAACTGCAGCGGACGGAAACAGAGATGTTGACTCCCTTCGGGGCCGC","GATTAGATACCCTTGGTAGTCCACACCGTAAACGATGATTACTAGGTGTTGGAGGATTGACCCCTTCAGTGCCGCAGTTAACACAATAAGTAATCCACCTGGGGAGTACGACCGCAAGGTTGAAACTCAAAGGAATTGACGGGGCCCGCACAAGCAGTGGAGTATGTGGTTTAATTCGACGCAACGCGAAGAACCTTACCAAGTCTTGACATCCCTTGACAGGCATAGAAATATGTAATCTCTTCGGAGC","GGATTAGATACCCTTGGTAGTCCACACTGTAAACGATGATAGCTAGGTGTGGGGGTCTGACCCCTTCCGTGCCGGAGTTAACGCAATAAGCTATCCACCTGGGGAGTACGACCGCAAGGTTGAAACTCAAAGGAATTGACGGGGCCCGCACAAGCAGTGGATTATGTGGTTTAATTCGAAGCAACGCGAAGAACCTTACCAGGTCTTGACATCCGACTAACGAGATAGAGATATGTCAGGTGCCCTTCGG","AGGATTAGATACCCTTGGTAGTCCACGCCGTAAACGATGAATACTAGGTGTTGGAGAGCATTGCTCTTCGGTGCCGCAGCAAACGCAATAAGTATTCCACCTGGGGAGTACGTTCGCAAGAATGAAACTCAAAGGAATTGACGGGGACCCGCACAAGCGGTGGAGCATGTGGTTTAATTCGAAGCAACGCGAAGAACCTTACCAAGTCTTGACATCCCGATGACCAAGTATGTAATGTACTCTCTCTTCG","GATTAGATACCCTGGGTAGTCCACGCCGTAAACGATGAATACTAGGTGTTGGTGGGCAAAGCCCATCGGTGCCGCCGCAAACGCAATAAGTATTCCACCTGGGGAGTACGTTCGCAAGAATGAAACTCAAAGGAATTGACGGGACCCGCACAAGCGGTGGAGCATGTGGTTTAATTCGAAGCAACGCGAAGAACCTTACCAAGTCTTGACATCGGAATGACCGGGAAGTAATGTTCCCTTCTCTACGGAG","GATTAGATACCCTGGGTAGTCCGCACGGTAAACGATGGATGCCCGCTATTCGCCCACCTGGGCGAGTGGCCAAGCGAAAGCGTTAAGCATCCCACCTGGGGAGTACGCCGGCAACGGTGAAACTCAAAGGAATTGACGGGGCCCGCACAAGCGGAGGAACATGTGGTTTAATTCGATGATACGCGAGGAACCTTACCCGGGCTTGAATTGCAGAGGAAGGATTTAGAGATAATGACGCCCTTCGGGGCCT","AGGATTAGATACCCTTGGTAGTCCGCGCGGTAAACGATGGATGCCCGCTGTGGCGCGCCTGGCGTGCCGCGGCTAAGCGAAAGCATTAAGCATCCCACCTGGGGAGTACGCCGGCAACGGTGAAACTCAAAGGAATTGACGGGGGCCCGCACAAGCGGAGGAACATGTGGTTTAATTCGATGATACGCGAGGAACCTTACCCGGGCTTGAACTGCAGGAGAACGATTCAGAGATGATGAGGTCCTTCGGG","GATTAGATACCCTTGGTAGTCCACGCGGTAAACGATGGATGCTCGCTGTTTGCGTCTGACGTAAGCGGCCAAGCGAAAGCGTTAAGCATCCCACCTGGGGAGTACGCCGGCAACGGTGAAACTCAAAGGAATTGACGGGGCCCGCACAAGCGGAGGAACATGTGGTTTAATTCGATGATACGCGAGGAACCTTACCCGGGCTTGAACTGTAGGCGAACGATTCAGAGATGATGAGGCCCTTCGGGGCGCC","GGATTAGATACCCTGGGTAGTCCACACCGTAAACGATGATTACTAGGTGTTGGAGGATTGACCCCTTCAGTGCCGCAGTTAACACAATAAGTAATCCACCTGGGGAGTACGACCGCAAGGTTGAAACTCAAAGGAATTGACGGGGCCCGCACAAGCAGTGGAGTATGTGGTTTAATTCGACGCAACGCGAAGAACCTTACCAAGTCTTGACATCCCTTGACAGACATAGAAATATGTAATCTCTTCGGAG","GATTAGATACCCTGGGTAGTCCACACTGTAAACGATGAATACTAGGTGTGCGGGGACTGACCCCCTGCGTGCCGCAGTAAACACAATAAGTATTCCACCTGGGGAGTACGATCGCAAGGTTGAAACTCAAAGGAATTGACGGGGGCCCGCACAAGCGGTGGATTATGTGGTTTAATTCGAAGCAACGCGAAGAACCTTACCAGGGTTTGACATCCTGCTAACGAAGTAGAGATACATTAGGTGCCCTTCG","GATTAGATACCCTGGGTAGTCCACACCGTAAACGATGATTACTAGGTGTTGGAGGATTGACCCCTTCAGTGCCGCAGTTAACACAATAAGTAATCCACCTGGGGAGTACGACCGCAAGGTTGAAACTCAAAGGAATTGACGGGGCCCGCACAAGCAGTGGAGTATGTGGTTTAATTCGACGCAACGCGAAGAACCTTACCAAGTCTTGACATCCTCTGACGAACATAGAAATATGTTTTTCCTTCGGGAC","AGGATTAGATACCCTTGGTAGTCCACGCCGTAAACGATGAATACTAGGTGTCGGGGCCCATAAGGGCTTCGGTGCCGCAGCAAACGCAATAAGTATTCCACCTGGGGAGTACGTTCGCAAGAATGAAACTCAAAGGAATTGACGGGGACCCGCACAAGCGGTGGAGCATGTGGTTTAATTCGAAGCAACGCGAAGAACCTTACCAAGTCTTGACATCCCACTGACCGGACAGTAATGTGTCCTTTCCTTC","GATTAGATACCCTTGGTAGTCCACGCGGTAAACGATGGATGCTCGCTGTTTGCGTCTGACGTAAGCGGCCAAGCGAAAGCGTTAAGCATCCCACCTGGGGAGTACGCCGGCAACGGTGAAACTCAAAGGAATTGACGGGGCCCGCACAAGCGGAGGAACATGTGGTTTAATTCGATGATACGCGAGGAACCTTACCCGGGCTTGAACTGCAGGCGAACGAATCAGAGATGATGAGGCCCTTCGGGGCGCC","AGGATTAGATACCCTTGGTAGTCCGCACGGTAAACGATGGATACCCGCTGTCCGGCCCGTACGGTCTGGGCGGCCAAGCGAAAGCGTTAAGTATCCCACCTGGGGAGTACGCCGGCAACGGTGAAACTCAAAGGAATTGACGGGGCCCGCACAAGCGGAGGAACATGTGGTTTAATTCGATGATACGCGAGGAACCTTACCCGGGCTTGAATTGCAGGAGAATGATTCAGAGATGATGAAGTCCCTCGGG","AGGATTAGATACCCTTGGTAGTCCACGCTGTAAACGATGATTACTAGGTGTGGGGGGATTGACCCCTTCCGTGCCGCAGTTAACACAATAAGTAATCCACCTGGGGAGTACGACCGCAAGGTTGAAACTCAAAGGAATTGACGGGGCCCGCACAAGCAGTGGAGTATGTGGTTTAATTCGAAGCAACGCGAAGAACCTTACCAGGTCTTGACATCGAGTGACGTATCTAGAGATAGATATTTCCTTCGGG","GATTAGATACCCTTGGTAGTCCACGCCGTAAACGATGAATACTAGGTGTTGGTGAGCAAAGCTCATCGGTGCCGCCGCAAACGCAATAAGTATTCCACCTGGGGAGTACGTTCGCAAGAATGAAACTCAAAGGAATTGACGGGGACCCGCACAAGCGGTGGAGCATGTGGTTTAATTCGAAGCAACGCGAAGAACCTTACCAAATCTTGACATCCCTCTGAAAAGCCTTTAATCGGGCTCCTCCTTCGGG","GATTAGATACCCTTGGTAGTCCGCACGGTAAACGATGGATGCCCGCTGTTGGTCTGAATAGGTCAGTGGCCAAGCGAAAGCATTAAGCATCCCACCTGGGGAGTACGCCGGCAACGGTGAAACTCAAAGGAATTGACGGGGGCCCGCACAAGCGGAGGAACATGTGGTTTAATTCGATGATACGCGAGGAACCTTACCCGGGCTTGAATTGCAGAGGAAGGATTTGGAGACAATGACGCCCTTCGGGGTC","GATTAGATACCCTGGGTAGTCCACGCAGTAAACGATGATCACTAGCTGTTTGCGATACAGTGTAAGCGGCACAGCGAAAGCGTTAAGTGATCCACCTGGGGAGTACGCCGGCAACGGTGAAACTCAAAGGAATTGACGGGGGCCCGCACAAGCGGAGGAACATGTGGTTTAATTCGATGATACGCGAGGAACCTTACCCGGGTTTGAACGCATTCGGACCGAGGTGGAAACACCTTTTCTAGCAATAGCC","GATTAGATACCCTTGGTAGTCCACGCCGTAAACGATGAATACTAGGTGTTGGTGGGCAAAGCCCATCGGTGCCGCCGCAAACGCAATAAGTATTCCACCTGGGGAGTACGTTCGCAAGAATGAAACTCAAAGGAATTGACGGGGACCCGCACAAGCGGTGGAGCATGTGGTTTAATTCGAAGCAACGCGAAGAACCTTACCAAGTCTTGACATCGTAGCGACCGGAACTTAACCGTTCCTTCCCTTCGGG","GATTAGATACCCTGGGTAGTCCACGCCGTAAACGATGACTGCTAGGTGTCGGGTGGCAAAGCCATTCGGTGCCGCAGCTAACGCAATAAGCAGTCCACCTGGGGAGTACGTTCGCAAGAATGAAACTCAAAGGAATTGACGGGGACCCGCACAAGCGGTGGAGCATGTGGTTTAATTCGAAGCAACGCGAAGAACCTTACCTGATCTTGACATCCCGATGACCGCTTCGTAATGGAAGCTTTTCTTCGGA","GGATTAGATACCCTGGGTAGTCCACACAGTAAACGATGAATACTCGCTGTTTGCGATATACAGTAAGCGGCCAAGCGAAAGCATTAAGTATTCCACCTGGGGAGTACGCCGGCAACGGTGAAACTCAAAGGAATTGACGGGGCCCGCACAAGCGGAGGAACATGTGGTTTAATTCGATGATACGCGAGGAACCTTACCCGGGCTTAAATTGCAAATGAATTATGGGGAAACCCATAGGCCGTAAGGCATT","GATTAGATACCCTTGGTAGTCCACGCGGTAAACGATGGATGCTCGCTGTTTGCGTCTGACGTAAGCGGCCAAGCGAAAGCGTTAAGCATCCCACCTGGGGAGTACGCCGGCAACGGTGAAACTCAAAGGAATTGACGGGGGCCCGCACAAGCGGAGGAACATGTGGTTTAATTCGATGATACGCGAGGAACCTTACCCGGGCTTGAACTGTAGGCGAACGATTCAGAGATGATGAGGCCCTTCGGGGCGC","GGATTAGATACCCTTGGTAGTCCACACCGTAAACGATGGATACTAGGTGTAGGAGATATTAAGTCTTCTGTGCCGTCGCAAACGCAGTAAGTATCCCACCTGGGGAGTACGGCCGCAAGGTTGAAACTCAAAGGAATTGACGGGGCCCGCACAAGCAGTGGAGTATGTGGTTTAATTCGAAGCAACGCGAAGAACCTTACCAGGGCTTGACATATAGATGAATATATAAGAGATTATATAGCTCTTCGGA","GATTAGATACCCTGGGTAGTCCACGCTGTAAACGATGATTACTAGGTGTGGGGGGTCTGACCCCTTCCGTGCCGGAGTTAACACAATAAGTAATCCACCTGGGGAGTACGACCGCAAGGTTGAAACTCAAAGGAATTGACGGGGCCCGCACAAGCAGTGGAGTATGTGGTTTAATTCGAAGCAACGCGAAGAACCTTACCAGGTCTTGACATCGAGTGACGAATCTAGAGATAGATTTTTCCTTCGGGAC","AGGATTAGATACCCTTGGTAGTCCACGCCGTAAACGATGAATACTAGGTGTTGGGTTCCAAAGGAACTCGGTGCCGTCGCAAACGCATTAAGTATTCCACCTGGGGAGTACGTTCGCAAGAATGAAACTCAAAGGAATTGACGGGACCCGCACAAGCGGTGGAGCATGTGGTTTAATTCGAAGCAACGCGAAAAACCTTACCAAGTCTTGACATCCTGATGACGGTTCCTTAACCGGAACTTTTCTTCGG","GATTAGATACCCTGGGTAGTCCGCACAGTAAACGATGAATACTCGCGGTTTGCGATACACAGTAAGCCGCCAAGCGAAAGCGTTAAGTATTCCACCTGGGGAGTACGCCGGCAACGGTGAAACTCAAAGGAATTGACGGGGCCCGCACAAGCGGAGGAACATGTGGTTTAATTCGATGATACGCGAGGAACCTTACCCGGGCTTGAACTGCCAGTGACGGTAGCAGAGACGCTACTTTCTTCGGACACTG","GATTAGATACCCTTGGTAGTCCACGCCGTAAACGATGAATACTAGGTGTTGGTGGGCAAAGCCCATCGGTGCCGCCGCAAACGCAATAAGTATTCCACCTGGGGAGTACGTTCGCAAGAATGAAACTCAAAGGAATTGACGGGACCCGCACAAGCGGTGGAGCATGTGGTTTAATTCGAAGCAACGCGAAGAACCTTACCAAGTCTTGACATCGGAATGACCGGGAAGTAATGTTCCCTTCTCTACGGAG","GATTAGATACCCTTGGTAGTCCGCACAGTAAACGATGGATGCCCGCTGTGTGCCTTAATGGTACGCGGCCAAGCGAAAGCGTTAAGCATCCCACCTGGGGAGTACGCCGGCAACGGTGAAACTCAAAGGAATTGACGGGGCCCGCACAAGCGGAGGAACATGTGGTTTAATTCGATGATACGCGAGGAACCTTACCCGGGCTTGAATTGCAGAAGACGGATCCAGAGATGGTGACTCCCTTCGGGGCTTC","GGATTAGATACCCTTGGTAGTCCACACAGTAAACGATGAATACTCGCTGTTTGCGATATACAGTAAGCGGCCAAGCGAAAGCATTAAGTATTCCACCTGGGGAGTACGCCGGCAACGGTGAAACTCAAAGGAATTGACGGGGCCCGCACAAGCGGAGGAACATGTGGTTTAATTCGATGATACGCGAGGAACCTTACCCGGGCTTAAATTGCATTTGAATATATTGGAAACAGTATAGCCGTAAGGCAAA","GGATTAGATACCCTTGGTAGTCCACGCCGTAAACGATGATTACTAGGTGTGGGGGACTGACCCCTTCCGTGCCGCAGCAAACGCAATAAGTAATCCACCTGGGGAGTACGACCGCAAGGTTGAAACTCAAAGGAATTGACGGGGCCCGCACAAGCAGTGGAGTATGTGGATTAATTCGAAGCAACGCGAAGAACCTTACCAGGTCTTGACATCGTATGCATAGCTCAGAGATGAGTGAAATCTCTTCGGA","GGATTAGATACCCTGGGTAGTCCACACGGTAAACGATGAATACTCGCTGTAGGCGATATACAGTCTGCGGCCAAGCGAAAGCATTAAGTATTCCACCTGGGGAGTACGCCGGCAACGGTGAAACTCAAAGGAATTGACGGGGCCCGCACAAGCGGAGGAACATGTGGTTTAATTCGATGATACGCGAGGAACCTTACCCGGGCTTAAATTGCAACCGAATATGGCGGAAACGCTATAGCTAGCAATAGCG","GATTAGATACCCTGGGTAGTCCGCACAGTCAACTATGCACACTAGGTGTCTGGGTCTAAGCCCGGGTGCCGCAGCAAACGCGATAAGTGTGCCGCCTGGGGAGTATGCCCGCAAGGGTGAAACTCAAAGGAATTGACGGGGGCCCGCACAAGCGGTGGAGCATGTGGTTTAATTCGATGGTACGCGAGGAACCTTACCTGGGTTTGACATGCATAGGAATGGCCTGGAGACAGGTCAGCGCAGCAATGCG","GATTAGATACCCTGGGTAGTCCACGCAGTAAACGATGATAACTCGTTGTCGGCGATACACAGTCGGTGACTAAGCGAAAGCGATAAGTTATCCACCTGGGGAGTACGTTCGCAAGAATGAAACTCAAAGGAATTGACGGGGCCCGCACAAGCGGAGGAACATGTGGTTTAATTCGATGATACGCGAGGAACCTTACCCGGGCTTGAAAGTTACTGACGATTCTGGAAACAGGATTTCCCTTTGGGGCAGG","GGATTAGATACCCTTGGTAGTCCACGCTGTAAACGATGAATACTAGGTGTAGGGGGTATCAACTCCCTCTGTGCCGCAGCAAACGCAATAAGTATTCCGCCTGGGGAGTACGGCCGCAAGGTTGAAACTCAAAGGAATTGACGGGGCCCGCACAAGCAGCGGAGCATGTGGTTTAATTCGACGCAACGCGAAGAACCTTACCAAGGCTTGACATCTACTTAAAGTCATGGAAACATGATGTCTCTTCGGA","AGGATTAGATACCCTGGGTAGTCCACGCCGTAAACGATGACTGCTAGGTGTCGGGTAGCAAAGCTATTCGGTGCCGCAGCAAACGCAATAAGCAGTCCACCTGGGGAGTACGTTCGCAAGAATGAAACTCAAAGGAATTGACGGGGACCCGCACAAGCGGTGGAGCATGTGGTTTAATTCGAAGCAACGCGAAGAACCTTACCTGATCTTGACATCCCGATGACCGCTTCGTAATGGAAGCTTTTCTTCG","GATTAGATACCCTTGGTAGTCCACGCAGTAAACGATGATAACTCGTTGTCGGCGATACACAGTCGGTGACTAAGCGAAAGCGATAAGTTATCCACCTGGGGAGTACGTTCGCAAGAATGAAACTCAAAGGAATTGACGGGGCCCGCACAAGCGGAGGAACATGTGGTTTAATTCGATGATACGCGAGGAACCTTACCCGGGCTTGAAAGTTAGTGACGATTCTGGAAACAGGATTTCCCTTCGGGGCACG","GGATTAGATACCCTGGGTAGTCCACGCTGTAAACGATGGGTGCTGGGTGCTGGGATGTATGTCTCGGTGCCGTAGCTAACGCGATAAGCACCCCGCCTGGGGAGTACGGTCGCAAGGCTGAAACTCAAAGAAATTGACGGGGGCCCGCACAAGCGGTGGAGTATGTGGTTTAATTCGATGCAACGCGAAGAACCTTACCCAGGCTTGACATCTAGGGAACCCTTCGGAAATGAAGGGGTGCCCTTCGGGG","GATTAGATACCCTGGGTAGTCCACACGGTAAACGATGAATACTCGCTGTAGGCGATATACAGTCTGCGGCCAAGCGAAAGCATTAAGTATTCCACCTGGGGAGTACGCCGGCAACGGTGAAACTCAAAGGAATTGACGGGGGCCCGCACAAGCGGAGGAACATGTGGTTTAATTCGATGATACGCGAGGAACCTTACCCGGGCTTAAATTGCAACCGAATATGGCGGAAACGCTATAGCTAGCAATAGCG","AGGATTAGATACCCTTGGTAGTCCATGCCGTAAACGATGATTACTAGGTGTTGGAGGATTGACCCCTTCAGTGCCGCAGTTAACACAATAAGTAATCCACCTGGGGAGTACGACCGCAAGGTTGAAACTCAAAGGAATTGACGGGGGCCCGCACAAGCAGTGGAGTATGTGGTTTAATTCGAAGCAACGCGAAGAACCTTACCAGGTCTTGACATCCGATGCATAGTGCAGAGATGCATGAAGTCCTTCG","GGATTAGATACCCTGGGTAGTCCACGCCGTAAACGATGAATACTAGGTGTTGGTGGGCAAAGCCCATCGGTGCCGCCGCAAACGCAATAAGTATTCCACCTGGGGAGTACGTTCGCAAGAATGAAACTCAAAGGAATTGACGGGGACCCGCACAAGCGGTGGAGCATGTGGTTTAATTCGAAGCAACGCGAAGAACCTTACCAAGTCTTGACATCGTAGCGACCGGAACTTAACCGTTCCTTCCCTTCGG","GATTAGATACCCTTGGTAGTCCACGCCGTAAACGATGGATACTAGGTGTAGGAGGTATCGACCCCTCCTGTGCCGGAGTTAACGCAATAAGTATCCCGCCTGGGAAGTACGATCGCAAGATTAAAACTCAAAGGAATTGACGGGGCCCGCACAAGCGGTGGAGTATGTGGTTTAATTCGACGCAACGCGAAGAACCTTACCAGGTCTTGACATTGATCGCGATCTGCAGAAATGCGGAGTTCTTCTTCGG","GGATTAGATACCCTTGGTAGTCCACGCCGTAAACGATGTCGATTTGGAGGTTGTGCCCTTGAGGCGTGGCTTCCGGAGCTAACGCGTTAAATCGACCGCCTGGGGAGTACGGCCGCAAGGTTAAAACTCAAATGAATTGACGGGGCCCGCACAAGCGGTGGAGCATGTGGTTTAATTCGATGCAACGCGAAGAACCTTACCTGGTCTTGACATCCACAGAACTTAGCAGAGATGCTTTGGTGCCTTCGGG","GATTAGATACCCTTGGTAGTCCACGCCGTAAACGATGAATACTAGGTGTCGGAAAGCACAGCTTTTCGGTGCCGCCGCAAACGCATTAAGTATTCCACCTGGGGAGTACGTTCGCAAGAATGAAACTCAAAGGAATTGACGGGGACCCGCACAAGCGGTGGAGCATGTGGTTTAATTCGAAGCAACGCGAAGAACCTTACCAAGTCTTGACATCCTTCTGGCCGGACAGTAATGTGTCCTTTCCTTCGGG","GATTAGATACCCTGGGTAGTCCACGCCGTAAACGATGAATACTAGGTGTTGGGGAGCAAAGCTCTTCGGTGCCGCCGCAAACGCATTAAGTATTCCACCTGGGGAGTACGTTCGCAAGAATGAAACTCAAAGGAATTGACGGGGACCCGCACAAGCGGTGGAGCATGTGGTTTAATTCGAAGCAACGCGAAGAACCTTACCAAGTCTTGACATCCCTCTGACCGACTCTTAACCGAGTCTTTCCTTCGGG","GATTAGATACCCTGGGTAGTCCGCGCGGTAAACGATGGATGCCCGCTATTTGCGCATTAGCGCAAGTGGCCAAGTGAAAACGTTAAGCATCCCACCTGGGGAGTACGCCGGCAACGGTGAAACTCAAAGGAATTGACGGGGCCCGCACAAGCGGAGGAACATGTGGTTTAATTCGATGATACGCGAGGAACCTTACCCGGGCTTGAATTGCAGAGGAAAGATCCAGAGATGGTGATGCCCTTCGGGGCCT","GGATTAGATACCCTTGGTAGTCCGCACAGTAAACGATGGATGCTCGCTGTGAGTCAGTTGTGATTTGCGGCCAAGCGAAAGCGTTAAGCATCCCACCTGGGGAGTACGCCGGCAACGGTGAAACTCAAAGGAATTGACGGGGGCCCGCACAAGCGGAGGAACATGTGGTTTAATTCGATGATACGCGAGGAACCTTACCCGGGCTTGAATTGCAGGTGCATGGACAAGAGATTGTCCTTTCCTTCGGGAC","AGGATTAGATACCCTGGGTAGTCCACGCCGTAAACGATGAATACTAGGTGTTGGGGAGCAAAGCTCTTCGGTGCCGCCGCAAACGCATTAAGTATTCCACCTGGGGAGTACGTTCGCAAGAATGAAACTCAAAGGAATTGACGGGACCCGCACAAGCGGTGGAGCATGTGGTTTAATTCGAAGCAACGCGAAGAACCTTACCAAGTCTTGACATCCCTCTGACCGACTCTTAACCGAGTCTTTCCTTCGG","GATTAGATACCCTTGGTAGTCCACGCCGTAAACGATGTCGACTTGGAGGTTGTGCCCTTGAGGCGTGGCTTCCGGAGCTAACGCGTTAAGTCGACCGCCTGGGGAGTACGGCCGCAAGGTTAAAACTCAAATGAATTGACGGGGCCCGCACAAGCGGTGGAGCATGTGGTTTAATTCGATGCAACGCGAAGAACCTTACCTGGTCTTGACATCCACAGAACTTTCCAGAGATGGATTGGTGCCTTCGGGA","GATTAGATACCCTTGGTAGTCCGCGCGGTAAACGATGGATGCCCGCTGTTGGGCCAACTGGTTCAGCGGCCAAGCGAAAGCATTAAGCATCCCACCTGGGGAGTACGCCGGCAACGGTGAAACTCAAAGGAATTGACGGGGCCCGCACAAGCGGAGGAACATGTGGTTTAATTCGATGATACGCGAGGAACCTTACCCGGGCTTGAATTGCAGAGGAAGGATTTGGAGACAATGACGCCCTTCGGGGCCT","AGGATTAGATACCCTTGGTAGTCCACACAGTAAACGATGAATACTCGCTGTTTGCGATATACAGTAAGCGGCCAAGCGAAAGCGTTAAGTATTCCACCTGGGGAGTACGCCGGCAACGGTGAAACTCAAAGGAATTGACGGGGGCCCGCACAAGCGGAGGAACATGTGGTTTAATTCGATGATACGCGAGGAACCTTACCCGGGCTTGAATTGCAACTGAATGATGTGGAGACATGTCAGCCGCAAGGCA","GATTAGATACCCTTGGTAGTCCACGCCGTAAACGATGACTACTAGGTGTTGGGCAGCAAAGCTGTTCGGTGCCGCAGCAAACGCAATAAGTAGTCCACCTGGGGAGTACGTTCGCAAGAATGAAACTCAAAGGAATTGACGGGGACCCGCACAAGCGGTGGAGCATGTGGTTTAATTCGAAGCAACGCGAAGAACCTTACCTGCTCTTGACATCTCCCTGACCGGCAAGTAATGTTGCCTTTCCTTCGGG","AGGATTAGATACCCTTGGTAGTCCACACCGTAAACGATGAGTGCTAGGTGTTTGAGGGTTTCCGCCCTTAAGTGCCGCAGCTAACGCATTAAGCACTCCGCCTGGGGAGTACGACCGCAAGGTTGAAACTCAAAGGAATTGACGGGGACCCGCACAAGCGGTGGAGCATGTGGTTTAATTCGAAGCAACGCGAAGAACCTTACCAGGTCTTGACATCCCTTGACAACTCCAGAGATGGAGCGTTCCCTTC","AGGATTAGATACCCTTGGTAGTCCGCACGGTAAACGATGGATGCCCGCTGTTGGCCTGAATAGGTCAGCGGCCAAGCGAAAGCATTAAGCATCCCACCTGGGGAGTACGCCGGCAACGGTGAAACTCAAAGGAATTGACGGGGGCCCGCACAAGCGGAGGAACATGTGGTTTAATTCGATGATACGCGAGGAACCTTACCCGGGCTTGAATTGCAGAGGAAGGATTTGGAGACAATGACGCCCTTCGGGG","GATTAGATACCCTGGGTAGTCCACGCCGTAAACGATGTCAATTTGAAGCTTGGGCCGAAGAGTCTGGGTTTCGAAGCTAACGCGATAAATTGACCGCCTGGGGAGTACGGCCGCAAGGTTAAAACTCAAATGAATTGACGGGGCCCGCACAAGCGGTGGAGCATGTGGTTTAATTCGATGCAACGCGAAGAACCTTACCTGAACTTGACATAGTAGGAATCTTTAAGAGATTAGAGAGTGCCGCAAGGAG","GATTAGATACCCTTGGTAGTCCACGCCGTAAACGATGAGTACTAGCTGTCGGAGGTTACCCCCTTCGGTGGCGCAGCTAACGCATTAAGTACTCCGCCTGGGAAGTACGCTCGCAAGAGTGAAACTCAAAGGAATTGACGGGACCCGCACAAGTAGCGGAGCATGTGGTTTAATTCGAAGCAACGCGAAGAACCTTACCTAAGCTTGACATCCTTTTGACCGATGCCTAATCGCATCTTTCCCTTCGGGG","GATTAGATACCCTGGGTAGTCCATGCCGTAAACGATGATTACTAGGTGTTGGGGGATTGACCCCTTCAGTGCCGCAGTTAACACAATAAGTAATCCACCTGGGGAGTACGACCGCAAGGTTGAAACTCAAAGGAATTGACGGGGCCCGCACAAGCAGTGGAGTATGTGGTTTAATTCGAAGCAACGCGAAGAACCTTACCAGGTCTTGACATCCGATGCATAGCACAGAGATGTGTGAAATCCTTCGGGA","AGGATTAGATACCCTGGGTAGTCCACGCCGTAAACGATGATTACTAGGTGTTGGGGATTTATAAATCCTCGGTGCCGTCGCAAACGCAATAAGTAATCCACCTGGGGAGTACGTTCGCAAGAATGAAACTCAAAGGAATTGACGGGACCCGCACAAGCGGTGGAGCATGTGGTTTAATTCGAAGCAACGCGAAGAACCTTACCTGGTCTTGACATCCCGATGCATAACGGGTAATGCCGTTCGTACTTCG","AGGATTAGATACCCTTGGTAGTCCACGCTGTAAACGATGATTACTAGGTGTGGGGGTCTGACCCCTTCCGTGCCGGAGTTAACACAATAAGTAATCCACCTGGGGAGTACGACCGCAAGGTTGAAACTCAAAGGAATTGACGGGGCCCGCACAAGCAGTGGAGTATGTGGTTTAATTCGAAGCAACGCGAAGAACCTTACCAGGTCTTGACATCGAGTGACGAATCTAGAGATAGATTTTTCCTTCGGGA","AGGATTAGATACCCTTGGTAGTCCACGCCGTAAACGATGAATACTAGGTGTTGGAAGGCAAAGCCTTTCAGTGCCGTCGCAAACGCATTAAGTATTCCACCTGGGGAGTACGTTCGCAAGAATGAAACTCAAAGGAATTGACGGGACCCGCACAAGCGGTGGAGCATGTGGTTTAATTCGAAGCAACGCGAAGAACCTTACCAGACCTTGACATCCCTCTGAATACAGTGTAATGACTGTAGGCCTTCGG","AGGATTAGATACCCTTGGTAGTCCGCACGGTAAACGATGGATGCCCGCTGTTGGTTCACCTGAATCAGCGGCCAAGCGAAAGCATTAAGCATCCCACCTGGGGAGTACGCCGGCAACGGTGAAACTCAAAGGAATTGACGGGGGCCCGCACAAGCGGAGGAACATGTGGTTTAATTCGATGATACGCGAGGAACCTTACCCGGGCTTGAATTGCAGAGGAAGGATTTGGAGACAATGACGCCCTTCGGGG","GATTAGATACCCTGGGTAGTCCACACCGTAAACGATGATTACTAGGTGTTGGAGGATTGACCCCTTCAGTGCCGCAGTTAACACAATAAGTAATCCACCTGGGGAGTACGACCGCAAGGTTGAAACTCAAAGGAATTGACGGGGCCCGCACAAGCAGTGGAGTATGTGGTTTAATTCGACGCAACGCGAAGAACCTTACCAAGTCTTGACATCCTGCGACGATCATAGAAATATGATTTTCCTTCGGGAC","GGATTAGATACCCTTGGTAGTCCACGCTGTAAACGATGGGTGCTGGGTGCTGGGATGTATGTCTCGGTGCCGTAGCTAACGCGATAAGCACCCCGCCTGGGGAGTACGGTCGCAAGGCTGAAACTCAAAGAAATTGACGGGGGCCCGCACAAGCGGTGGAGTATGTGGTTTAATTCGATGCAACGCGAAGAACCTTACCCAGGCTTGACATCTAGGGAACCCTTCGGAAATGAAGGGGTGCCCTTCGGGG","GATTAGATACCCTTGGTAGTCCACGCGGTAAACGATGGATGCTCGCTGTTTGCGTCTGACGTAAGCGGCCAAGCGAAAGCGTTAAGCATCCCACCTGGGGAGTACGCCGGCAACGGTGAAACTCAAAGGAATTGACGGGGGCCCGCACAAGCGGAGGAACATGTGGTTTAATTCGATGATACGCGAGGAACCTTACCCGGGCTTGAACTGCAGGCGAACGATACAGAGATGTTGAGGCCCTTCGGGGCGC","GGATTAGATACCCTGGGTAGTCCACGCCCTAAACGATGTTAACTAGTTGTTGGGATGTAACAATCTCAGTAACGCAGCCAACGCGAGAAGTTAACCGCCTGGGAAGTACGGTCGCAAGACTAAAACTCAAAGGAATTGACGGGACCCGCACAAGCGGTGGATGATGTGGATTAATTCGATGCAACGCGAAAACCTTACCTACCCTTGACATGTCAGGAAGCTCTTGTAATGAGAGCGTGCCCGCAAGGGA","GATTAGATACCCTGGGTAGTCCACACAGTAAACGATGAATACTCGCTGTTTGCGATATACAGTAAGCGGCCAAGCGAAAGCATTAAGTATTCCACCTGGGGAGTACGCCGGCAACGGTGAAACTCAAAGGAATTGACGGGGCCCGCACAAGCGGAGGAACATGTGGTTTAATTCGATGATACGCGAGGAACCTTACCCGGGCTTAAATTGCAGTGGAATGATGTGGAAACATGTCAGTGAGCAATCACCG","GATTAGATACCCTTGGTAGTCCACGCCGTAAACGATGATTACTAGGTGTGGGGGACTGACCCCTTCCGTGCCGCAGCAAACGCAATAAGTAATCCACCTGGGGAGTACGACCGCAAGGTTGAAACTCAAAGGAATTGACGGGGCCCGCACAAGCAGTGGAGTATGTGGATTAATTCGAAGCAACGCGAAGAACCTTACCAGGTCTTGACATCGTATGCATAGCTCAGAGATGAGTGAAATCTCTTCGGAG","GATTAGATACCCTGGGTAGTCCACGCAGTAAACGATGAATACTAACTGTTTGCGATACAATGTAAGCGGTACAGCGAAAGCGTTAAGTATTCCACCTGGGGAGTACGCCGGCAACGGTGAAACTCAAAGGAATTGACGGGGCCCGCACAAGCGGAGGAACATGTGGTTTAATTCGATGATACGCGAGGAACCTTACCCGGGCTCAAACGCAGGGGGAATGTCGGTGAAAGCCGGCAGCTAGTAATAGTCA","GGATTAGATACCCTTGGTAGTCCACGCCGTAAACGATGAATACTAGGTGTCGGGGAGCATGGCTCTTCGGTGCCGTCGCAAACGCAGTAAGTATTCCACCTGGGGAGTACGTTCGCAAGAATGAAACTCAAAGGAATTGACGGGGACCCGCACAAGCGGTGGAGCATGTGGTTTAATTCGAAGCAACGCGAAGAACCTTACCAAGTCTTGACATCCGCCTGACCGATCCTTAACCGGATCTTTCCTTCGG","GGATTAGATACCCTGGGTAGTCCACGCTGTAAACGATGAATACTAGGTGTGGGAGGACTGACCCCTTCCGTGCCGCAGTTAACACAATAAGTATTCCACCTGGGGAGTACGACCGCAAGGTTGAAACTCAAAGGAATTGACGGGGCCCGCACAAGCAGTGGATTATGTGGTTTAATTCGACGCAACGCGAAGAACCTTACCAGGATTTGACATCCAACTAACGAAGTAGAGATACATTAGGTACCCTTCG","AGGATTAGATACCCTGGGTAGTCCGCACAGTAAACGATGAATACTCGCGGTTGGCGATACAATGTCAGCCGCCAAGCGAAAGCGTTAAGTATTCCACCTGGGGAGTACGCCGGCAACGGTGAAACTCAAAGGAATTGACGGGGCCCGCACAAGCGGAGGAACATGTGGTTTAATTCGATGATACGCGAGGAACCTTACCCGGGCTTGAACTGCTAGTGACGTATGCAGAGACGCATATTTCTTCGGACAC","AGGATTAGATACCCTGGGTAGTCCACGCCGTAAACGATGAATACTAGGTGTTGGAAGGCAAAGCCTTTCAGTGCCGTCGCAAACGCATTAAGTATTCCACCTGGGGAGTACGTTCGCAAGAATGAAACTCAAAGGAATTGACGGGACCCGCACAAGCGGTGGAGCATGTGGTTTAATTCGAAGCAACGCGAAGAACCTTACCAGACCTTGACATCCCTCTGAATACAGTGTAATGACTGTAGGCCTTCGG","AGGATTAGATACCCTGGGTAGTCCACGCCGTAAACGATGAATACTAGGTGTTGGGGAGCATTGCTCTTCGGTGCCGTCGCAAACGCAGTAAGTATTCCACCTGGGGAGTACGTTCGCAAGAATGAAACTCAAAGGAATTGACGGGGACCCGCACAAGCGGTGGAGCATGTGGTTTAATTCGAAGCAACGCGAAGAACCTTACCAAGTCTTGACATCCTTCTGACCGGTACTTAACCGTACCTTCTCTTCG","GATTAGATACCCTTGGTAGTCCGCACGGTAAACGATGGATGCCCGCCGTGGGTATCGTAGATATCCGCGGCCAAGCGAAAGCGTTAAGCATCCCACCTGGGGAGTACGCCGGCAACGGTGAAACTCAAAGGAATTGACGGGGCCCGCACAAGCGGAGGAACATGTGGTTTAATTCGATGATACGCGAGGAACCTTACCCGGGCTTGAATTGCAGATGAAGGATACAGAGATGTTGACGCCCTTCGGGGCA","GGATTAGATACCCTTGGTAGTCCACACCGTAAACGATGATTACTAGGTGTTGGAGGATTGACCCCTTCAGTGCCGCAGTTAACACAATAAGTAATCCACCTGGGGAGTACGACCGCAAGGTTGAAACTCAAAGGAATTGACGGGGCCCGCACAAGCAGTGGAGTATGTGGTTTAATTCGACGCAACGCGAAGAACCTTACCAAGTCTTGACATCCCTTGACAGACATAGAAATATGTATTCTCTTCGGAG","GGATTAGATACCCTGGGTAGTCCACGCTGTAAACGATGATTACTAGGTGTGGGGGTCTGACCCCTTCCGTGCCGGAGTTAACACAATAAGTAATCCACCTGGGGAGTACGGCCGCAAGGTTGAAACTCAAAGGAATTGACGGGGCCCGCACAAGCAGTGGAGTATGTGGTTTAATTCGAAGCAACGCGAAGAACCTTACCAGGTCTTGACATCCAACTAACGAAGTAGAGATACATTAGGTGCCCTTCGG","AGGATTAGATACCCTTGGTAGTCCACGCTGTAAACGATGAATACTAGGTGTGCGGGGACTGACCCCCTGCGTGCCGCAGCTAACGCAATAAGTATTCCACCTGGGGAGTACGATCGCAAGGTTGAAACTCAAAGGAATTGACGGGGGCCCGCACAAGCGGTGGATTATGTGGTTTAATTCGAAGCAACGCGAAGAACCTTACCAGGGCTTGACATCCTACTAACGAAGTAGAGATACATCAGGTGCCCTT","AGGATTAGATACCCTTGGTAGTCCACGCCGTAAACGATGAATACTAGGTGTCGGGGCACAAAAGTGCTTCGGTGCCGCAGCAAACGCAATAAGTATTCCACCTGGGGAGTACGTTCGCAAGAATGAAACTCAAAGGAATTGACGGGGACCCGCACAAGCGGTGGAGCATGTGGTTTAATTCGAAGCAACGCGAAGAACCTTACCAAGTCTTGACATCCTCTTGACCGGTCAGTAATGTGACCTTTTCTTC","GATTAGATACCCTGGGTAGTCCACGCCGTAAACGATGAATACTAGGTGTTGGGGAGCAAAGCTCTTCGGTGCCGCAGCAAACGCAATAAGTATTCCACCTGGGGAGTACGTTCGCAAGAATGAAACTCAAAGGAATTGACGGGGACCCGCACAAGCGGTGGAGCATGTGGTTTAATTCGAAGCAACGCGAAGAACCTTACCAAGTCTTGACATCGATCTGACCGGACTGTAATGAGTCCTTTCCTTCGGG","AGGATTAGATACCCTTGGTAGTCCACACAGTAAACGATGAATACTCGCTGTTTGCGATATACAGTAAGCGGCCAAGCGAAAGCATTAAGTATTCCACCTGGGGAGTACGCCGGCAACGGTGAAACTCAAAGGAATTGACGGGGGCCCGCACAAGCGGAGGAACATGTGGTTTAATTCGATGATACGCGAGGAACCTTACCCGGGCTTAAATTGCATTTGAATATGTAGGAAACTATATAGCCGCAAGGCA","AGGATTAGATACCCTTGGTAGTCCACACAGTAAACGATGAATACTCGCTGTTTGCGATATACAGTAAGCGGCCAAGCGAAAGCATTAAGTATTCCACCTGGGGAGTACGCCGGCAACGGTGAAACTCAAAGGAATTGACGGGGGCCCGCACAAGCGGAGGAACATGTGGTTTAATTCGATGATACGCGAGGAACCTTACCCGGGCTTAAATTGCATTTGAATATATTGGAAACAGTATAGCCGTAAGGCA","AGGATTAGATACCCTTGGTAGTCCACGCCGTAAACGGTGGATGCTGGATGTGGGGCCCTTTCCACGGGTCCCGTGTCGGAGCCAACGCGTTAAGCATCCCGCCTGGGGAGTACGGCCGCAAGGCTAAAACTCAAAGAAATTGACGGGGCCCGCACAAGCGGCGGAGCATGCGGATTAATTCGATGCAACGCGAAGAACCTTACCTGGGCTTGACATGTTCCCGACGACTCCAGAGATGGGGTTTCCCTCG","AGGATTAGATACCCTTGGTAGTCCACGCCGTAAACGATGAATACTAGGTGTTGGGTTTCATAAGAAGCTCGGTGCCGGCGCAAACGCATTAAGTATTCCACCTGGGGAGTACGTTCGCAAGAATGAAACTCAAAGGAATTGACGGGGACCCGCACAAGCGGTGGAGCATGTGGTTTAATTCGAAGCAACGCGAAGAACCTTACCAAGTCTTGACATCCCGTTGACCTGTTATGTAATGTAACATCTCTTC","GGATTAGATACCCTTGGTAGTCCACGCCGTAAACGATGAATACTAGGTGTCGGAAAGCACAGCTTTTCGGTGCCGCCGCAAACGCATTAAGTATTCCACCTGGGGAGTACGTTCGCAAGAATGAAACTCAAAGGAATTGACGGGGACCCGCACAAGCGGTGGAGCATGTGGTTTAATTCGAAGCAACGCGAAGAACCTTACCAAGTCTTGACATCCTTCTGACCGGACAGTAATGTGTCCTTTCCTTCGG","GGATTAGATACCCTTGGTAGTCCACGCCGTAAACGATGAATACTAGGTGTCGGGGCACATAAGTGCTCCGGTGCCGCAGCAAACGCAATAAGTATTCCACCTGGGGAGTACGTTCGCAAGAATGAAACTCAAAGGAATTGACGGGGACCCGCACAAGCGGTGGAGCATGTGGTTTAATTCGAAGCAACGCGAAGAACCTTACCAAGTCTTGACATCCTCTTGACCGGTCAGTAATGTGACCTTTTCTTCG","GGATTAGATACCCTTGGTAGTCCACGCCGTAAACGATGCTCACTGGTTCTGTGCGATATATTGTACGGGATTAAGCGAAAGTATTAAGTGAGCCACCTGGGGAGTACGTCGGCAACGATGAAACTCAAAGGAATTGACGGGGGCCCGCACAAGCGGAGGAACATGTGGTTTAATTCGATGATACGCGAGGAACCTTACCTGGGTTTAAATGGGAAATGTCGTATTTGGAAACAGATATTCTCTTCGGAGC","AGGATTAGATACCCTTGGTAGTCCACGCCGTAAACGATGACTACTAGGTGTCGGGGAGCAAAGCTCTTCGGTGCCGCAGCAAACGCAATAAGTAGTCCACCTGGGGAGTACGTTCGCAAGAATGAAACTCAAAGGAATTGACGGGGACCCGCACAAGCGGTGGAGCATGTGGTTTAATTCGAAGCAACGCGAAGAACCTTACCTGGTCTTGACATCCCTCTGACGGCTCTTTAATCGGAGTTTTCTTTCG","GGATTAGATACCCTGGGTAGTCCACGCCGTAAACGATGAATACTAGGTGTCGGGGCACATAAGTGCTCCGGTGCCGCAGCAAACGCAATAAGTATTCCACCTGGGGAGTACGTTCGCAAGAATGAAACTCAAAGGAATTGACGGGGACCCGCACAAGCGGTGGAGCATGTGGTTTAATTCGAAGCAACGCGAAGAACCTTACCAAGTCTTGACATCCTCTTGACCGGTCAGTAATGTGACCTTTTCTTCG","AGGATTAGATACCCTGGGTAGTCCACGCGGTAAACGATGGATGCTCGCTGTTTGCGTCTGACGTAAGCGGCCAAGCGAAAGCGTTAAGCATCCCACCTGGGGAGTACGCCGGCAACGGTGAAACTCAAAGGAATTGACGGGGCCCGCACAAGCGGAGGAACATGTGGTTTAATTCGATGATACGCGAGGAACCTTACCCGGGCTTGAACTGCAGCGGACGGAAACAGAGATGTTGACTCCCTTCGGGGCC","AGGATTAGATACCCTGGGTAGTCCGCACGGTAAACGATGGATGCCCGCTGTTGGCCTGAATAGGTCAGCGGCCAAGCGAAAGCATTAAGCATCCCACCTGGGGAGTACGCCGGCAACGGTGAAACTCAAAGGAATTGACGGGGCCCGCACAAGCGGAGGAACATGTGGTTTAATTCGATGATACGCGAGGAACCTTACCCGGGCTTGAATTGCAGAGGAAGGATTTGGAGACAATGACGCCCTTCGGGTC","GATTAGATACCCTGGGTAGTCCACGCCGTAAACGATGAGCACTAAGTGTCGGACGTAAGTTCGGTGCTGAAGTTAACGCATTAAGTGCTCCGCCTGGGGAGTACGGTCGCAAGACTGAAACTCAAAGGAATTGACGGGACTCGCACAAGCGGTGGAGCATGTGGTTTAATTCGACGCAACGCGAAAACCTTACCAGGCCTTGACATACCGATGACGTCTTTAGAGATAGAGAGTTACCTTCGGGTACATC","AGGATTAGATACCCTTGGTAGTCCACACTGTAAACGATGAATGCTAGGTGTAGGGGGTATCGACCCCTTCTGTGCCGCAGTCAACACAATAAGCATTCCGCCTGGGGAGTACGGCCGCAAGGTTGAAACTCAAAGGAATTGACGGGGGCCCGCACAAGCAGCGGAGCATGTGGTTTAATTCGACGCAACGCGAAGAACCTTACCAGGTCTTGACATCCACTTAAACTTACAGAGATGTAAGGTGTGCTTG","GGATTAGATACCCTGGGTAGTCCACGCCGTAAACGATGGATACTAGATGTAGGAGGTATTGACTCCTTCTGCGTCGCAGCTAACGCAATAAGTATCCCGCCTGGGGAGTACGGCCGCAAGGTTGAAACTCAAAGGAATTGACGGGGACCCGCACAAGCAGCGGAGCATGTGGTTTAATTCGATGCAACGCGAAGAACCTTACCAAGACTTGACATTGATTGCAAGCCATAGAGATATGGCCCTCCCTTCG","GGATTAGATACCCTTGGTAGTCCACGCCGTAAACGATGAGTGCTAGGTGTTGGATCCTTTCCGGGATTCAGTGCCGAAGCTAACGCATTAAGCACTCCGCCTGGGGAGTACGACCGCAAGGTTGAAACTCAAAGGAATTGACGGGGCCCGCACAAGCGGTGGAGCATGTGGTTTAATTCGAAGCAACGCGAAGAACCTTACCAGGTCTTGACATCCCGATGCTATTTCTAGAGATAGAAAGTTACTTCGG","GGATTAGATACCCTGGGTAGTCCACACGGTAAACGATGGATACTCGCTGTTGGCGATATACTGTCAGCGGCCAAGCGAAAGCATTAAGTATCCCACCTGGGGAGTACGCCGGCAACGGTGAAACTCAAAGGAATTGACGGGGCCCGCACAAGCGGAGGAACATGTGGTTTAATTCGATGATACGCGAGGAACCTTACCCGGGCTTAAATTATGCATGAATGATCTGGAGACAGGTCAGCCGCAAGGCATG","GGATTAGATACCCTTGGTAGTCCACGCCGTAAACGATGAATACTAGGTGTCGGGGAGCATGGCTCTTCGGTGCCGTCGCAAACGCAGTAAGTATTCCACCTGGGGAGTACGTTCGCAAGAATGAAACTCAAAGGAATTGACGGGGACCCGCACAAGCGGTGGAGCATGTGGTTTAATTCGAAGCAACGCGAAGAACCTTACCAAATCTTGACATCCCTCTGACCGGTCTTTAATCGGACCTTCTCTTCGG","GATTAGATACCCTGGGTAGTCCACGCCGTAAACGGTGGATGCTGGATGTGGGGCCCGTTCCACGGGTTCCGTGTCGGAGCTAACGCGTTAAGCATCCCGCCTGGGGAGTACGGCCGCAAGGCTAAAACTCAAAGAAATTGACGGGGCCCGCACAAGCGGCGGAGCATGCGGATTAATTCGATGCAACGCGAAGAACCTTACCTGGGCTTGACATGTTCCCGACGGCCGTAGAGATACGGCTTCCCTTCGG","GGATTAGATACCCTGGGTAGTCCACGCCGTAAACGATGCTCACTGGTTCTGTGCGATATATTGTACGGGATTAAGCGAAAGTATTAAGTGAGCCACCTGGGGAGTACGTCGGCAACGATGAAACTCAAAGGAATTGACGGGGGCCCGCACAAGCGGAGGAACATGTGGTTTAATTCGATGATACGCGAGGAACCTTACCTGGGTTTAAATGGGAAATGCCGTATTTGGAAACAGATATTCTCTTCGGAGC","GATTAGATACCCTTGGTAGTCCACGCCGTAAACGATGAATACTAGGTGTTGGGGAGCAAAGCTCTTCGGTGCCGCCGCAAACGCATTAAGTATTCCACCTGGGGAGTACGTTCGCAAGAATGAAACTCAAAGGAATTGACGGGACCCGCACAAGCGGTGGAGCATGTGGTTTAATTCGAAGCAACGCGAAGAACCTTACCAAGTCTTGACATCCCTCTGACCGTTCCTTAACCGGAACTTTCCTTCGGGA","GGATTAGATACCCTGGGTAGTCCACGCCGTAAACGATGGATACTAGGTGTAGGAGGTATCGACCCCTCCTGTGCCGGAGTTAACGCAATAAGTATCCCGCCTGGGAAGTACGATCGCAAGATTAAAACTCAAAGGAATTGACGGGGCCCGCACAAGCGGTGGAGTATGTGGTTTAATTCGACGCAACGCGAAGAACCTTACCAGGTCTTGACATTGATCGCAATCTGCAGAAATGCGGAGTTCTTCTTCG","AGGATTAGATACCCTGGGTAGTCCACGCCGTAAACGGTGGATGCTGGATGTGGGGCCCTTTCCACGGGTCCCGTGTCGGAGCCAACGCGTTAAGCATCCCGCCTGGGGAGTACGGCCGCAAGGCTAAAACTCAAAGAAATTGACGGGGCCCGCACAAGCGGCGGAGCATGCGGATTAATTCGATGCAACGCGAAGAACCTTACCTGGGCTTGACATGTTCCCGACGACTCCAGAGATGGGGTTTCCCTCG","AGGATTAGATACCCTTGGTAGTCCACGCCGTAAACGATGACTACTAGGTGTCGGGGAGCAAAGCTCTTCGGTGCCGCAGCAAACGCAATAAGTAGTCCACCTGGGGAGTACGTTCGCAAGAATGAAACTCAAAGGAATTGACGGGGACCCGCACAAGCGGTGGAGCATGTGGTTTAATTCGAAGCAACGCGAAGAACCTTACCTGCTCTTGACATCCCGGTGACCGGCATGTAATGATGCCTTTTCTTCG","GATTAGATACCCTGGGTAGTCCACGCAGTAAACGATGATAGCTCGTTGTCGGCGATACACAGTCGGTGACTAAGAGAAATCGATAAGCTATCCACCTGGGGAGTACGTTCGCAAGAATGAAACTCAAAGGAATTGACGGGGGCCCGCACAAGCGGAGGAACATGTGGTTTAATTCGATGATACGCGAGGAACCTTACCCGGGCTTGAAAGTTACTGACGATTCTGGAAACAGGATTTCCCTTCGGGGCAG","AGGATTAGATACCCTTGGTAGTCCACGCCGTAAACGATGAATACTAGGTGTCGGGGAGCATTGCTCTTCGGTGCCGCAGCAAACGCAATAAGTATTCCACCTGGGGAGTACGTTCGCAAGAATGAAACTCAAAGGAATTGACGGGGACCCGCACAAGCGGTGGAGCATGTGGTTTAATTCGAAGCAACGCGAAGAACCTTACCAAGTCTTGACATCCCGATGACAAGCTATGTAATGTAGCCTCTCTTCG","GGATTAGATACCCTGGGTAGTCCACGCCGTAAACGATGAATACTAGGTGTCGGGGAGCATGGCTCTTCGGTGCCGTCGCAAACGCAGTAAGTATTCCACCTGGGGAGTACGTTCGCAAGAATGAAACTCAAAGGAATTGACGGGGACCCGCACAAGCGGTGGAGCATGTGGTTTAATTCGAAGCAACGCGAAGAACCTTACCAAGTCTTGACATCCGCCTGACCGATCCTTAACCGGATCTTTCCTTCGG","GGATTAGATACCCTTGGTAGTCCACACTGTAAACGATGATAACTAGGTGTAGGGGGTCTGACCCCTTCTGTGCCGCAGCTAACGCAATAAGTTATCCACCTGGGGAGTACGACCGCAAGGTTGAAACTCAAAGGAATTGACGGGACCCGCACAAGCAGTGGATTATGTGGTTTAATTCGAAGCAACGCGAAGAACCTTACCAGCACTTGACATCCAACTAACGAAATAGAGATATATTAGGTGCCCTTCG","AGGATTAGATACCCTTGGTAGTCCACACCGTAAACGATGATTACTAGGTGTTGGAGGATTGACCCCTTCAGTGCCGCAGTTAACACAATAAGTAATCCACCTGGGGAGTACGACCGCAAGGTTGAAACTCAAAGGAATTGACGGGGCCCGCACAAGCAGTGGAGTATGTGGTTTAATTCGACGCAACGCGAAGAACCTTACCAAGTCTTGACATCCTCTGACGAACATAGAAATATGTTTTTCCTTCGGG","AGGATTAGATACCCTGGGTAGTCCGCACGGTAAACGATGGATGCCCGCTGTTGGTTCACCTGAATCAGCGGCCAAGCGAAAGCATTAAGCATCCCACCTGGGGAGTACGCCGGCAACGGTGAAACTCAAAGGAATTGACGGGGGCCCGCACAAGCGGAGGAACATGTGGTTTAATTCGATGATACGCGAGGAACCTTACCCGGGCTTGAATTGCAGAGGAAGGATTTGGAGACAATGACGCCCTTCGGGG","GGATTAGATACCCTGGGTAGTCCACGCCGTAAACGATGAGTGCTAGGTGTTGGATCCTTTCCGGGATTCAGTGCCGAAGCTAACGCATTAAGCACTCCGCCTGGGGAGTACGACCGCAAGGTTGAAACTCAAAGGAATTGACGGGGCCCGCACAAGCGGTGGAGCATGTGGTTTAATTCGAAGCAACGCGAAGAACCTTACCAGGTCTTGACATCCCGATGCTATTTCTAGAGATAGAAAGTTACTTCGG","AGGATTAGATACCCTTGGTAGTCCACGCCGTAAACGGTGGATGCTGGATGTGGGGCCCGTTCCACGGGTTCCGTGTCGGAGCTAACGCGTTAAGCATCCCGCCTGGGGAGTACGGCCGCAAGGCTAAAACTCAAAGAAATTGACGGGGCCCGCACAAGCGGCGGAGCATGCGGATTAATTCGATGCAACGCGAAGAACCTTACCTGGGCTTGACATGTTCCCGACGGCCGTAGAGATGCGGCTTCCCTTC","GATTAGATACCCTTGGTAGTCCATGCCGTAAACGATGATTACTAGGTGTTGGGGATTGACCCCTTCAGTGCCGCAGTTAACACAATAAGTAATCCACCTGGGGAGTACGACCGCAAGGTTGAAACTCAAAGGAATTGACGGGGCCCGCACAAGCAGTGGAGTATGTGGTTTAATTCGAAGCAACGCGAAGAACCTTACCAGGTCTTGACATCCGATGCATAGCACAGAGATGTGTGAAATCCTTCGGGAC","GGATTAGATACCCTTGGTAGTCCACGCCGTAAACGGTGGATGCTGGATGTGGGGCCCGTTCCACGGGTTCCGTGTCGGAGCTAACGCGTTAAGCATCCCGCCTGGGGAGTACGGCCGCAAGGCTAAAACTCAAAGAAATTGACGGGGCCCGCACAAGCGGCGGAGCATGCGGATTAATTCGATGCAACGCGAAGAACCTTACCTGGGCTTGACATGTTCCCGACGGTCGTAGAGATGCGGCTTCCCTTCG","GGATTAGATACCCTGGGTAGTCCACGCCGTAAACGATGAATACTAGGTGTTGGGGAGCATAAGCTCTTCGGTGCCGGCGCAAACGCATTAAGTATTCCACCTGGGGAGTACGTTCGCAAGAATGAAACTCAAAGGAATTGACGGGACCCGCACAAGCGGTGGAGCATGTGGTTTAATTCGACGCAACGCGAAGAACCTTACCAAGTCTTGACATCCCGGTGACCGGATGGTAACGCATCCTTTTCTTCGG","GGATTAGATACCCTGGGTAGTCCACGCTGTAAACGATGAATACTAGGTGTAGGGGGTATCAACTCCCTCTGTGCCGCAGCAAACGCAATAAGTATTCCGCCTGGGGAGTACGGCCGCAAGGTTGAAACTCAAAGGAATTGACGGGGCCCGCACAAGCAGCGGAGCATGTGGTTTAATTCGACGCAACGCGAAGAACCTTACCAAGGCTTGACATCTACTTAAAGTCATGGAAACATGATGTCTCTTCGGA","GATTAGATACCCTGGGTAGTCCACGCCGTAAACGATGACTACTAGGTGTCGGTGTGCAAAGCACATCGGTGCCGCAGCAAACGCAATAAGTAGTCCACCTGGGGAGTACGTTCGCAAGAATGAAACTCAAAGGAATTGACGGGGACCCGCACAAGCGGTGGAGCATGTGGTTTAATTCGAAGCAACGCGAAGAACCTTACCTGGTCTTGACATCCGGATGACGGGCGAGTAATGTCGCCGTCCCTTCGGG","AGGATTAGATACCCTTGGTAGTCCGCACAGTAAACGATGAATACTCGCGGTTTGCGATACACAGTAAGCCGCCAAGCGAAAGCGTTAAGTATTCCACCTGGGGAGTACGCCGGCAACGGTGAAACTCAAAGGAATTGACGGGGCCCGCACAAGCGGAGGAACATGTGGTTTAATTCGATGATACGCGAGGAACCTTACCCGGGCTTGAACTGCCAGTGACGGTAGCAGAGACGCTACTTTCTTCGGACAC","AGGATTAGATACCCTTGGTAGTCCACGCCGTAAACGATGAATACTAGGTGTCGGGGCTCATAAGAGCTTCGGTGCCGCAGCAAACGCAATAAGTATTCCACCTGGGGAGTACGTTCGCAAGAATGAAACTCAAAGGAATTGACGGGGACCCGCACAAGCGGTGGAGCATGTGGTTTAATTCGAAGCAACGCGAAGAACCTTACCAAGTCTTGACATCCTCTTGCCCGGTCAGTAATGTGACCTTTTCTTC","GATTAGATACCCTGGGTAGTCCACGCCGTAAACGATGTCGACTTGGAGGTTGTGCCCTTGAGGCGTGGCTTCCGGAGCTAACGCGTTAAGTCGACCGCCTGGGGAGTACGGCCGCAAGGTTAAAACTCAAATGAATTGACGGGGCCCGCACAAGCGGTGGAGCATGTGGTTTAATTCGATGCAACGCGAAGAACCTTACCTGGTCTTGACATCCACAGAACTTTCCAGAGATGGATTGGTGCCTTCGGGA","GGATTAGATACCCTTGGTAGTCCACGCCGTAAACGATGAATACTAGGTGTTGGGGAGCATAAGCTCTTCGGTGCCGGCGCAAACGCATTAAGTATTCCACCTGGGGAGTACGTTCGCAAGAATGAAACTCAAAGGAATTGACGGGACCCGCACAAGCGGTGGAGCATGTGGTTTAATTCGACGCAACGCGAAGAACCTTACCAAGTCTTGACATCCCGGTGACCGGATGGTAACGCATCCTTTTCTTCGG","GGATTAGATACCCTGGGTAGTCCACGCCGTAAACGATGAATACTAGGTGTAGGGGGTATAGACTCCCTCTGTGCCGCAGCAAACGCAATAAGTATTCCGCCTGGGGAGTACGGCCGCAAGGTTGAAACTCAAAGGAATTGACGGGGCCCGCACAAGCAGCGGAGCATGTGGTTTAATTCGACGCAACGCGAAAAACCTTACCAAGACTTGACATCCTACTAAGCTCATGGAAACATGAGGTGACTTCGGT","GATTAGATACCCTGGGTAGTCCACGCCGTAAACGATGATTACTAGGTGTGGGGGATTGACCCCTTCCGTGCCGGAGTAAACACAATAAGTAATCCACCTGGGGAGTACGACCGCAAGGTTGAAACTCAAAGGAATTGACGGGGCCCGCACAAGCAGTGGAGTATGTGGTTTAATTCGACGCAACGCGAAGAACCTTACCAGGTCTTGACATCAAGTGACCGTCTAAGAGATTAGGCCTTCCCTTCGGGGA","GATTAGATACCCTGGGTAGTCCACGCCGTAAACGATGGATACTAGATGCGGGGAGTATCGACTCTTTCCGTGTCGGAGCAAACGCAATAAGTATCCCGCCTGGGGAGTACGGCCGCAAGGTTGAAACTCAAAGGAATTGACGGGACCCGCACAAGCAGCGGAGCATGTGGTTTAATTCGAAGCAACGCGAAAAACCTTACCAAGACTTGACATCCTCTGACGGATACAGAAATGTAAACATCTTTTCGGA","GATTAGATACCCTTGGTAGTCCACGCCCTAAACGATGTTAACTAGTTGTTGGGATGTAACAATCTCAGTAACGCAGCCAACGCGAGAAGTTAACCGCCTGGGAAGTACGGTCGCAAGACTAAAACTCAAAGGAATTGACGGGACCCGCACAAGCGGTGGATGATGTGGATTAATTCGATGCAACGCGAAAACCTTACCTACCCTTGACATGTCAGGAAGCTCTTGTAATGAGAGCGTGCCCGCAAGGGAG","GGATTAGATACCCTTGGTAGTCCACGCCGTAAACGATGAATACTAGGTGTCGGGGAGCAAAGCTCTTCGGTGCCGCCGCAAACGCAATAAGTATTCCACCTGGGGAGTACGTTCGCAAGAATGAAACTCAAAGGAATTGACGGGGACCCGCACAAGCGGTGGAGCATGTGGTTTAATTCGAAGCAACGCGAAGAACCTTACCAAGCCTTGACATCCCATTGACAGAGCATGTAATGTGCTTTCCCTTCGG","AGGATTAGATACCCTGGGTAGTCCACGCTGTAAACGATGAATACTAGGTGTGGGAGGACTGACCCCTTCCGTGCCGCAGTTAACACAATAAGTATTCCACCTGGGGAGTACGACCGCAAGGTTGAAACTCAAAGGAATTGACGGGGCCCGCACAAGCAGTGGATTATGTGGTTTAATTCGACGCAACGCGAAGAACCTTACCAGGACTTGACATCCAACTAACGAAGCAGAGATGCATTAGGTGCCCTTC","AGGATTAGATACCCTGGGTAGTCCACGCCGTAAACGATGAATACTAGGTGTAGGGGTTGTCATGACCTCTGTGCCGCCGCTAACGCATTAAGTATTCCGCCTGGGGAGTACGGTCGCAAGATTAAAACTCAAAGGAATTGACGGGGCCCGCACAAGCAGCGGAGCATGTGGTTTAATTCGAAGCAACGCGAAGAACCTTACCTAGACTTGACATCTCCTGCATTACCCTTAATCGGGAAAGTTCCTTCGG","GATTAGATACCCTGGGTAGTCCACGCCGTAAACGATGAATACTAGGTGTCGGGGAACAATAGTTCTTCGGTGCCGCAGCTAACGCATTAAGTATTCCACCTGGGGAGTACGTTCGCAAGAATGAAACTCAAAGGAATTGACGGGACCCGCACAAGCGGTGGAGCATGTGGTTTAATTCGAAGCAACGCGAAGAACCTTACCTGCTCTTGACATCCCACTGACAGGTCAGTAATGTGACCCTTTCTTCGGA","GATTAGATACCCTTGGTAGTCCACGCTGTAAACGATGAATACTAGGTGTGGGAGGACTGACCCCTTCCGTGCCGCAGTTAACACAATAAGTATTCCACCTGGGGAGTACGACCGCAAGGTTGAAACTCAAAGGAATTGACGGGGCCCGCACAAGCAGTGGATTATGTGGTTTAATTCGACGCAACGCGAAGAACCTTACCAGGACTTGACATCCAACTAACGAAGTAGAGATACATTAGGTGCCCTTCGG","GGATTAGATACCCTGGGTAGTCCACACAGTAAACGATGAATACTCGCTGTTTGCGATATACAGTAAGCGGCCAAGCGAAAGCATTAAGTATTCCACCTGGGGAGTACGCCGGCAACGGTGAAACTCAAAGGAATTGACGGGGGCCCGCACAAGCGGAGGAACATGTGGTTTAATTCGATGATACGCGAGGAACCTTACCCGGGCTTAAATTGCAACAGAATATATTGGAAACAGTATAGCCGTAAGGCTG","GGATTAGATACCCTTGGTAGTCCACACCGTAAACGATGATTACTAGGTGTTGGAGGATTGACCCCTTCAGTGCCGCAGTTAACACAATAAGTAATCCACCTGGGGAGTACGACCGCAAGGTTGAAACTCAAAGGAATTGACGGGGCCCGCACAAGCAGTGGAGTATGTGGTTTAATTCGACGCAACGCGAAGAACCTTACCAAGTCTTGACATCCCTTGACAGACATAGAAATATGTAATCTCTTCGGAG","GATTAGATACCCTGGGTAGTCCACGCCGTAAACGATGAGTACTAGCTGTCGGAGGTTACCCCCTTCGGTGGCGCAGCTAACGCATTAAGTACTCCGCCTGGGGAGTACGCTCGCAAGAGTGAAACTCAAAGGAATTGACGGGGACCCGCACAAGTAGCGGAGCATGTGGTTTAATTCGAAGCAACGCGAAGAACCTTACCTAAGCTTGACATCCTTTTGACCGATGCCTAATCGCATCTTTCCCTTCGGG","GATTAGATACCCTGGGTAGTCCACGCCGTAAACGATGAATACTAGGTGTCGGAAAGCATGGTTTTTCGGTGCCGCCGCAAACGCATTAAGTATTCCACCTGGGGAGTACGTTCGCAAGAATGAAACTCAAAGGAATTGACGGGACCCGCACAAGCGGTGGAGCATGTGGTTTAATTCGAAGCAACGCGAAGAACCTTACCAAGTCTTGACATCCTTCTGACCGGACAGTAATGTGTCCTTTCCTTCGGGA","GGATTAGATACCCTGGGTAGTCCACGCCGTAAACGATGAATACTAGGTGTTGGCAGGTAAGACCTGTCGGTGCCGCAGCAAACGCAATAAGTATTCCACCTGGGGAGTACGTTCGCAAGAATGAAACTCAAAGGAATTGACGGGGACCCGCACAAGCGGTGGAGCATGTGGTTTAATTCGAAGCAACGCGAAGAACCTTACCAAGTCTTGACATCCCGGTGACAGAACATGTAATGTGTTTTCCCTTCGG","GGATTAGATACCCTTGGTAGTCCACGCCGTAAACGATGATTACTAGGTGTTGGTGGGTACGACCCATCGGTGCCGCAGCAAACGCAATAAGTAATCCACCTGGGGAGTACGTTCGCAAGAATGAAACTCAAAGGAATTGACGGGACCCGCACAAGCGGTGGAGCATGTGGTTTAATTCGAAGCAACGCGAAGAACCTTACCTGGTCTTGACATCCCTATGAATAACGGGCAATGCCGTTAGTACTTCGGT","GATTAGATACCCTTGGTAGTCCACGCCGTAAACGATGAATACTAGGTGTCGGGAAGCATGGCTTTTCGGTGCCGCCGCAAACGCATTAAGTATTCCACCTGGGGAGTACGTTCGCAAGAATGAAACTCAAAGGAATTGACGGGGACCCGCACAAGCGGTGGAGCATGTGGTTTAATTCGAAGCAACGCGAAGAACCTTACCAAGTCTTGACATCCTTCTGACCGGACAGTAATGTGTCCTTTCCTTCGGG","GATTAGATACCCTGGGTAGTCCACACAGTAAACGATGAATACTCGCTGTTTGCGATATACAGCAAGCGGCCAAGCGAAAGCATTAAGTATTCCACCTGGGGAGTACGCCGGCAACGGTGAAACTCAAAGGAATTGACGGGGGCCCGCACAAGCGGAGGAACATGTGGTTTAATTCGATGATACGCGAGGAACCTTACCCGGGCTTAAATTGCATCTGAATAATTTGGAAACAGATTAGCCGTAAGGCAGA","AGGATTAGATACCCTTGGTAGTCCACGCCGTAAACGATGAATACTAGGTGTCGGGGGACATAGTCCTTCGGTGCCGCAGCAAACGCAATAAGTATTCCACCTGGGGAGTACGTTCGCAAGAATGAAACTCAAAGGAATTGACGGGACCCGCACAAGCGGTGGAGCATGTGGTTTAATTCGAAGCAACGCGAAGAACCTTACCAAGTCTTGACATCCCGGTGACAAAGTATGTAATGTACTCTTTCTTCGG","GATTAGATACCCTGGGTAGTCCACGCCGTAAACGATGAATGCTAGGTGTCGGGTAGCAGGGCTATTCGGTGCCGCCGCAAACGCATTAAGCATTCCACCTGGGGAGTACGTTCGCAAGAATGAAACTCAAAGGAATTGACGGGGACCCGCACAAGCGGTGGAGCATGTGGTTTAATTCGAAGCAACGCGAAGAACCTTACCAAGTCTTGACATCCCCCTGGCAGCGCCTTAACCGGCGCCTTCCTTCGGG","AGGATTAGATACCCTTGGTAGTCCACGCCGTAAACGATGACTACTAGGTGTCGGGTGGCAAAGCCATTCGGTGCCGCAGCCAACGCAATAAGTAGTCCACCTGGGGAGTACGTTCGCAAGAATGAAACTCAAAGGAATTGACGGGGACCCGCACAAGCGGTGGAGCATGTGGTTTAATTCGAAGCAACGCGAAGAACCTTACCTGCTCTTGACATCCCGGTGACGGCAGAGTAATGTCTGCTTTTCTTCG","GGATTAGATACCCTTGGTAGTCCACGCCGTAAACGATGGATACTAGATGTAGGAGGTATTGACTCCTTCTGCGTCGCAGCTAACGCAATAAGTATCCCGCCTGGGGAGTACGGCCGCAAGGTTGAAACTCAAAGGAATTGACGGGGACCCGCACAAGCAGCGGAGCATGTGGTTTAATTCGATGCAACGCGAAGAACCTTACCAAGACTTGACATTGATTGCAAGCCATAGAGATATGGCCCTCCCTTCG","GATTAGATACCCTGGGTAGTCCACACAGTAAACGATGAATACTCGCTGTTTGCGATATACAGTAAGCGGCCAAGCGAAAGCATTAAGTATTCCACCTGGGGAGTACGCCGGCAACGGTGAAACTCAAAGGAATTGACGGGGCCCGCACAAGCGGAGGAACATGTGGTTTAATTCGATGATACGCGAGGAACCTTACCCGGGCTTAAATTGCAAATGAATTATGGGGAAACCCATAGGCCGTAAGGCATTT","GGATTAGATACCCTGGGTAGTCCACGCCGTAAACGGTGGATGCTGGATGTGGGGCCCGTTCCACGGGTTCCGTGTCGGAGCTAACGCGTTAAGCATCCCGCCTGGGGAGTACGGCCGCAAGGCTAAAACTCAAAGAAATTGACGGGGCCCGCACAAGCGGCGGAGCATGCGGATTAATTCGATGCAACGCGAAGAACCTTACCTGGGCTTGACATGTTCCCGACGGTCGTAGAGATGCGGCTTCCCTTCG","GGATTAGATACCCTGGGTAGTCCACGCCGTAAACGATGAATACTAGGTGTCGGGGAGCATGGCTCTTCGGTGCCGTCGCAAACGCAGTAAGTATTCCACCTGGGGAGTACGTTCGCAAGAATGAAACTCAAAGGAATTGACGGGGACCCGCACAAGCGGTGGAGCATGTGGTTTAATTCGAAGCAACGCGAAGAACCTTACCAAATCTTGACATCCCTCTGACCGGTCTTTAATCGGACCTTCTCTTCGG","GGATTAGATACCCTGGGTAGTCCACGCCGTAAACGATGAATACTAGGTGTTGGTGAGCAAAGCTCATCGGTGCCGCCGCAAACGCAATAAGTATTCCACCTGGGGAGTACGTTCGCAAGAATGAAACTCAAAGGAATTGACGGGGACCCGCACAAGCGGTGGAGCATGTGGTTTAATTCGAAGCAACGCGAAGAACCTTACCAAATCTTGACATCCCTCTGAAAAGCCTTTAATCGGGCTCCTCCTTCGG","GGATTAGATACCCTGGGTAGTCCACGCAGTAAACGATGATTACTAGCTGTTTGCGATACACAGTAAGCGGCACAGCGAAAGCGTTAAGTAATCCACCTGGGGAGTACGCCGGCAACGGTGAAACTCAAAGGAATTGACGGGGCCCGCACAAGCGGAGGAACATGTGGTTTAATTCGATGATACGCGAGGAACCTTACCCGGGTTTGAACGCATTCGGACCGGAGTGGAAACACTTCTTCTAGCAATAGCC","AGGATTAGATACCCTTGGTAGTCCATGCCGTAAACGATGATTACTAGGTGTTGGAGGATTGACCCCTTCAGTGCCGCAGTTAACACAATAAGTAATCCACCTGGGGAGTACGACCGCAAGGTTGAAACTCAAAGGAATTGACGGGGCCCGCACAAGCAGTGGAGTATGTGGTTTAATTCGAAGCAACGCGAAGAACCTTACCAGGTCTTGACATCCGATGCATAGCTTAGAGATAAGTGAAGTCCTTCGG","GATTAGATACCCTTGGTAGTCCACACAGTAAACGATGAATACTCGCTGTTTGCGATATACAGTAAGCGGCCAAGCGAAAGCATTAAGTATTCCACCTGGGGAGTACGCCGGCAACGGTGAAACTCAAAGGAATTGACGGGGCCCGCACAAGCGGAGGAACATGTGGTTTAATTCGATGATACGCGAGGAACCTTACCCGGGCTTAAATTGCAAATGAATTATGGGGAAACCCATAGGCCGTAAGGCATTT","GATTAGATACCCTGGGTAGTCCACACGGTAAACGATGAATACTCGCTGTAGGCGATATACAGTCTGCGGCCAAGCGAAAGCATTAAGTATTCCACCTGGGGAGTACGCCGGCAACGGTGAAACTCAAAGGAATTGACGGGGCCCGCACAAGCGGAGGAACATGTGGTTTAATTCGATGATACGCGAGGAACCTTACCCGGGCTTAAATTGCAACCGAATATGGCGGAAACGCTATAGCTAGCAATAGCGG","GATTAGATACCCTTGGTAGTCCACACGGTAAACGATGAATACTCGCTGTAGGCGATATACAGTCTGCGGCCAAGCGAAAGCATTAAGTATTCCACCTGGGGAGTACGCCGGCAACGGTGAAACTCAAAGGAATTGACGGGGGCCCGCACAAGCGGAGGAACATGTGGTTTAATTCGATGATACGCGAGGAACCTTACCCGGGCTTAAATTGCAACCGAATATGGCGGAAACGCTATAGCTAGCAATAGCG","AGGATTAGATACCCTTGGTAGTCCACGCCGTAAACGATGAATACTAGGTGTTGGGAAGCATTGCTTCTCGGTGCCGTCGCAAACGCAGTAAGTATTCCACCTGGGGAGTACGTTCGCAAGAATGAAACTCAAAGGAATTGACGGGACCCGCACAAGCGGTGGAGCATGTGGTTTAATTCGAAGCAACGCGAAGAACCTTACCAAGTCTTGACATCCTTCTGACCGGTACTTAACCGTACCTTCTCTTCGG","GGATTAGATACCCTGGGTAGTCCACGCGGTAAACGATGAATGCTAGGTGTCGGGTGACAAAGTCATTCGGTGCCGCCGCAAACGCATTAAGCATTCCACCTGGGGAGTACGTTCGCAAGAATGAAACTCAAAGGAATTGACGGGGACCCGCACAAGCGGTGGAGCATGTGGTTTAATTCGAAGCAACGCGAAGAACCTTACCAAGTCTTGACATCCCTCTGACCGGAACTTAACCGTTCCTTCCCTTCGG","GATTAGATACCCTTGGTAGTCCGCACGGTAAACGATGGATGCCCGCCGTGGGTATCGTAGATATCCGCGGCCAAGCGAAAGCGTTAAGCATCCCACCTGGGGAGTACGCCGGCAACGGTGAAACTCAAAGGAATTGACGGGGCCCGCACAAGCGGAGGAACATGTGGTTTAATTCGATGATACGCGAGGAACCTTACCCGGGCTTGAATTGCAGAGGAAGGATTTGGAGACAATGACGCCCTTCGGGGTC","GGATTAGATACCCTTGGTAGTCCACACCGTAAACGATGATTACTAGGTGTTGGAGGATTGACCCCTTCAGTGCCGCAGTTAACACAATAAGTAATCCACCTGGGGAGTACGACCGCAAGGTTGAAACTCAAAGGAATTGACGGGGCCCGCACAAGCAGTGGAGTATGTGGTTTAATTCGACGCAACGCGAAGAACCTTACCAAGTCTTGACATCCCTTGACAGGCATAGAAATATGTAATCTCTTCGGAG","GGATTAGATACCCTTGGTAGTCCACGCCGTAAACGATGAATACTAGGTGTCGGAAAGCACAGCTTTTCGGTGCCGCCGCAAACGCATTAAGTATTCCACCTGGGGAGTACGTTCGCAAGAATGAAACTCAAAGGAATTGACGGGACCCGCACAAGCGGTGGAGCATGTGGTTTAATTCGAAGCAACGCGAAGAACCTTACCAAGTCTTGACATCCTTCTGACCGGACAGTAATGTGTCCTTTCCTTCGGG","AGGATTAGATACCCTTGGTAGTCCACGCTGTAAACGATGATTACTAGGTGTGGGGGGTCTGACCCCTTCCGTGCCGGAGTTAACACAATAAGTAATCCACCTGGGGAGTACGGCCGCAAGGTTGAAACTCAAAGGAATTGACGGGGCCCGCACAAGCAGTGGAGTATGTGGTTTAATTCGAAGCAACGCGAAGAACCTTACCAGGTCTTGACATCCTACTAACGAGATAGAGATATGTTAGGTGCCCTTC","AGGATTAGATACCCTTGGTAGTCCACGCCGTAAACGATGAATACTAGGTGTCGGGGAGCAAAGCTCTTCGGTGCCGTCGCAAACGCAGTAAGTATTCCACCTGGGGAGTACGTTCGCAAGAATGAAACTCAAAGGAATTGACGGGACCCGCACAAGCGGTGGAGCATGTGGTTTAATTCGAAGCAACGCGAAGAACCTTACCAAGTCTTGACATCCTTCTGACCGATACTTAATCGTATCTTCTCTTCGG","GATTAGATACCCTGGGTAGTCCACACTGTAAACGATGATTACTAGGTGTTGGAGGATTGACCCCTTCAGTGCCGCAGTTAACACAATAAGTAATCCACCTGGGGAGTACGACCGCAAGGTTGAAACTCAAAGGAATTGACGGGGGCCCGCACAAGCAGTGGAGTATGTGGTTTAATTCGACGCAACGCGAAGAACCTTACCAAGTCTTGACATCCTGCGACGGTGCTGGAAACAGTACTTTCCTTCGGGA","GATTAGATACCCTGGGTAGTCCACGCCGTAAACGATGCTCACTGGTTCTGTGCGATATATTGTACGGGATTAAGCGAAAGTATTAAGTGAGCCACCTGGGGAGTACGTCGGCAACGATGAAACTCAAAGGAATTGACGGGGCCCGCACAAGCGGAGGAACATGTGGTTTAATTCGATGATACGCGAGGAACCTTACCTGGGTTTAAATGGGAAATGCCGTATTTGGAAACAGATATTCTCTTCGGAGCGT","GATTAGATACCCTTGGTAGTCCACACCGTAAACGATGAGTGCTAGGTGTTTGAGGGTTTCCGCCCTTAAGTGCCGCAGCTAACGCATTAAGCACTCCGCCTGGGGAGTACGACCGCAAGGTTGAAACTCAAAGGAATTGACGGGGACCCGCACAAGCGGTGGAGCATGTGGTTTAATTCGAAGCAACGCGAAGAACCTTACCAGGTCTTGACATCCCTTGACAACTCCAGAGATGGAGCGTTCCCTTCGG","GGATTAGATACCCTGGGTAGTCCACGCAGTAAACGATGATAACTCGTTGTCGGCGATACACAGTCGGTGACTAAGCGAAAGCGATAAGTTATCCACCTGGGGAGTACGTTCGCAAGAATGAAACTCAAAGGAATTGACGGGGGCCCGCACAAGCGGAGGAACATGTGGTTTAATTCGATGATACGCGAGGAACCTTACCCGGGCTTGAAAGTTACTGACGATTCTGGAAACAGGATTTCCCTTTGGGGCA","GATTAGATACCCTGGGTAGTCCGCACGGTAAACGATGGATGCCCGCTGTTGGCTTGAATTAGTCAGCGGCCAAGCGAAAGCATTAAGCATCCCACCTGGGGAGTACGCCGGCAACGGTGAAACTCAAAGGAATTGACGGGGCCCGCACAAGCGGAGGAACATGTGGTTTAATTCGATGATACGCGAGGAACCTTACCCGGGCTTGAATTGCAGAGGAAGGATTTGGAGACAATGACGCCCCTCGGGGCCT","GGATTAGATACCCTTGGTAGTCCACGCCGTAAACGATGAATACTAGGTGTCGGGGCCCATAAGGGCTTCGGTGCCGCAGCAAACGCAATAAGTATTCCACCTGGGGAGTACGTTCGCAAGAATGAAACTCAAAGGAATTGACGGGACCCGCACAAGCGGTGGAGCATGTGGTTTAATTCGAAGCAACGCGAAGAACCTTACCAAGTCTTGACATCCTCTTGACCGGTCAGTAATGTGACCTTTCCTTCGG","GGATTAGATACCCTTGGTAGTCCACGCCGTAAACGATGCTCACTGGTTCTGTGCGATATATTGTACGGGATTAAGCGAAAGTATTAAGTGAGCCACCTGGGGAGTACGTCGGCAACGATGAAACTCAAAGGAATTGACGGGGGCCCGCACAAGCGGAGGAACATGTGGTTTAATTCGATGATACGCGAGGAACCTTACCTGGGTTTAAATGGGAAATGCCGTATTTGGAAACAGATATTCTCTTCGGAGC","GGATTAGATACCCTGGGTAGTCCACGCAGTAAACGATGATAACTCGTTGTCGGCGATACACAGTCGGTGACTAAGCGAAAGCGATAAGTTATCCACCTGGGGAGTACGTTCGCAAGAATGAAACTCAAAGGAATTGACGGGGGCCCGCACAAGCGGAGGAACATGTGGTTTAATTCGATGATACGCGAGGAACCTTACCCGGGCTTGAAAGTTACTGACGATTCTGGAAACAGGATTTCCCTTCGGGGCA","GATTAGATACCCTGGGTAGTCCACGCCGTAAACGATGATTACTAGGTGTGGGGGATTGACCCCTTCCGTGCCGGAGTAAACACAATAAGTAATCCACCTGGGGAGTACGACCGCAAGGTTGAAACTCAAAGGAATTGACGGGGCCCGCACAAGCAGTGGAGTATGTGGTTTAATTCGACGCAACGCGAAGAACCTTACCAGGTCTTGACATCAAGTGACCGCCTAAGAGATTAGGCTTTCCCTTCGGGGA","GATTAGATACCCTTGGTAGTCCACGCCGTAAACGATGTCAATTAGGAGCTTGGGCAGAAGTCTGGGTTCCGCAGCTAACGCAATAAATTGACCGCCTGGGGAGTACGGCCGCAAGGTTAAAACTCAAATGAATTGACGGGGCCCGCACAAGCGGTGGAGCATGTGGTTTAATTCGACGCAACGCGAAGAACCTTACCTGATCTTGACATCGTAAGAACCTCACTGAAGGGTGAGGGTGCCTTCGGGAACT","GGATTAGATACCCTTGGTAGTCCACGCCGTAAACGATGGATACTAGATGCGGGGAGTATCGACTCTTTCCGTGTCGGAGCAAACGCAATAAGTATCCCGCCTGGGGAGTACGGCCGCAAGGTTGAAACTCAAAGGAATTGACGGGACCCGCACAAGCAGCGGAGCATGTGGTTTAATTCGAAGCAACGCGAAAAACCTTACCAAGACTTGACATCCTCTGACGGATACAGAAATGTAAACATCTTTTCGG","AGGATTAGATACCCTTGGTAGTCCACGCCGTAAACGATGAATACTAGGTGTTGGGGAGCAAAGCTCTTCGGTGCCGCAGCAAACGCAATAAGTATTCCACCTGGGGAGTACGTTCGCAAGAATGAAACTCAAAGGAATTGACGGGACCCGCACAAGCGGTGGAGCATGTGGTTTAATTCGAAGCAACGCGAAGAACCTTACCAAGTCTTGACATCGATCTGACCGGACTGTAATGAGTCCTTTCCTTCGG","GATTAGATACCCTGGGTAGTCCATGCCGTAAACGATGAGTGCTAAGTGTTGGGAGGTTTCCGCCTCTCAGTGCTGCAGCTAACGCATTAAGCACTCCGCCTGGGGAGTACGACCGCAAGGTTGAAACTCAAAGGAATTGACGGGGGCCCGCACAAGCGGTGGAGCATGTGGTTTAATTCGAAGCAACGCGAAGAACCTTACCAGGTCTTGACATCCAGTGCAAACCTAAGAGATTAGGTGTTCCCTTCGG","GATTAGATACCCTTGGTAGTCCACGCCGTAAACGATGACTACTAGGTGTCGGTGTGCAAAGCACATCGGTGCCGCAGCAAACGCAATAAGTAGTCCACCTGGGGAGTACGTTCGCAAGAATGAAACTCAAAGGAATTGACGGGGACCCGCACAAGCGGTGGAGCATGTGGTTTAATTCGAAGCAACGCGAAGAACCTTACCTGGTCTTGACATCCGGATGACGGGCGAGTAATGTCGCCGTCCCTTCGGG","GATTAGATACCCTTGGTAGTCCACGCAGTAAACGATGATTACTAGGAGTTTGCGATACAATGTAAGCTCTACAGCGAAAGCGTTAAGTAATCCACCTGGGGAGTACGCCGGCAACGGTGAAACTCAAAGGAATTGACGGGGCCCGCACAAGCGGAGGAACATGTGGTTTAATTCGATGATACGCGAGGAACCTTACCCGGGTTTGAACGTAGTCTGACCGGAGTGGAAACACTTTTTCTAGCAATAGCAG","AGGATTAGATACCCTGGGTAGTCCGCACGGTAAACGATGGATGCCCGCTGTTGGTTCACTTGAATCAGCGGCCAAGCGAAAGCATTAAGCATCCCACCTGGGGAGTACGCCGGCAACGGTGAAACTCAAAGGAATTGACGGGGGCCCGCACAAGCGGAGGAACATGTGGTTTAATTCGATGATACGCGAGGAACCTTACCCGGGCTTGAATTGCAGAGGAAGGATTTGGAGACAATGACGCCCTTCGGGG","AGGATTAGATACCCTGGGTAGTCCGCACGGTAAACGATGGATGCCCGCTGTTGGCCTGAATAGGTCAGCGGCCAAGCGAAAGCATTAAGCATCCCACCTGGGGAGTACGCCGGCAACGGTGAAACTCAAAGGAATTGACGGGGGCCCGCACAAGCGGAGGAACATGTGGTTTAATTCGATGATACGCGAGGAACCTTACCCGGGCTTGAATTGCAGAGGAAGGATTTGGAGACAATGACGCCCTTCGGGG","AGGATTAGATACCCTTGGTAGTCCACGCCGTAAACGATGAATACTAGGTGTCGGGGCGCATAAGCGCTTCGGTGCCGCAGCAAACGCAATAAGTATTCCACCTGGGGAGTACGTTCGCAAGAATGAAACTCAAAGGAATTGACGGGGACCCGCACAAGCGGTGGAGCATGTGGTTTAATTCGAAGCAACGCGAAGAACCTTACCAAGTCTTGACATCCTCTTGACCGGTCAGTAATGTGGCCTTTCCTTC","AGGATTAGATACCCTTGGTAGTCCACGCCGTAAACGATGAATACTAGGTGTCGGAAAGCACAGCTTTTCGGTGCCGCCGCAAACGCATTAAGTATTCCACCTGGGGAGTACGTTCGCAAGAATGAAACTCAAAGGAATTGACGGGGACCCGCACAAGCGGTGGAGCATGTGGTTTAATTCGAAGCAACGCGAAGAACCTTACCAAGTCTTGACATCCCGGTGACCGGACAGTAATGTGTCCTTTTCTTCG","AGGATTAGATACCCTTGGTAGTCCACACCGTAAACGATGATTACTAGGTGTTGGAGGATTGACCCCTTCAGTGCCGCAGTTAACACAATAAGTAATCCACCTGGGGAGTACGACCGCAAGGTTGAAACTCAAAGGAATTGACGGGGCCCGCACAAGCAGTGGAGTATGTGGTTTAATTCGACGCAACGCGAAGAACCTTACCAAGTCTTGACATCCCTTGACGATGCTGGAAACAGCATTTCTCTTCGGA","GGATTAGATACCCTTGGTAGTCCACGCGGTAAACGATGAATGCTAGGTGTCGGGTGACAAAGTCATTCGGTGCCGCCGCAAACGCATTAAGCATTCCACCTGGGGAGTACGTTCGCAAGAATGAAACTCAAAGGAATTGACGGGGACCCGCACAAGCGGTGGAGCATGTGGTTTAATTCGAAGCAACGCGAAGAACCTTACCAAGTCTTGACATCCCTCTGACCGGAACTTAACCGTTCCTTCCCTTCGG","GGATTAGATACCCTTGGTAGTCCACGCCGTAAACGATGAATACTAGGTGTCGGGGGACATAGTCCTTCGGTGCCGCAGCAAACGCAATAAGTATTCCACCTGGGGAGTACGTTCGCAAGAATGAAACTCAAAGGAATTGACGGGACCCGCACAAGCGGTGGAGCATGTGGTTTAATTCGAAGCAACGCGAAGAACCTTACCAAGTCTTGACATCCCGGTGACAAAGTATGTAATGTACTCTTTCTTCGGA","GGATTAGATACCCTTGGTAGTCCACGCCGTAAACGATGAATACTAGGTGTCGGGGAGCAAAGCTCTTCGGTGCCGTCGCAAACGCAGTAAGTATTCCACCTGGGGAGTACGTTCGCAAGAATGAAACTCAAAGGAATTGACGGGACCCGCACAAGCGGTGGAGCATGTGGTTTAATTCGAAGCAACGCGAAGAACCTTACCAAGTCTTGACATCCGCCTGACCGATCCTTAACCGGATCTTTCCTTCGGG","GATTAGATACCCTGGGTAGTCCACGCCGTAAACGATGATTACTAGGTGTGGGGGACTGACCCCTTCCGTGCCGCAGTTAACACAATAAGTAATCCACCTGGGGAGTACGGCCGCAAGGTTGAAACTCAAAGGAATTGACGGGGCCCGCACAAGCAGTGGAGTATGTGGTTTAATTCGAAGCAACGCGAAGAACCTTACCAGGTCTTGACATCGAGTGACGTACCTAGAGATAGGTATTTTCTTCGGAACA","GATTAGATACCCTGGGTAGTCCACGCCGTAAACGATGAATACTAGGTGTTGGGAAGCATTGCTTCTCGGTGCCGTCGCAAACGCAGTAAGTATTCCACCTGGGGAGTACGTTCGCAAGAATGAAACTCAAAGGAATTGACGGGGACCCGCACAAGCGGTGGAGCATGTGGTTTAATTCGAAGCAACGCGAAGAACCTTACCAAGTCTTGACATCCTTCTGACCGGTACTTAATCGTACCTTCTCTTCGGA","GATTAGATACCCTTGGTAGTCCACGCTGTAAACGATGAATACTAGGTGTTGGTGGGCAAAGCCCATCGGTGCCGCCGCAAACGCAATAAGTATTCCACCTGGGGAGTACGTTCGCAAGAATGAAACTCAAAGGAATTGACGGGGACCCGCACAAGCGGTGGAGCATGTGGTTTAATTCGAAGCAACGCGAAGAACCTTACCAAGTCTTGACATCGTGATGACCGGAACTTAACCGTTCCTTCCCTTCGGG","GGATTAGATACCCTTGGTAGTCCACGCCGTAAACGATGAATACTAGGTGTTGGTGGGCAAAGCCCATCGGTGCCGCCGCAAACGCAATAAGTATTCCACCTGGGGAGTACGTTCGCAAGAATGAAACTCAAAGGAATTGACGGGGACCCGCACAAGCGGTGGAGCATGTGGTTTAATTCGAAGCAACGCGAAGAACCTTACCAAGTCTTGACATCGTAGCGACCGGAACTTAACCGTTCCTTCCCTTCGG","GGATTAGATACCCTTGGTAGTCCACGCGGTAAACGATGAATGCTAGGTGTTGGTGAGCAAAGCTCATCGGTGCCGCCGCAAACGCATTAAGCATTCCACCTGGGGAGTACGTTCGCAAGAATGAAACTCAAAGGAATTGACGGGGACCCGCACAAGCGGTGGAGCATGTGGTTTAATTCGAAGCAACGCGAAGAACCTTACCAAGTCTTGACATCCCGATGAAAGATCCTTAACCGGATTCCCTCTTCGG","AGGATTAGATACCCTTGGTAGTCCACGCCGTAAACGATGAATACTAGGTGTTGGGGAGCATAAGCTCTTCGGTGCCGGCGCAAACGCATTAAGTATTCCACCTGGGGAGTACGTTCGCAAGAATGAAACTCAAAGGAATTGACGGGACCCGCACAAGCGGTGGAGCATGTGGTTTAATTCGACGCAACGCGAAGAACCTTACCAAGTCTTGACATCCCGGTGACCGGTCAGTAACGTGACCTTTTCTTCG","AGGATTAGATACCCTGGGTAGTCCACGCCGTAAACGATGACTGCTAGGTGTCGGGTGGCAAAGCCATTCGGTGCCGCAGCAAACGCAATAAGCAGTCCACCTGGGGAGTACGTTCGCAAGAATGAAACTCAAAGGAATTGACGGGGACCCGCACAAGCGGTGGAGCATGTGGTTTAATTCGAAGCAACGCGAAGAACCTTACCTGATCTTGACATCCCGATGACCGCTTCATAATGGAAGCTTTTCTTCG","GATTAGATACCCTTGGTAGTCCACGCCGTAAACGATGAATACTAGGTGTTGGGAAGCATTGCTTCTCGGTGCCGTCGCAAACGCAGTAAGTATTCCACCTGGGGAGTACGTTCGCAAGAATGAAACTCAAAGGAATTGACGGGGACCCGCACAAGCGGTGGAGCATGTGGTTTAATTCGAAGCAACGCGAAGAACCTTACCAAGTCTTGACATCCTTCTGACCGGTACTTAATCGTACCTTCTCTTCGGA","GATTAGATACCCTTGGTAGTCCACGCCCTAAACGATGTTAACTAGTTGTTGGGATGTAACAATCTCAGTAACGCAGCCAACGCGAGAAGTTAACCGCCTGGGAAGTACGGTCGCAAGACTAAAACTCAAAGGAATTGACGGGACCCGCACAAGCGGTGGATGATGTGGATTAATTCGATGCAACGCGAAAAACCTTACCTACCCTTGACATGTCAGGAAGCTCTTGTAATGAGAGCGTGCCCGCAAGGGA","AGGATTAGATACCCTTGGTAGTCCACGCTGTAAACGATGATTACTAGGTGTGGGGGGTCTGACCCCTTCCGTGCCGGAGTTAACACAATAAGTAATCCACCTGGGGAGTACGACCGCAAGGTTGAAACTCAAAGGAATTGACGGGGCCCGCACAAGCAGTGGAGTATGTGGTTTAATTCGAAGCAACGCGAAGAACCTTACCAGGTCTTGACATCGAGTGACGAATCTAGAGATAGATTTTTCCTTCGGG","GATTAGATACCCTTGGTAGTCCACGCGGTAAACGATGAATGCTAGGTGTAGGAGGTATCGACCCCTTCTGTGCCGCAGTAAACACAATAAGCATTCCGCCTGGGGAGTACGGCCGCAAGGTTGAAACTCAAAGGAATTGACGGGGCCCGCACAAGCAGCGGAGCATGTGGTTTAATTCGAAGCAACGCGAAGAACCTTACCAGGTCTTGACATCCGTGTAAAGCCGCAGAGATGCGGTGTGAGCTTGCTC","GATTAGATACCCTGGGTAGTCCACGCCGTAAACGATGACTACTAGGTGTCGGGGAGCAAAGCTCTTCGGTGCCGCAGCAAACGCAATAAGTAGTCCACCTGGGGAGTACGTTCGCAAGAATGAAACTCAAAGGAATTGACGGGGACCCGCACAAGCGGTGGAGCATGTGGTTTAATTCGAAGCAACGCGAAGAACCTTACCTGGTCTTGACATCCCTCTGACGGCTCTTTAATCGGAGTTTTCCTTCGGG","AGGATTAGATACCCTTGGTAGTCCACGCCGTAAACGATGCTCACTGGTTCTGTGCGATATATTGTACGGGATTAAGCGAAAGTATTAAGTGAGCCACCTGGGGAGTACGTCGGCAACGATGAAACTCAAAGGAATTGACGGGGGCCCGCACAAGCGGAGGAACATGTGGTTTAATTCGATGATACGCGAGGAACCTTACCTGGGTTTAAATGGGAAATGTCGTATTTGGAAACAGATATTCTCTTCGGAG","GGATTAGATACCCTTGGTAGTCCACACAGTAAACGATGAATACTCGCTGTTTGCGATATACAGTAAGCGGCCAAGCGAAAGCATTAAGTATTCCACCTGGGGAGTACGCCGGCAACGGTGAAACTCAAAGGAATTGACGGGGCCCGCACAAGCGGAGGAACATGTGGTTTAATTCGATGATACGCGAGGAACCTTACCCGGGCTTAAATTGCAAATGAATTATGGGGAAACCCATACGCCGCAAGGCATT","GGATTAGATACCCTTGGTAGTCCACGCCGTAAACGATGGATACTAGGTGTAGGAGGTATCGACCCCTCCTGTGCCGGAGTTAACGCAATAAGTATCCCGCCTGGGAAGTACGATCGCAAGATTAAAACTCAAAGGAATTGACGGGGCCCGCACAAGCGGTGGAGTATGTGGTTTAATTCGACGCAACGCGAAGAACCTTACCAGGTCTTGACATTGATCGCAATCTGCAGAAATGCGGAGTTCTTCTTCG","GATTAGATACCCTTGGTAGTCCACGCTGTAAACGATGGATACTAGGTGTGCGGGGACTGACCCCCTGCGTGCCGCAGTTAACACAATAAGTATCCCACCTGGGGAGTACGATCGCAAGGTTGAAACTCAAAGGAATTGACGGGGGCCCGCACAAGCGGTGGATTATGTGGTTTAATTCGAAGCAACGCGAAGAACCTTACCAGGTCTTGACATCCTGCTAACGAAGTAGAGATACATTAGGTGCCCTTCG","GATTAGATACCCTTGGTAGTCCACACGGTAAACGATGAATACTCGCTGTAGGCGATATACAGTCTGCGGCCAAGCGAAAGCATTAAGTATTCCACCTGGGGAGTACGCCGGCAACGGTGAAACTCAAAGGAATTGACGGGGCCCGCACAAGCGGAGGAACATGTGGTTTAATTCGATGATACGCGAGGAACCTTACCCGGGCTTAAATTGCAACCGAATATGGCGGAAACGCTATAGCTAGCAATAGCGG","GATTAGATACCCTTGGTAGTCCACACAGTAAACGATGAATACTCGCTGTTTGCGATATACAGTAAGCGGCCAAGCGAAAGCATTAAGTATTCCACCTGGGGAGTACGCCGGCAACGGTGAAACTCAAAGGAATTGACGGGGCCCGCACAAGCGGAGGAACATGTGGTTTAATTCGATGATACGCGAGGAACCTTACCCGGGCTTAAATTGCAGTGGAATGATGTGGAAACATGTCAGTGAGCAATCACCG","AGGATTAGATACCCTTGGTAGTCCGCACGGTAAACGATGGATGCCCGCTGTTGGTTCACTTGAATCAGCGGCCAAGCGAAAGCATTAAGCATCCCACCTGGGGAGTACGCCGGCAACGGTGAAACTCAAAGGAATTGACGGGGGCCCGCACAAGCGGAGGAACATGTGGTTTAATTCGATGATACGCGAGGAACCTTACCCGGGCTTGAATTGCAGAGGAAGGATTTGGAGACAATGACGCCCTTCGGGG","AGGATTAGATACCCTTGGTAGTCCACACCGTAAACGATGGATACTAGGTGTAGGGTGTGATAAACATTCTGTGCCGTCGCAAACGCAATAAGTATCCCACCTGGGGAGTACGGCCGCAAGGTTGAAACTCAAAGGAATTGACGGGGCCCGCACAAGCAGTGGAGTATGTGGTTTAATTCGACGCAACGCGAAGAACCTTACCAGGGCTTGACATATACAGGAATATATAAGAGATTATATAGCTCTTCGG","GATTAGATACCCTGGGTAGTCCACGCCGTAAACGATGAATACTAGGTGTCGGGTGGCAAAGCCATTCGGTGCCGTCGCAAACGCAGTAAGTATTCCACCTGGGGAGTACGTTCGCAAGAATGAAACTCAAAGGAATTGACGGGACCCGCACAAGCGGTGGAGCATGTGGTTTAATTCGAAGCAACGCGAAGAACCTTACCAAGTCTTGACATCCGCCTGACCGATCCTTAACCGGATCTTTCCTTCGGGA","AGGATTAGATACCCTGGGTAGTCCACGCCGTAAACGATGAATACTAGGTGTTGGAGAGCATTGCTCTTCGGTGCCGCAGCAAACGCAATAAGTATTCCACCTGGGGAGTACGTTCGCAAGAATGAAACTCAAAGGAATTGACGGGGACCCGCACAAGCGGTGGAGCATGTGGTTTAATTCGAAGCAACGCGAAGAACCTTACCAAGTCTTGACATCCCGATGACCAAGTATGTAATGTACTCTCTCTTCG","AGGATTAGATACCCTTGGTAGTCCACGCCGTAAACGATGAATACTAGGTGTAGGGGCCCCAAGCCTCTGTGCCGCCGCTAACGCATTAAGTATTCCGCCTGGGGAGTACGGTCGCAAGATTAAAACTCAAAGGAATTGACGGGACCCGCACAAGCAGCGGAGCATGTGGTTTAATTCGAAGCAACGCGAAGAACCTTACCTAGACTTGACATGTCCTGAATTACCAGTAATGTGGGAAATTCCTTCGGGA","GATTAGATACCCTGGGTAGTCCACACAGTAAACGATGAATACTCGCTGTTTGCGATATACAGTAAGCGGCCAAGCGAAAGCATTAAGTATTCCACCTGGGGAGTACGCCGGCAACGGTGAAACTCAAAGGAATTGACGGGGGCCCGCACAAGCGGAGGAACATGTGGTTTAATTCGATGATACGCGAGGAACCTTACCCGGGCTTAAATTGCAAATGAATTATGGGGAAACCCATAGGCCGTAAGGCATT","GATTAGATACCCTTGGTAGTCCACGCAGTAAACGATGAATACTAACTGTTTGCGATACAATGTAAGCGGTACAGCGAAAGCGTTAAGTATTCCACCTGGGGAGTACGCCGGCAACGGTGAAACTCAAAGGAATTGACGGGGCCCGCACAAGCGGAGGAACATGTGGTTTAATTCGATGATACGCGAGGAACCTTACCCGGGCTCAAACGCAGGGGGAATGTCGGTGAAAGCCGGCAGCTAGTAATAGTCA","GGATTAGATACCCTTGGTAGTCCACGCAGTAAACGATGATAGCTCGTTGTCGGCGATACACAGTCGGTGACTAAGAGAAATCGATAAGCTATCCACCTGGGGAGTACGTTCGCAAGAATGAAACTCAAAGGAATTGACGGGGGCCCGCACAAGCGGAGGAACATGTGGTTTAATTCGATGATACGCGAGGAACCTTACCCGGGCTTGAAAGTTACTGACGATTCTGGAAACAGGATTTCCCTTCGGGGCA","GATTAGATACCCTGGGTAGTCCACGCAGTAAACGATGATTACTAGGAGTTTGCGATACAATGTAAGCTCTACAGCGAAAGCGTTAAGTAATCCACCTGGGGAGTACGCCGGCAACGGTGAAACTCAAAGGAATTGACGGGGCCCGCACAAGCGGAGGAACATGTGGTTTAATTCGATGATACGCGAGGAACCTTACCCGGGTTTGAACGTAGTCTGACCGGAGTGGAAACACTTTTTCTAGCAATAGCAG","GATTAGATACCCTGGGTAGTCCACGCTGTAAACGATGGGTGCTGGGTGCTGGGATGTATGTCTCGGTGCCGTAGCTAACGCGATAAGCACCCCGCCTGGGGAGTACGGTCGCAAGGCTGAAACTCAAAGAAATTGACGGGGGCCCGCACAAGCGGTGGAGTATGTGGTTTAATTCGATGCAACGCGAAGAACCTTACCCAGGCTTGACATCTAGGGAACCCTTCGGAAATGAAGGGGTGCCCTTCGGGGA","AGGATTAGATACCCTTGGTAGTCCGCACGGTAAACGATGGATGCCCGCCGTGGGTATCGTAGATATCCGCGGCCAAGCGAAAGCGTTAAGCATCCCACCTGGGGAGTACGCCGGCAACGGTGAAACTCAAAGGAATTGACGGGGCCCGCACAAGCGGAGGAACATGTGGTTTAATTCGATGATACGCGAGGAACCTTACCCGGGCTTGAATTGCAGATGAAGGATACAGAGATGTTGACGCCCTTCGGGG","GATTAGATACCCTTGGTAGTCCACGCCGTAAACGATGAATACTAGGTGTCGGGAAGCACAGCTTTTCGGTGCCGCCGCAAACGCATTAAGTATTCCACCTGGGGAGTACGTTCGCAAGAATGAAACTCAAAGGAATTGACGGGGACCCGCACAAGCGGTGGAGCATGTGGTTTAATTCGAAGCAACGCGAAGAACCTTACCAAGTCTTGACATCCTTCTGACCGGACAGTAATGTGTCCTTTCCTTCGGG","GATTAGATACCCTGGGTAGTCCACGCCGTAAACGATGAATACTAGGTGTTGGGGAGCATTGCTCTTCGGTGCCGTCGCAAACGCAGTAAGTATTCCACCTGGGGAGTACGTTCGCAAGAATGAAACTCAAAGGAATTGACGGGGACCCGCACAAGCGGTGGAGCATGTGGTTTAATTCGAAGCAACGCGAAGAACCTTACCAAGTCTTGACATCCTTCTGACCGGTACTTAACCGTACCTTCTCTTCGGA","GGATTAGATACCCTTGGTAGTCCACGCCGTAAACGATGAATACTAGGTGTCGGGTGGCAAAGCCATTCGGTGCCGTCGCAAACGCAGTAAGTATTCCACCTGGGGAGTACGTTCGCAAGAATGAAACTCAAAGGAATTGACGGGGACCCGCACAAGCGGTGGAGCATGTGGTTTAATTCGAAGCAACGCGAAGAACCTTACCAAGTCTTGACATCCTCCTGACCGGTCCTTAACCGGACCTTTCCTTCGG","GGATTAGATACCCTGGGTAGTCCACACCGTAAACGATGGATACTAGGTGTAGGAGATATTAAGTCTTCTGTGCCGTCGCAAACGCAGTAAGTATCCCACCTGGGGAGTACGGCCGCAAGGTTGAAACTCAAAGGAATTGACGGGGCCCGCACAAGCAGTGGAGTATGTGGTTTAATTCGAAGCAACGCGAAGAACCTTACCAGGGCTTGACATATAGATGAATATATAAGAGATTATATAGCTCTTCGGA","GGATTAGATACCCTGGGTAGTCCACGCTGTAAACGATGAATACTAGGTGTGGGGGACTGACCCCTTCCGTGCCGCAGTTAACACAATAAGTATTCCACCTGGGGAGTACGACCGCAAGGTTGAAACTCAAAGGAATTGACGGGGCCCGCACAAGCAGTGGATTATGTGGTTTAATTCGACGCAACGCGAAGAACCTTACCGGGATTTGACATCCTACTAACGAAGTAGAGATACATTAGGTGCCCTTCGG","AGGATTAGATACCCTTGGTAGTCCACGCGGTAAACGATGGATGCTCGCTGTTTGCGTCTGACGTAAGCGGCCAAGCGAAAGCGTTAAGCATCCCACCTGGGGAGTACGCCGGCAACGGTGAAACTCAAAGGAATTGACGGGGCCCGCACAAGCGGAGGAACATGTGGTTTAATTCGATGATACGCGAGGAACCTTACCCGGGCTTGAACTGCAGCGGACGGAAACAGAGATGTTGACTCCCTTCGGGGCC","GATTAGATACCCTGGGTAGTCCACGCCGTAAACGATGAATACTAGGTGTCGGGTGGCAGAGCCATTCGGTGCCGTCGCAAACGCAGTAAGTATTCCACCTGGGGAGTACGTTCGCAAGAATGAAACTCAAAGGAATTGACGGGACCCGCACAAGCGGTGGAGCATGTGGTTTAATTCGAAGCAACGCGAAGAACCTTACCAAGTCTTGACATCCCTCTGACCGGAACTTAATCGTTCCTTTCCTTCGGGA","GATTAGATACCCTGGGTAGTCCACGCCGTAAACGATGCTCACTGGTTCTGTGCGATATATTGTACGGGATTAAGCGAAAGTATTAAGTGAGCCACCTGGGGAGTACGTCGGCAACGATGAAACTCAAAGGAATTGACGGGGCCCGCACAAGCGGAGGAACATGTGGTTTAATTCGATGATACGCGAGGAACCTTACCTGGGTTTAAATGGGAAATGTCGTATTTGGAAACAGATATTCTCTTCGGAGCGT","GATTAGATACCCTGGGTAGTCCACACAGTAAACGATGAATACTCGCTGTTTGCGATATACAGTAAGCGGCCAAGCGAAAGCATTAAGTATTCCACCTGGGGAGTACGCCGGCAACGGTGAAACTCAAAGGAATTGACGGGGCCCGCACAAGCGGAGGAACATGTGGTTTAATTCGATGATACGCGAGGAACCTTACCCGGGCTTAAATTGCATTTGAATAATCTGGAAACAGGTTAGCCGCAAGGCAAAT","GATTAGATACCCTGGGTAGTCCACGCTGTAAACGATGATTACTAGGTGTGGGGGTCTGACCCCTTCCGTGCCGGAGTTAACACAATAAGTAATCCACCTGGGGAGTACGGCCGCAAGGTTGAAACTCAAAGGAATTGACGGGGCCCGCACAAGCAGTGGAGTATGTGGTTTAATTCGAAGCAACGCGAAGAACCTTACCAGGTCTTGACATCCAACTAACGAAGTAGAGATACATTAGGTGCCCTTCGGG","GATTAGATACCCTGGGTAGTCCACGCCGTAAACGATGAATACTAGGTGTCGGGGCTCATAAGAGCTTCGGTGCCGCAGCAAACGCAATAAGTATTCCACCTGGGGAGTACGTTCGCAAGAATGAAACTCAAAGGAATTGACGGGGACCCGCACAAGCGGTGGAGCATGTGGTTTAATTCGAAGCAACGCGAAGAACCTTACCAAGTCTTGACATCCTCTTGACCGGTCAGTAATGTGGCCTTTTCTTCGG","GATTAGATACCCTGGGTAGTCCACGCCGTAAACGATGAATACTAGGTGTTGGAAGGCAAAGCCTTTCAGTGCCGTCGCAAACGCATTAAGTATTCCACCTGGGGAGTACGTTCGCAAGAATGAAACTCAAAGGAATTGACGGGGACCCGCACAAGCGGTGGAGCATGTGGTTTAATTCGAAGCAACGCGAAGAACCTTACCAGACCTTGACATCCCTCTGAATACAGTGTAATGACTGTAGGCCTTCGGG","GATTAGATACCCTGGGTAGTCCACACAGTAAACGATGAATACTCGCTGTTTGCGATATACAGTAAGCGGCCAAGCGAAAGCATTAAGTATTCCACCTGGGGAGTACGCCGGCAACGGTGAAACTCAAAGGAATTGACGGGGCCCGCACAAGCGGAGGAACATGTGGTTTAATTCGATGATACGCGAGGAACCTTACCCGGGCTTAAATTGCATTTGAATATGTAGGAAACTATATAGCCGCAAGGCAAAT","GATTAGATACCCTTGGTAGTCCACGCCGTAAACGATGACTACTAGGTGTCGGGGAGCAAAGCTCTTCGGTGCCGCAGCAAACGCAATAAGTAGTCCACCTGGGGAGTACGTTCGCAAGAATGAAACTCAAAGGAATTGACGGGGACCCGCACAAGCGGTGGAGCATGTGGTTTAATTCGAAGCAACGCGAAGAACCTTACCTGCTCTTGACATCCCGGTGACCGGCATGTAATGATGCCTTTTCTTCGGA","GGATTAGATACCCTTGGTAGTCCACGCTGTAAACGATGAATACTAGGTGTGCGGGGACTGACCCCCTGCGTGCCGCAGTTAACACAATAAGTATTCCACCTGGGGAGTACGATCGCAAGGTTGAAACTCAAAGGAATTGACGGGGCCCGCACAAGCGGTGGATTATGTGGTTTAATTCGAAGCAACGCGAAGAACCTTACCAGGGCTTGACATCCTACTAACGAGATAGAGATATGTTAGGTGCCCTTCG","GGATTAGATACCCTGGGTAGTCCACGCAGTAAACGATGATAACTCGTTGTCGGCGATACACAGTCGGTGACTAAGCGAAAGCGATAAGTTATCCACCTGGGGAGTACGTTCGCAAGAATGAAACTCAAAGGAATTGACGGGGCCCGCACAAGCGGAGGAACATGTGGTTTAATTCGATGATACGCGAGGAACCTTACCCGGGCTTGAAAGTTAGTGACGATTCTGGAAACAGGATTTCCCTTCGGGGCAC","GATTAGATACCCTGGGTAGTCCACGCCGTAAACGATGAGTGCTAGGTGTTGGATCCTTTCCGGGATTCAGTGCCGCAGCTAACGCATTAAGCACTCCGCCTGGGGAGTACGACCGCAAGGTTGAAACTCAAAGGAATTGACGGGGCCCGCACAAGCGGTGGAGCATGTGGTTTAATTCGAAGCAACGCGAAGAACCTTACCAGGTCTTGACATCCCGATGCTATTTCTAGAGATAGAAAGTTACTTCGGT","GATTAGATACCCTGGGTAGTCCACGCCGTAAACGATGAATACTAGGTGTCGGGTGGCAAAGCCATTCGGTGCCGCAGCAAACGCAATAAGTATTCCACCTGGGGAGTACGTTCGCAAGAATGAAACTCAAAGGAATTGACGGGACCCGCACAAGCGGTGGAGCATGTGGTTTAATTCGAAGCAACGCGAAGAACCTTACCTGGTCTTGACATCCCTCTGACCGCTCTTTAATCGGAGTTTTCCTTCGGGA","AGGATTAGATACCCTTGGTAGTCCACGCCGTAAACGGTGGATGCTGGATGTGGGGCCCGTTCCACGGGTTCCGTGTCGGAGCTAACGCGTTAAGCATCCCGCCTGGGGAGTACGGCCGCAAGGCTAAAACTCAAAGAAATTGACGGGGCCCGCACAAGCGGCGGAGCATGCGGATTAATTCGATGCAACGCGAAGAACCTTACCTGGGCTTGACATGTTCCCGACGGTCGTAGAGATACGGCTTCCCTTC","GGATTAGATACCCTTGGTAGTCCACGCTGTAAACGATGTCGATTTGGGGGTTGAGCTTTGAGCTTGGCGCCCGTAGCTAACGTGATAAATCGACCGCCTGGGGAGTACGGCCGCAAGGTTAAAACTCAAATGAATTGACGGGGCCCGCACAAGCGGTGGAGCATGTGGTTTAATTCGATGCAACGCGAAGAACCTTACCTACTCTTGACATCCAGAGAACTTTCCAGAGATGGATTGGTGCCTTCGGGAA","GGATTAGATACCCTTGGTAGTCCACGCAGTAAACGATGATAACTCGTTGCCGGCGATACACAGTCGGTGACTTAGCGAAAGCGTTAAGTTATCCACCTGGGGAGTACGTTCGCAAGAATGAAACTCAAAGGAATTGACGGGGCCCGCACAAGCGGAGGAACATGTGGTTTAATTCGATGATACGCGAGGAACCTTACCCGGGCTTGAAAGTTAGCGACGGATCGAGAAATCGGTCTTCCCTTCGGGGCGC","AGGATTAGATACCCTGGGTAGTCCACGCCGTAAACGATGAATACTAGGTGTTGGGGAGCAAAGCTCTTCGGTGCCGCAGCAAACGCAATAAGTATTCCACCTGGGGAGTACGTTCGCAAGAATGAAACTCAAAGGAATTGACGGGACCCGCACAAGCGGTGGAGCATGTGGTTTAATTCGAAGCAACGCGAAGAACCTTACCAAGTCTTGACATCGATCTGACCGGACTGTAATGAGTCCTTTCCTTCGG","GATTAGATACCCTTGGTAGTCCACGCCGTAAACGATGAGTGCTAAGTGTTGGGGGTCGAACCTCAGTGCTGAAGTTAACGCATTAAGCACTCCGCCTGGGGAGTACGGTCGCAAGACTGAAACTCAAAGGAATTGACGGGGACCCGCACAAGCGGTGGAGCATGTGGTTTAATTCGAAGCAACGCGAAGAACCTTACCAGGTCTTGACATACCATTGACCGTTCTAGAGATAGGATTTTCCCTTCGGGGA","GATTAGATACCCTGGGTAGTCCACGCCGTAAACGATGATTACTAGGTGTTGGTGGGTATGACCCATCGGTGCCGCAGCAAACGCAATAAGTAATCCACCTGGGGAGTACGTTCGCAAGAATGAAACTCAAAGGAATTGACGGGGACCCGCACAAGCGGTGGAGCATGTGGTTTAATTCGAAGCAACGCGAAGAACCTTACCTGGTCTTGACATCCCTATGAATAACGGGCAATGCCGTTAGTACTTCGGT","AGGATTAGATACCCTGGGTAGTCCACGCCGTAAACGATGAATACTAGGTGTAGGGGCCCCAAGCCTCTGTGCCGCCGCTAACGCATTAAGTATTCCGCCTGGGGAGTACGGTCGCAAGATTAAAACTCAAAGGAATTGACGGGACCCGCACAAGCAGCGGAGCATGTGGTTTAATTCGAAGCAACGCGAAGAACCTTACCTAGACTTGACATGTCCTGAATTACCAGTAATGTGGGAAATTCCTTCGGGA","GATTAGATACCCTGGGTAGTCCACGCTGTAAACGATGAATACTAGGTGTGGGAGGACTGACCCCTTCCGTGCCGCAGTTAACACAATAAGTATTCCACCTGGGGAGTACGATCGCAAGATTGAAACTCAAAGGAATTGACGGGGCCCGCACAAGCAGTGGATTATGTGGTTTAATTCGACGCAACGCGAAGAACCTTACCGGGATTTGACATCCTACTAACGAAGTAGAGATACATTAGGTGCCCTTCGG","GATTAGATACCCTTGGTAGTCCACGCCGTAAACGATGAATACTAGGTGTCGGGTGGCAAAGCCATTCGGTGCCGCAGCAAACGCAATAAGTATTCCACCTGGGGAGTACGTTCGCAAGAATGAAACTCAAAGGAATTGACGGGACCCGCACAAGCGGTGGAGCATGTGGTTTAATTCGAAGCAACGCGAAGAACCTTACCTGGTCTTGACATCCCTCTGACCGCTCTTTAATCGGAGTTTTCCTTCGGGA","GATTAGATACCCTGGGTAGTCCACACCGTAAACGATGATTACTAGGTGTTGGAGGATTGACCCCTTCAGTGCCGCAGTTAACACAATAAGTAATCCACCTGGGGAGTACGACCGCAAGGTTGAAACTCAAAGGAATTGACGGGGCCCGCACAAGCAGTGGAGTATGTGGTTTAATTCGACGCAACGCGAAGAACCTTACCAAGTCTTGATATCCTGCGACGATGCTGGAAACAGTATTTTCCTTCGGGAC","GGATTAGATACCCTTGGTAGTCCACGCCGTAAACGATGATTACTAGGTGTGGGGGATTGACCCCTTCCGTGCCGGAGTAAACACAATAAGTAATCCACCTGGGGAGTACGACCGCAAGGTTGAAACTCAAAGGAATTGACGGGGCCCGCACAAGCAGTGGAGTATGTGGTTTAATTCGACGCAACGCGAAGAACCTTACCAGGTCTTGACATCAAGTGACCGCCTAAGAGATTAGGCTTTCCCTTCGGGG","GGATTAGATACCCTGGGTAGTCCACGCCGTAAACGATGAATACTAGGTGTCTGGGAGCACAGCTCTTAGGTGCCGCCGCAAACGCATTAAGTATTCCACCTGGGGAGTACGTTCGCAAGAATGAAACTCAAAGGAATTGACGGGGACCCGCACAAGCGGTGGAGCATGTGGTTTAATTCGAAGCAACGCGAAGAACCTTACCAAATCTTGACATCCCTCTGACCGGGACTTAACCGTCCCTTTCCTTCGG","GGATTAGATACCCTTGGTAGTCCACGCGGTAAACGATGAATACTAGATGTCGGGTAGCAAAGCTACTCGGTGTCGTCGCAAACGCAATAAGTATTCCACCTGGGGAGTACGTTCGCAAGAATGAAACTCAAAGGAATTGACGGGGACCCGCACAAGCGGTGGAGCATGTGGTTTAATTCGAAGCAACGCGAAGAACCTTACCTGCTCTTGACATCCCATTCGATAGAGGGTAATGCCTCTAGCCCTTCGG","AGGATTAGATACCCTTGGTAGTCCACGCAGTAAACGATGATAACTCGTTGTCGGCGATATACAGTCGGTGACCAAGCGAAAGCGATAAGTTATCCACCTGGGGAGTACGTTCGCAAGAATGAAACTCAAAGGAATTGACGGGGGCCCGCACAAGCGGAGGAACATGTGGTTTAATTCGATGATACGCGAGGAACCTTACCCGGGCTTGAAAGTTAGTGACGGATGCCGAAAGGTGTCTTCCCTTCGGGGC","AGGATTAGATACCCTGGGTAGTCCACGCCGTAAACGGTGGATGCTGGATGTGGGGCCCGTTCCACGGGTTCCGTGTCGGAGCTAACGCGTTAAGCATCCCGCCTGGGGAGTACGGCCGCAAGGCTAAAACTCAAAGAAATTGACGGGGCCCGCACAAGCGGCGGAGCATGCGGATTAATTCGATGCAACGCGAAGAACCTTACCTGGGCTTGACATGTTCCCGACGGCCGTAGAGATGCGGCTTCCCTTC","GATTAGATACCCTGGGTAGTCCGCACGGTAAACGATGGATGCCCGCTATTCGGCCTTTATGGTTGAGTGGCCAAGCGAAAGCGTTAAGCATCCCACCTGGGGAGTACGCCGGCAACGGTGAAACTCAAAGGAATTGACGGGGCCCGCACAAGCGGAGGAACATGTGGTTTAATTCGATGATACGCGAGGAACCTTACCCGGGCTTGAATTGCAGCCGAACGATCCAGAGATGGTGAGGCCCTTCGGGGCG","AGGATTAGATACCCTTGGTAGTCCACGCCGTAAACGATGAATACTAGGTGTCGGAAAGCATGGCTTTTCGGTGCCGCCGCAAACGCATTAAGTATTCCACCTGGGGAGTACGTTCGCAAGAATGAAACTCAAAGGAATTGACGGGGACCCGCACAAGCGGTGGAGCATGTGGTTTAATTCGAAGCAACGCGAAGAACCTTACCAAGTCTTGACATCCCGGTGACCGGACAGTAATGTGTCCTTTTCTTCG","AGGATTAGATACCCTTGGTAGTCCACGCCGTAAACGATGAATACTAGGTGTGGGGGGACTGACCCCCTCCGTGCCGCAGTTAACACAATAAGTATTCCACCTGGGGAGTACGACCGCAAGGTTGAAACTCAAAGGAATTGACGGGGCCCGCACAAGCAGTGGATTATGTGGTTTAATTCGAAGCAACGCGAAGAACCTTACCAGGGCTTGACATCCCACTAACGAAGTAGAGATACATTAGGTGCCCTTC","AGGATTAGATACCCTTGGTAGTCCACACCGTAAACGATGATTACTAGGTGTTGGAGGATTGACCCCTTCAGTGCCGCAGTTAACACAATAAGTAATCCACCTGGGGAGTACGACCGCAAGGTTGAAACTCAAAGGAATTGACGGGGCCCGCACAAGCAGTGGAGTATGTGGTTTAATTCGACGCAACGCGAAGAACCTTACCAAGTCTTGACATCCGTTGACCGCTGTAGAAATACAGTTTTCCTTCGGG","GATTAGATACCCTTGGTAGTCCACGCCGTAAACGGTGGACGCTGGATGTGGGGCACGTTCCACGTGTTCCGTGTCGGAGCTAACGCGTTAAGCGTCCCGCCTGGGGAGTACGGCCGCAAGGCTAAAACTCAAAGAAATTGACGGGGCCCGCACAAGCGGCGGAGCATGCGGATTAATTCGATGCAACGCGAAGAACCTTACCTGGGCTTGACATGTTCCCGACGACGCCAGAGATGGCGTTTCCCTTCGG","AGGATTAGATACCCTTGGTAGTCCACGCCGTAAACGGTGGATGCTGGATGTGGGGCCCGTTCCACGGGTTCCGTGTCGGAGCTAACGCGTTAAGCATCCCGCCTGGGGAGTACGGCCGCAAGGCTAAAACTCAAAGAAATTGACGGGGCCCGCACAAGCGGCGGAGCATGCGGATTAATTCGATGCAACGCGAAGAACCTTACCTGGGCTTGACATGTTCCCGACAGCCGTAGAGATGCGGCCTCCCTTC","GGATTAGATACCCTGGGTAGTCCACACAGTAAACGATGAATACTCGCTGTTTGCGATATACAGTAAGCGGCCAAGCGAAAGCATTAAGTATTCCACCTGGGGAGTACGCCGGCAACGGTGAAACTCAAAGGAATTGACGGGGCCCGCACAAGCGGAGGAACATGTGGTTTAATTCGATGATACGCGAGGAACCTTACCCGGGCTTAAATTGCAACAGAATATATTGGAAACAGTATAGCCGTAAGGCTGT","GGATTAGATACCCTTGGTAGTCCGCACGGTAAACGATGAATGCTCGCTATGGGCGATATATTGTCCGTGGCCAAGCGAAAGCGTTAAGCATTCCACCTGGGGAGTACGCCGGCAACGGTGAAACTCAAAGGAATTGACGGGGCCCGCACAAGCGGAGGAACATGTGGTTTAATTCGATGATACGCGAGGAACCTTACCCGGGCTTGAATTGCAGGTGCATGAGTCAGAGACGGCTCTTTCCTTCGGGACT","GGATTAGATACCCTGGGTAGTCCACGCCGTAAACGATGCTCACTGGATCTTGGCGATACACTGCCAGGGTTCAAGCGAAAGTATTAAGTGAGCCACCTGGGGAGTACGTCGGCAACGATGAAACTCAAAGGAATTGACGGGGGCCCGCACAAGCGGAGGAACATGTGGTTTAATTCGATGATACGCGAGGAACCTTACCCGGGTTTAAATGTAGATTGCATGAGGTGGAAACACTTCTTCCCTTCGGGGC","GATTAGATACCCTTGGTAGTCCACGCAGTAAACGATGATCACTAGCTGTTTGCGATACAGTGTAAGCGGCACAGCGAAAGCGTTAAGTGATCCACCTGGGGAGTACGCCGGCAACGGTGAAACTCAAAGGAATTGACGGGGGCCCGCACAAGCGGAGGAACATGTGGTTTAATTCGATGATACGCGAGGAACCTTACCCGGGTTTGAACGCATTTCGACCGCTCTGGAAACAGAGCCTCTAGCAATAGCG","GATTAGATACCCTGGGTAGTCCGCACAGTAAACGATGGATGCCCGCTGTGTGCCTTAATGGTACGCGGCCAAGCGAAAGCGTTAAGCATCCCACCTGGGGAGTACGCCGGCAACGGTGAAACTCAAAGGAATTGACGGGGGCCCGCACAAGCGGAGGAACATGTGGTTTAATTCGATGATACGCGAGGAACCTTACCCGGGCTTGAATTGCAGAAGACGGATCCAGAGATGGTGACTCCCTTCGGGGCTT","GATTAGATACCCTGGGTAGTCCACGCGGTAAACGATGAATGCTAGGTGTCGGGGAGCAAAGCTCTTCGGTGCCGCCGCAAACGCATTAAGCATTCCACCTGGGGAGTACGTTCGCAAGAATGAAACTCAAAGGAATTGACGGGGACCCGCACAAGCGGTGGAGCATGTGGTTTAATTCGAAGCAACGCGAAGAACCTTACCAAGTCTTGACATCCCTCTGACCGGAACTTAACCGTTCCTTTCCTTCGGG","GATTAGATACCCTTGGTAGTCCACGCTGTAAACGATGAATACTAGGTGTAGGGGGTATAAACTCCCTCTGTGCCGCAGCAAACGCAATAAGTATTCCGCCTGGGGAGTACGGCCGCAAGGTTGAAACTCAAAGGAATTGACGGGGCCCGCACAAGCAGCGGAGCATGTGGTTTAATTCGACGCAACGCGAAGAACCTTACCAAGGCTTGACATCCACTTAAAGTTATGGAAACATAATGTCCCTTCGGGG","GATTAGATACCCTTGGTAGTCCACGCTGTAAACGATGAATACTAGGTGTGGGAGGACTGACCCCTTCCGTGCCGCAGTTAACACAATAAGTATTCCACCTGGGGAGTACGATCGCAAGATTGAAACTCAAAGGAATTGACGGGGCCCGCACAAGCAGTGGATTATGTGGTTTAATTCGACGCAACGCGAAGAACCTTACCGGGATTTGACATCCTACTAACGAAGTAGAGATACATTAGGTGCCCTTCGG","AGGATTAGATACCCTTGGTAGTCCACACAGTAAACGATGAATACTCGCTGTTTGCGATATACAGTAAGCGGCCAAGCGAAAGCATTAAGTATTCCACCTGGGGAGTACGCCGGCAACGGTGAAACTCAAAGGAATTGACGGGGGCCCGCACAAGCGGAGGAACATGTGGTTTAATTCGATGATACGCGAGGAACCTTACCCGGGCTTAAATTGCAAATGAATTATGGGGAAACCCATAGGCCGTAAGGCA","GGATTAGATACCCTGGGTAGTCCACGCCGTAAACGATGATTGCTAGGTGTAGGTGGGTATGGACCCATCGGTGCCGCAGCTAACGCAATAAGCAATCCACCTGGGGAGTACGTTCGCAAGAATGAAACTCAAAGGAATTGACGGGGACCCGCACAAGCGGTGGAGCATGTGGTTTAATTCGAAGCAACGCGAAGAACCTTACCAGGTCTTGACATCCCGATGAAAAACCCGTAACGGGGTTCGCTCTTCG","GGATTAGATACCCTTGGTAGTCCACACGGTAAACGATGGATACTCGCTGTTGGCGATATACTGTCAGCGGCCAAGCGAAAGCATTAAGTATCCCACCTGGGGAGTACGCCGGCAACGGTGAAACTCAAAGGAATTGACGGGGCCCGCACAAGCGGAGGAACATGTGGTTTAATTCGATGATACGCGAGGAACCTTACCCGGGCTTAAATTATGCATGAATGATCTGGAGACAGGTCAGCCGCAAGGCATG","GATTAGATACCCTGGGTAGTCCACGCCGTAAACGATGAATACTAGGTGTTGGTGGGCAAAGCCCATCGGTGCCGTCGCAAACGCAATAAGTATTCCACCTGGGGAGTACGTTCGCAAGAATGAAACTCAAAGGAATTGACGGGACCCGCACAAGCGGTGGAGCATGTGGTTTAATTCGAAGCAACGCGAAGAACCTTACCAAGTCTTGACATCCCACTGACCGGACAGTAATGTGTCCTTCTCTTCGGAG","GATTAGATACCCTTGGTAGTCCACGCGGTAAACGATGAATACTAGATGTCGGGTAGCAAAGCTATTCGGTGTCGTCGCAAACGCAATAAGTATTCCACCTGGGGAGTACGTTCGCAAGAATGAAACTCAAAGGAATTGACGGGGACCCGCACAAGCGGTGGAGCATGTGGTTTAATTCGAAGCAACGCGAAGAACCTTACCTGCTCTTGACATCCCATTCGATAGAGGGTAATGCCTCTAGCCCTTCGGG","GATTAGATACCCTGGGTAGTCCACGCCCTAAACGATGTTAACTAGTTGTTGGGAAGTAATATTCTCAGTAACGCAGCCAACGCGAGAAGTTAACCGCCTGGGAAGTACGGTCGCAAGACTAAAACTCAAAGGAATTGACGGGACCCGCACAAGCGGTGGATGATGTGGATTAATTCGATGCAACGCGAAAAACCTTACCTACCCTTGACATGTCAGGAAGCTCTTGTAATGAGAGCGTGCCCGCAAGGGA","GATTAGATACCCTTGGTAGTCCACGCCGTAAACGATGAATACTAGGTGTCGGGGCACATAAGTGCTCCGGTGCCGCAGCAAACGCAATAAGTATTCCACCTGGGGAGTACGTTCGCAAGAATGAAACTCAAAGGAATTGACGGGGACCCGCACAAGCGGTGGAGCATGTGGTTTAATTCGAAGCAACGCGAAGAACCTTACCAAGTCTTGACATCCTCTTGACCGGTCAGTAATGTGACCTTTTCTTCGG","GATTAGATACCCTGGGTAGTCCACACAGTAAACGATGAATACTCGCTGTTTGCGATATACAGTAAGCGGCCAAGCGAAAGCATTAAGTATTCCACCTGGGGAGTACGCCGGCAACGGTGAAACTCAAAGGAATTGACGGGGCCCGCACAAGCGGAGGAACATGTGGTTTAATTCGATGATACGCGAGGAACCTTACCCGGGCTTAAATTGCATTTGAATATATTGGAAACAGTATAGCCGTAAGGCAAAT","GATTAGATACCCTGGGTAGTCCACGCCGTAAACGATGAATACTAGGTGTCGGGGAGCATGGCTCTTCGGTGCCGTCGCAAACGCAGTAAGTATTCCACCTGGGGAGTACGTTCGCAAGAATGAAACTCAAAGGAATTGACGGGGACCCGCACAAGCGGTGGAGCATGTGGTTTAATTCGAAGCAACGCGAAGAACCTTACCAAGTCTTGACATCCGCCTGACCGATCCTTAACCGGATCTTTCCTTCGGG","GATTAGATACCCTTGGTAGTCCACGCCGTAAACGATGAGCACTAAGTGTCGGACGTAAGTTCGGTGCTGAAGTTAACGCATTAAGTGCTCCGCCTGGGGAGTACGGTCGCAAGACTGAAACTCAAAGGAATTGACGGGACTCGCACAAGCGGTGGAGCATGTGGTTTAATTCGACGCAACGCGAAAAACCTTACCAGGCCTTGACATACCGATGACGTCTTTAGAGATAGAGAGTTACCTTCGGGTACAT","GATTAGATACCCTTGGTAGTCCACACTGTAAACGATGAATACTAGGTGTGCGGGGACTGACCCCCTGCGTGCCGCAGTAAACACAATAAGTATTCCACCTGGGGAGTACGATCGCAAGGTTGAAACTCAAAGGAATTGACGGGGGCCCGCACAAGCGGTGGATTATGTGGTTTAATTCGAAGCAACGCGAAGAACCTTACCAGGGTTTGACATCCTGCTAACGAAGTAGAGATACATTAGGTGCCCTTCG","GATTAGATACCCTGGGTAGTCCACGCGGTAAACGATGAATGCTAGGTGTCGGGTGACGAAGTCATTCGGTGCCGCCGCAAACGCATTAAGCATTCCACCTGGGGAGTACGTTCGCAAGAATGAAACTCAAAGGAATTGACGGGGACCCGCACAAGCGGTGGAGCATGTGGTTTAATTCGAAGCAACGCGAAGAACCTTACCAAGTCTTGACATCCCCCTGACCGGAACTTAACCGTTCCTTTCCTTCGGG","GGATTAGATACCCTGGGTAGTCCACACCGTAAACGATGATTACTAGGTGTTGGAGGATTGACCCCTTCAGTGCCGCAGTTAACACAATAAGTAATCCACCTGGGGAGTACGACCGCAAGGTTGAAACTCAAAGGAATTGACGGGGCCCGCACAAGCAGTGGAGTATGTGGTTTAATTCGACGCAACGCGAAGAACCTTACCAAGTCTTGACATCCTGCGACGGTTCTGGAAACAGAACTTTCCTTCGGGA","GATTAGATACCCTTGGTAGTCCACGCCGTAAACGATGAATACTAGGTGTCGGGTGGCAGAGCCATTCGGTGCCGTCGCAAACGCAGTAAGTATTCCACCTGGGGAGTACGTTCGCAAGAATGAAACTCAAAGGAATTGACGGGACCCGCACAAGCGGTGGAGCATGTGGTTTAATTCGAAGCAACGCGAAGAACCTTACCAAATCTTGACATCCCTCTGACCGGTCTTTAATCGGACCTTTCCTTCGGGA","AGGATTAGATACCCTTGGTAGTCCACGCCGTAAACGATGAATACTAGGTGTAGGGGTTGTCATGACCTCTGTGCCGCCGCTAACGCATTAAGTATTCCGCCTGGGGAGTACGGTCGCAAGATTAAAACTCAAAGGAATTGACGGGGCCCGCACAAGCAGCGGAGCATGTGGTTTAATTCGAAGCAACGCGAAGAACCTTACCTAGACTTGACATCTCCTGCATTACTCTTAATCGAGGAAGTCCCTTCGG","AGGATTAGATACCCTGGGTAGTCCACGCTGTAAACGATGAATACTAGGTGTGCGGGGACTGACCCCCTGCGTGCCGCAGCTAACGCAATAAGTATTCCACCTGGGGAGTACGATCGCAAGGTTGAAACTCAAAGGAATTGACGGGGGCCCGCACAAGCGGTGGATTATGTGGTTTAATTCGAAGCAACGCGAAGAACCTTACCAGGGCTTGACATCCTACTAACGAAGTAGAGATACATCAGGTGCCCTT","GATTAGATACCCTTGGTAGTCCGCACGGTAAACGATGGATGCCCGCTATTCGGCCTTTAAGGTTGAGTGGCCAAGCGAAAGCGTTAAGCATCCCACCTGGGGAGTACGCCGGCAACGGTGAAACTCAAAGGAATTGACGGGGCCCGCACAAGCGGAGGAACATGTGGTTTAATTCGATGATACGCGAGGAACCTTACCCGGGCTTGAATTGCAGCCGAACGATCCAGAGATGGTGAGGCCCTTCGGGGCG","GGATTAGATACCCTGGGTAGTCCACGCAGTAAACGATGATAACTCGTTGTCGGCGATACACAGTCGGTGACTAAGCGAAAGCGATAAGTTATCCACCTGGGGAGTACGTTCGCAAGAATGAAACTCAAAGGAATTGACGGGGGCCCGCACAAGCGGAGGAACATGTGGTTTAATTCGATGATACGCGAGGAACCTTACCCGGGCTTGAAAGTTAGTGACGATTCTGGAAACAGGATTTCCCTTCGGGGCA","GGATTAGATACCCTTGGTAGTCCACACAGTAAACGATGAATACTCGCTGTTTGCGATATACAGTAAGCGGCCAAGCGAAAGCATTAAGTATTCCACCTGGGGAGTACGCCGGCAACGGTGAAACTCAAAGGAATTGACGGGGGCCCGCACAAGCGGAGGAACATGTGGTTTAATTCGATGATACGCGAGGAACCTTACCCGGGCTTAAATTGCATTTGAATATATTGGAAACAGTATAGCCGTAAGGCAA","AGGATTAGATACCCTTGGTAGTCCACGCCGTAAACGATGAATACTAGGTGTTGGTGGGCAAAGCCCATCGGTGCCGCCGCAAACGCAATAAGTATTCCACCTGGGGAGTACGTTCGCAAGAATGAAACTCAAAGGAATTGACGGGGACCCGCACAAGCGGTGGAGCATGTGGTTTAATTCGAAGCAACGCGAAGAACCTTACCAAGTCTTGACATCGTGATGACCGGAACTTAACCGTTCCTTCCCTTCG","AGGATTAGATACCCTTGGTAGTCCACGCCGTAAACGATGACTGCTAGGTGTCGGGTGGCAAAGCCATTCGGTGCCGCAGCAAACGCAATAAGCAGTCCACCTGGGGAGTACGTTCGCAAGAATGAAACTCAAAGGAATTGACGGGGACCCGCACAAGCGGTGGAGCATGTGGTTTAATTCGAAGCAACGCGAAGAACCTTACCTGATCTTGACATCCCGATGACCGCTTCATAATGGAAGCTTTTCTTCG","AGGATTAGATACCCTGGGTAGTCCACGCCGTAAACGATGAATACTAGGTGTTGGGGAGCAAAGCTCTTCGGTGCCGCCGCAAACGCATTAAGTATTCCACCTGGGGAGTACGTTCGCAAGAATGAAACTCAAAGGAATTGACGGGGACCCGCACAAGCGGTGGAGCATGTGGTTTAATTCGAAGCAACGCGAAGAACCTTACCAAGTCTTGACATCCCTCTGACCGTTCCTTAACCGGAACTTTCCTTCG","AGGATTAGATACCCTTGGTAGTCCATGCCGTAAACGATGAGTGCTAGGTGTTGGAGGGTTTCCGCCCTTCAGTGCCGGAGCTAACGCATTAAGCACTCCGCCTGGGGAGTACGACCGCAAGGTTGAAACTCAAAGGAATTGACGGGGGCCCGCACAAGCGGTGGAGCATGTGGTTTAATTCGAAGCTACGCGAAGAACCTTACCAGGTCTTGACATCTTGCGCCAACCCTAGAGATAGGGCGTTTCCTTC","AGGATTAGATACCCTGGGTAGTCCACGCTGTAAACGATGAATACTAGGTGTGGGAGGACTGACCCCTTCCGTGCCGCAGTTAACACAATAAGTATTCCACCTGGGGAGTACGACCGCAAGGTTGAAACTCAAAGGAATTGACGGGGCCCGCACAAGCAGTGGATTATGTGGTTTAATTCGACGCAACGCGAAGAACCTTACCAGGATTTGACATCCAACTAACGAAGCAGAGATGCATTAGGTGCCCTTC","GATTAGATACCCTGGGTAGTCCACGCAGTAAACGATGATAACTCGTTGCCGGCGATACACAGTCGGTGACTTAGCGAAAGCGTTAAGTTATCCACCTGGGGAGTACGTTCGCAAGAATGAAACTCAAAGGAATTGACGGGGCCCGCACAAGCGGAGGAACATGTGGTTTAATTCGATGATACGCGAGGAACCTTACCCGGGCTTGAAAGTTAGCGACGGATCGAGAAATCGGTCTTCCCTTCGGGGCGCG","AGGATTAGATACCCTTGGTAGTCCACGCCGTAAACGATGAATACTAGGTGTCGGGGCACATAAGTGCTCCGGTGCCGCAGCAAACGCAATAAGTATTCCACCTGGGGAGTACGTTCGCAAGAATGAAACTCAAAGGAATTGACGGGGACCCGCACAAGCGGTGGAGCATGTGGTTTAATTCGAAGCAACGCGAAGAACCTTACCAAGTCTTGACATCCTCTTGACCGGTCAGTAATGTGGCCTTTTCTTC","GGATTAGATACCCTGGGTAGTCCACGCCCTAAACGATGTCTACTAGTTGTTGGGGACGATAGTCCTTGGTAACGCAGCTAACGCGTGAAGTAGACCGCCTGGGGAGTACGGTCGCAAGATTAAAACTCAAAGGAATTGACGGGACCCGCACAAGCGGTGGATGATGTGGATTAATTCGATGCAACGCGAAAACCTTACCTAGCCTTGACATGCCAGGAAGGTCTGAGAGATCAGACCGTGCCCGCAAGGG","AGGATTAGATACCCTGGGTAGTCCGCACAGTAAACGATGAATACTCGCGATTTGCGATACACAGTAAGTCGCCAAGCGAAAGCGTTAAGTATTCCACCTGGGGAGTACGCCGGCAACGGTGAAACTCAAAGGAATTGACGGGGCCCGCACAAGCGGAGGAACATGTGGTTTAATTCGATGATACGCGAGGAACCTTACCCGGGCTTGAACTGCCAGTGACGGTAGCAGAGACGCTACTTTCTTCGGACAC","AGGATTAGATACCCTGGGTAGTCCACGCCGTAAACGATGACTGCTAGGTGTCGGGTGGCAAAGCCATTCGGTGCCGCAGCTAACGCAATAAGCAGTCCACCTGGGGAGTACGTTCGCAAGAATGAAACTCAAAGGAATTGACGGGGACCCGCACAAGCGGTGGAGCATGTGGTTTAATTCGAAGCAACGCGAAGAACCTTACCTGATCTTGACATCCCGATGACCGCTTCGTAATGGAAGCTTTTCTTCG","GATTAGATACCCTTGGTAGTCCACACTGTAAACGATGATTACTAGGTGTTGGAGGATTGACCCCTTCAGTGCCGCAGTTAACACAATAAGTAATCCACCTGGGGAGTACGACCGCAAGGTTGAAACTCAAAGGAATTGACGGGGCCCGCACAAGCAGTGGAGTATGTGGTTTAATTCGACGCAACGCGAAGAACCTTACCAAGTCTTGACATCCTGCGACGGTGCTGGAAACAGTACTTTCCTTCGGGAC","GATTAGATACCCTTGGTAGTCCACGCCGTAAACGATGTCAATTTGAAGCTTGGGCCGAAGAGTCTGGGTTTCGAAGCTAACGCGATAAATTGACCGCCTGGGGAGTACGGCCGCAAGGTTAAAACTCAAATGAATTGACGGGGCCCGCACAAGCGGTGGAGCATGTGGTTTAATTCGATGCAACGCGAAGAACCTTACCTGAACTTGACATAGTAGGAATCTTTAAGAGATTAGAGAGTGCCGCAAGGAG","AGGATTAGATACCCTTGGTAGTCCATGCCGTAAACGATGATTACTAGGTGTTGGGGGATTGACCCCCTCAGTGCCGCAGTTAACACAATAAGTAATCCACCTGGGGAGTACGACCGCAAGGTTGAAACTCAAAGGAATTGACGGGGCCCGCACAAGCAGTGGAGTATGTGGTTTAATTCGAAGCAACGCGAAGAACCTTACCAGGTCTTGACATCCGATGCATAACACAGAGATGTGTGAAATCCTTCGG","GGATTAGATACCCTGGGTAGTCCACACCGTAAACGATGGATACTAGGTGTAGGCGAGATATCGTCTGTGCCGGCGCAAACGCAATAAGTATCCCACCTGGGGAGTACGGCCGCAAGGTTGAAACTCAAAGGAATTGACGGGGCCCGCACAAGCAGTGGAGTATGTGGTTTAATTCGACGCAACGCGAAGAACCTTACCAAGACTTGACATATACATGAAAGCCTAAGAGATTAGGCCCCTCTTCGGAGCG","AGGATTAGATACCCTTGGTAGTCCACGCGGTAAACGATGGATGCTCGCTGTTTGCGTCTGACGTAAGCGGCCAAGCGAAAGCGTTAAGCATCCCACCTGGGGAGTACGCCGGCAACGGTGAAACTCAAAGGAATTGACGGGGCCCGCACAAGCGGAGGAACATGTGGTTTAATTCGATGATACGCGAGGAACCTTACCCGGGCTTGAACTGTAGGCGAACGATTCAGAGATGATGAGGTCCTTCGGGACG","GATTAGATACCCTGGGTAGTCCACGCCGTAAACGATGAATACTAGGTGTTGGGGAGCAAAGCTCTTCGGTGCCGCCGCAAACGCATTAAGTATTCCACCTGGGGAGTACGTTCGCAAGAATGAAACTCAAAGGAATTGACGGGACCCGCACAAGCGGTGGAGCATGTGGTTTAATTCGAAGCAACGCGAAGAACCTTACCAAGTCTTGACATCCCTCTGACCGACTCTTAACCGAGTCTTTCCTTCGGGA","AGGATTAGATACCCTGGGTAGTCCATGCCGTAAACGATGATTACTAGGTGTTGGAGGATTGACCCCTTCAGTGCCGCAGTTAACACAATAAGTAATCCACCTGGGGAGTACGACCGCAAGGTTGAAACTCAAAGGAATTGACGGGGCCCGCACAAGCAGTGGAGTATGTGGTTTAATTCGAAGCAACGCGAAGAACCTTACCAGGTCTTGACATCCGATGCATAGCTTAGAGATAAGTGAAGTCCTTCGG","GATTAGATACCCTTGGTAGTCCACGCCGTAAACGATGACTACTAGGTGTCGGGTGGCAAAGCCATTCGGTGCCGCAGCCAACGCAATAAGTAGTCCACCTGGGGAGTACGTTCGCAAGAATGAAACTCAAAGGAATTGACGGGGACCCGCACAAGCGGTGGAGCATGTGGTTTAATTCGAAGCAACGCGAAGAACCTTACCTGCTCTTGACATCCCGGTGACGGCAGAGTAATGTCTGCTTTTCTTCGGA","GATTAGATACCCTGGGTAGTCCACACCGTAAACGATGATTACTAGGTGTTGGAGGATTGACCCCTTCAGTGCCGCAGTTAACACAATAAGTAATCCACCTGGGGAGTACGACCGCAAGGTTGAAACTCAAAGGAATTGACGGGGCCCGCACAAGCAGTGGAGTATGTGGTTTAATTCGACGCAACGCGAAGAACCTTACCAAGTCTTGACATCCCTTGACGATACTGGAAACAGTATTTCTCTTCGGAGC","AGGATTAGATACCCTGGGTAGTCCACGCCGTAAACGATGAATACTAGGTGTCGGGGGACATAGTCCTTCGGTGCCGCAGCAAACGCAATAAGTATTCCACCTGGGGAGTACGTTCGCAAGAATGAAACTCAAAGGAATTGACGGGACCCGCACAAGCGGTGGAGCATGTGGTTTAATTCGAAGCAACGCGAAGAACCTTACCAAGTCTTGACATCCCGGTGACAAAGTATGTAATGTACTCTTTCTTCGG","AGGATTAGATACCCTGGGTAGTCCGCACAGTAAACGATGGATGCCCGCTGTGTGCCTTAATGGTACGCGGCCAAGCGAAAGCGTTAAGCATCCCACCTGGGGAGTACGCCGGCAACGGTGAAACTCAAAGGAATTGACGGGGCCCGCACAAGCGGAGGAACATGTGGTTTAATTCGATGATACGCGAGGAACCTTACCCGGGCTTGAATTGCAGAAGACGGATCCAGAGATGGTGACTCCCTTCGGGGCT","AGGATTAGATACCCTGGGTAGTCCGCACGGTAAACGATGGATGCCCGCTATTCGGCCTTTAAGGTTGAGTGGCCAAGCGAAAGCGTTAAGCATCCCACCTGGGGAGTACGCCGGCAACGGTGAAACTCAAAGGAATTGACGGGGCCCGCACAAGCGGAGGAACATGTGGTTTAATTCGATGATACGCGAGGAACCTTACCCGGGCTTGAATTGCAGCCGAACGATCCAGAGATGGTGAGGCCCTTCGGGG","GATTAGATACCCTTGGTAGTCCACGCCGTAAACGATGAATACTAGGTGTCGGGGAGCAAAGCTCTTCGGTGCCGTCGCAAACGCAGTAAGTATTCCACCTGGGGAGTACGTTCGCAAGAATGAAACTCAAAGGAATTGACGGGACCCGCACAAGCGGTGGAGCATGTGGTTTAATTCGAAGCAACGCGAAGAACCTTACCAAGTCTTGACATCCGCCTGACCGATCCTTAACCGGATCTTTCCTTCGGGA","GGATTAGATACCCTTGGTAGTCCACACCGTAAACGATGGATACTAGGTGTAGGAGGTATCGACCCCTTCTGTGCCGCAGTTAACACAATAAGTATCCCACCTGGGGAGTACGACCGCAAGGTTGAAACTCAAAGGAATTGACGGGGCCCGCACAAGCAGTGGAGTATGTGGTTTAATTCGAAGCAACGCGAAGAACCTTACCTGGGCTTGACATCCCTGGAATCGAGTAGAGATACTTGAGTGCCTTCGG","GGATTAGATACCCTTGGTAGTCCACGCCGTAAACGATGAATACTAGGTGTTGGGGAGCATAAGCTCTTCGGTGCCGGCGCAAACGCATTAAGTATTCCACCTGGGGAGTACGTTCGCAAGAATGAAACTCAAAGGAATTGACGGGGACCCGCACAAGCGGTGGAGCATGTGGTTTAATTCGACGCAACGCGAAGAACCTTACCAAGTCTTGACATCCCGGTGACCGGTCAGTAACGTGACCTTTTCTTCG","GGATTAGATACCCTTGGTAGTCCACGCAGTAAACGATGAATACTCACCGTTTGCGATATAATGTAAGCGGTAAAGCGAAAGCGTTAAGTATTCCACCTGGGGAGTACGCCGGCAACGGTGAAACTCAAAGGAATTGACGGGGCCCGCACAAGCGGAGGAACATGTGGTTTAATTCGATGATACGCGAGGAACCTTACCCGGGCTCAAACGACAGGGGAATATATGGGAAACCATATAGCCAGCAATGGTC","AGGATTAGATACCCTTGGTAGTCCACGCCGTAAACGATGAATACTAGGTGTTGGGGAGCAAAGCTCTTCGGTGCCGCCGCAAACGCATTAAGTATTCCACCTGGGGAGTACGTTCGCAAGAATGAAACTCAAAGGAATTGACGGGACCCGCACAAGCGGTGGAGCATGTGGTTTAATTCGAAGCAACGCGAAGAACCTTACCAAGTCTTGACATCCCTCTGACCGTTCCTTAACCGGAACTTTCCTTCGG","AGGATTAGATACCCTGGGTAGTCCACGCCGTAAACGATGAATACTAGGTGTCGGGGCACATAAGTGCTCCGGTGCCGCAGCAAACGCAATAAGTATTCCACCTGGGGAGTACGTTCGCAAGAATGAAACTCAAAGGAATTGACGGGGACCCGCACAAGCGGTGGAGCATGTGGTTTAATTCGAAGCAACGCGAAGAACCTTACCAAGTCTTGACATCCCGGTGACCGGACAGTAACGTGTCCTTTTCTTC","AGGATTAGATACCCTGGGTAGTCCACGCCGTAAACGATGAATACTAGGTGTTGGGGAGCAAAGCTCTTCGGTGCCGCCGCAAACGCATTAAGTATTCCACCTGGGGAGTACGTTCGCAAGAATGAAACTCAAAGGAATTGACGGGGACCCGCACAAGCGGTGGAGCATGTGGTTTAATTCGAAGCAACGCGAAGAACCTTACCAAGTCTTGACATCCCTCTGACCGACTCTTAACCGAGTCTTTCCTTCG","AGGATTAGATACCCTGGGTAGTCCGCACAGTAAACGATGAATACTCGCGGTTTGCGATATACAGTAAGCCGCCAAGCGAAAGCGTTAAGTATTCCACCTGGGGAGTACGCCGGCAACGGTGAAACTCAAAGGAATTGACGGGGCCCGCACAAGCGGAGGAACATGTGGTTTAATTCGATGATACGCGAGGAACCTTACCCGGGCTTGAACTGCCAGTGACGGTAGCAGAGACGCTACTTTCTTCGGACAC","GATTAGATACCCTTGGTAGTCCACGCAGTAAACGATGATAACTCGTTGTCGGCGATACACAGTCGGTGACTAAGCGAAAGCGATAAGTTATCCACCTGGGGAGTACGTTCGCAAGAATGAAACTCAAAGGAATTGACGGGGGCCCGCACAAGCGGAGGAACATGTGGTTTAATTCGATGATACGCGAGGAACCTTACCCGGGCTTGAAAGTTACTGACGATTCTGGAAACAGGATTTCCCTTCGGGGCAG","GATTAGATACCCTGGGTAGTCCACACCGTAAACGATGATTACTAGGTGTTGGAGGATTGACCCCTTCAGTGCCGCAGTTAACACAATAAGTAATCCACCTGGGGAGTACGACCGCAAGGTTGAAACTCAAAGGAATTGACGGGGCCCGCACAAGCAGTGGAGTATGTGGTTTAATTCGACGCAACGCGAAGAACCTTACCAAGTCTTGACATCCGTTGACCGCTGTAGAAATACAGTTTTCCTTCGGGAC","GGATTAGATACCCTGGGTAGTCCACGCAGTAAACGATGAATACTCACCGTTTGCGATATAATGTAAGCGGTAAAGCGAAAGCGTTAAGTATTCCACCTGGGGAGTACGCCGGCAACGGTGAAACTCAAAGGAATTGACGGGGCCCGCACAAGCGGAGGAACATGTGGTTTAATTCGATGATACGCGAGGAACCTTACCCGGGCTCAAACGACAGGGGAATATATGGGAAACCATATAGCCAGCAATGGTC","GGATTAGATACCCTTGGTAGTCCACGCTGTAAACGATGAATACTAGGTGTGGGAGGACTGACCCCTTCCGTGCCGCAGTTAACACAATAAGTATTCCACCTGGGGAGTACGATCGCAAGATTGAAACTCAAAGGAATTGACGGGGGCCCGCACAAGCAGTGGATTATGTGGTTTAATTCGACGCAACGCGAAGAACCTTACCGGGATTTGACATCCTACTAACGAAGTAGAGATACATTAGGTGCCCTTC","AGGATTAGATACCCTTGGTAGTCCACGCCGTAAACGATGACTACTAGGTGTCGGGCAGCAAAGCTGTTCGGTGCCGCAGCAAACGCAATAAGTAGTCCACCTGGGGAGTACGTTCGCAAGAATGAAACTCAAAGGAATTGACGGGACCCGCACAAGCGGTGGAGCATGTGGTTTAATTCGAAGCAACGCGAAGAACCTTACCTGCTCTTGACATCTCCCTGACCGGCAAGTAATGTTGCCTTTCCTTCGG","GATTAGATACCCTTGGTAGTCCACGCCGTAAACGATGAGTGCTAGGTGTTGGATCCTTTCCGGGATTCAGTGCCGCAGCTAACGCATTAAGCACTCCGCCTGGGGAGTACGACCGCAAGGTTGAAACTCAAAGGAATTGACGGGGCCCGCACAAGCGGTGGAGCATGTGGTTTAATTCGAAGCAACGCGAAGAACCTTACCAGGTCTTGACATCCCGATGCTATTTCTAGAGATAGAAAGTTACTTCGGT","AGGATTAGATACCCTTGGTAGTCCACACTGTAAACGATGATTGCTAGGTGTGGGGGGTCTGACCCCCTCCGTGCCGGAGTTAACGCAATAAGCAATCCACCTGGGGAGTACGGCCGCAAGGTTGAAACTCAAAGGAATTGACGGGACCCGCACAAGCAGTGGATTATGTGGTTTAATTCGAAGCAACGCGAAGAACCTTACCAGGTCTTGACATCCGACTAACGAGATAGAGATATGTCAGGTGCCCTTC","AGGATTAGATACCCTGGGTAGTCCACGCCGTAAACGATGAATACTAGGTGTCGGGCGCCAAAGGCGTTCGGTGCCGCAGCAAACGCATTAAGTATTCCACCTGGGGAGTACGTTCGCAAGAATGAAACTCAAAGGAATTGACGGGACCCGCACAAGCGGTGGAGCATGTGGTTTAATTCGAAGCAACGCGAAGAACCTTACCAAATCTTGACATCCTCCTGACCGTTCCATAATCGGAACTTCTCTTCGG","GATTAGATACCCTGGGTAGTCCACGCCGTAAACGATGATTACTAGGTGTTGGTGGGTAAGACCCATCGGTGCCGCAGCAAACGCAATAAGTAATCCACCTGGGGAGTACGTTCGCAAGAATGAAACTCAAAGGAATTGACGGGACCCGCACAAGCGGTGGAGCATGTGGTTTAATTCGAAGCAACGCGAAGAACCTTACCTGGTCTTGACATCCCTATGAATAACGGGCAATGCCGTTAGTACTTCGGTA","GGATTAGATACCCTGGGTAGTCCACGCAGTAAACGATGATAACTCGTTGCCGGCGATACACAGTCGGTGACTTAGCGAAAGCGTTAAGTTATCCACCTGGGGAGTACGTTCGCAAGAATGAAACTCAAAGGAATTGACGGGGCCCGCACAAGCGGAGGAACATGTGGTTTAATTCGATGATACGCGAGGAACCTTACCCGGGCTTGAAAGTTAGCGACGGATCGAGAAATCGGTCTTCCCTTCGGGGCGC","GGATTAGATACCCTGGGTAGTCCACGCGGTAAACGATGATTGCTAGGTGTAGGTGGGTATGGACCCATCGGTGCCGCAGCTAACGCAATAAGCAATCCACCTGGGGAGTACGTTCGCAAGAATGAAACTCAAAGGAATTGACGGGGACCCGCACAAGCGGTGGAGCATGTGGTTTAATTCGAAGCAACGCGAAGAACCTTACCAAGTCTTGACATCCCAATGACGTGTCCGTAACGGGGCATTCTCTTCG","GATTAGATACCCTTGGTAGTCCACACCGTAAACGATGATTACTAGGTGTTGGAGGATTGACCCCTTCAGTGCCGCAGTTAACACAATAAGTAATCCACCTGGGGAGTACGACCGCAAGGTTGAAACTCAAAGGAATTGACGGGGCCCGCACAAGCAGTGGAGTATGTGGTTTAATTCGACGCAACGCGAAGAACCTTACCAAGTCTTGACATCCCTTGACAGGCATAGAAATATGTATTCTCTTCGGAGC","GATTAGATACCCTGGGTAGTCCGCACGGTAAACGATGGATGCCCGCTGTTGGCCTGAATAGGTCAGCGGTCAAGCGAAAGCATTAAGCATCCCACCTGGGGAGTACGCCGGCAACGGTGAAACTCAAAGGAATTGACGGGGGCCCGCACAAGCGGAGGAACATGTGGTTTAATTCGATGATACGCGAGGAACCTTACCCGGGCTTGAATTGCAGAGGAAGGATTTGGAGACAATGACGCCCTTCGGGGTC","GATTAGATACCCTTGGTAGTCCACGCAGTAAACGATGATAACTCGCTGTCGGCGATACACGGTCGGCGGCTAAGCGAAAGCGATAAGTTATCCACCTGGGGAGTACGTTCGCAAGAATGAAACTCAAAGGAATTGACGGGGCCCGCACAAGCGGAGGAACATGTGGTTTAATTCGATGATACGCGAGGAACCTTACCCGGGCTTGAAAGTTACTGACGATTCTGGAAACAGGATTTCCCTTCGGGGCAGG","GATTAGATACCCTGGGTAGTCCACGCTGTAAACGATGAATACTAGGTGTTGGTGGGCAAAGCCCATCGGTGCCGCCGCAAACGCAATAAGTATTCCACCTGGGGAGTACGTTCGCAAGAATGAAACTCAAAGGAATTGACGGGGACCCGCACAAGCGGTGGAGCATGTGGTTTAATTCGAAGCAACGCGAAGAACCTTACCAAGTCTTGACATCGTGATGACCGGAACTTAACCGTTCCTTCCCTTCGGG","AGGATTAGATACCCTGGGTAGTCCGCACGGTAAACGATGGATGCCCGCCGTGGGTATCGTAGATATCCGCGGCCAAGCGAAAGCGTTAAGCATCCCACCTGGGGAGTACGCCGGCAACGGTGAAACTCAAAGGAATTGACGGGGCCCGCACAAGCGGAGGAACATGTGGTTTAATTCGATGATACGCGAGGAACCTTACCCGGGCTTGAATTGCAGATGAAGGATACAGAGATGTTGACGCCCTTCGGGG","GATTAGATACCCTGGGTAGTCCACGCAGTAAACGATGATTACTAGGAGTTTGCGATACAATGTAAGCTCTACAGCGAAAGCGTTAAGTAATCCACCTGGGGAGTACGCCGGCAACGGTGAAACTCAAAGGAATTGACGGGGCCCGCACAAGCGGAGGAACATGTGGTTTAATTCGATGATACGCGAGGAACCTTACCCGGGTTTGAACGTAGTCTGACCGGAGTGGAAACACTCTTTCTAGCAATAGCAG","GATTAGATACCCTGGGTAGTCCACACAGTAAACGATGAATACTCGCTGTTTGCGATATACAGTAAGCGGCCAAGCGAAAGCATTAAGTATTCCACCTGGGGAGTACGCCGGCAACGGTGAAACTCAAAGGAATTGACGGGGGCCCGCACAAGCGGAGGAACATGTGGTTTAATTCGATGATACGCGAGGAACCTTACCCGGGCTTAAATTGCAGTGGAATGATGTGGAAACATGTCAGTGAGCAATCACC","GATTAGATACCCTGGGTAGTCCACGCCGTAAACGATGAATACTAGGTGTTGGGTTCCAAAGGAACTCGGTGCCGTCGCAAACGCATTAAGTATTCCACCTGGGGAGTACGTTCGCAAGAATGAAACTCAAAGGAATTGACGGGACCCGCACAAGCGGTGGAGCATGTGGTTTAATTCGAAGCAACGCGAAAAACCTTACCAAGTCTTGACATCCTGATGACGGTTCCTTAACCGGAACTTTTCTTCGGAA","GATTAGATACCCTTGGTAGTCCACGCCGTAAACGATGAATACTAGGTGTTGGGGAGCAAAGCTCTTCGGTGCCGCCGCAAACGCATTAAGTATTCCACCTGGGGAGTACGTTCGCAAGAATGAAACTCAAAGGAATTGACGGGACCCGCACAAGCGGTGGAGCATGTGGTTTAATTCGAAGCAACGCGAAGAACCTTACCAAGTCTTGACATCCCTCTGACCGATCCGTAACGGGATCTTTCCTTCGGGA","GGATTAGATACCCTTGGTAGTCCACGCCGTAAACGATGAATACTAGGTGTAGGGGTTGTCATGACCTCTGTGCCGCCGCTAACGCATTAAGTATTCCGCCTGGGGAGTACGGTCGCAAGATTAAAACTCAAAGGAATTGACGGGGCCCGCACAAGCAGCGGAGCATGTGGTTTAATTCGAAGCAACGCGAAGAACCTTACCTAGACTTGACATCTCCTGCATTACTCTTAATCGAGGAAGTTCCTTCGGG","GGATTAGATACCCTTGGTAGTCCACACCGTAAACGATGATTACTAGGTGTTGGAGGATTGACTCCTTCAGTGCCGCAGTTAACACAATAAGTAATCCACCTGGGGAGTACGACCGCAAGGTTGAAACTCAAAGGAATTGACGGGGCCCGCACAAGCAGTGGAGTATGTGGTTTAATTCGACGCAACGCGAAGAACCTTACCAAGTCTTGACATCCCTTGACGATGCTGGAAACAGCATTTCTCTTCGGAG","GATTAGATACCCTGGGTAGTCCACACTGTAAACGATGATTGCTAGGTGTGGGGGGTCTGACCCCTTCCGTGCCGCAGCTAACGCAATAAGCAATCCACCTGGGGAGTACGACCGCAAGGTTGAAACTCAAAGGAATTGACGGGGACCCGCACAAGCAGTGGATTATGTGGTTTAATTCGAAGCAACGCGAAGAACCTTACCAGCACTTGACATCCAACTAACGAAATAGAGATATATTAGGTGCCCTTCG","GATTAGATACCCTTGGTAGTCCACACAGTAAACGATGAATACTCGCTGTTTGCGATATACAGTAAGCGGCCAAGCGAAAGCATTAAGTATTCCACCTGGGGAGTACGCCGGCAACGGTGAAACTCAAAGGAATTGACGGGGGCCCGCACAAGCGGAGGAACATGTGGTTTAATTCGATGATACGCGAGGAACCTTACCCGGGCTTAAATTGCAAATGAATTATGGGGAAACCCATAGGCCGTAAGGCATT","GATTAGATACCCTGGGTAGTCCGCACGGTAAACGATGGATGCCCGCTATTCGGCCTTTAAGGTTGAGTGGCCAAGCGAAAGCGTTAAGCATCCCACCTGGGGAGTACGCCGGCAACGGTGAAACTCAAAGGAATTGACGGGGCCCGCACAAGCGGAGGAACATGTGGTTTAATTCGATGATACGCGAGGAACCTTACCCGGGCTTGAATTGCAGAGGAAGGATTTGGAGACAATGACGCCCTTCGGGGTC","GATTAGATACCCTGGGTAGTCCACACCGTAAACGATGATTACTAGGTGTTGGAGGATTGACCCCTTCAGTGCCGCAGTTAACACAATAAGTAATCCACCTGGGGAGTACGACCGCAAGGTTGAAACTCAAAGGAATTGACGGGGCCCGCACAAGCAGTGGAGTATGTGGTTTAATTCGACGCAACGCGAAGAACCTTACCAAGTCTTGACATTCCTTGACGAACATAGAAATATGTTTTCTCTTCGGAGC","GGATTAGATACCCTGGGTAGTCCACGCCGTAAACGATGAATACTAGGTGTCGGGGCACATAAGTGCTCCGGTGCCGCAGCAAACGCAATAAGTATTCCACCTGGGGAGTACGTTCGCAAGAATGAAACTCAAAGGAATTGACGGGGACCCGCACAAGCGGTGGAGCATGTGGTTTAATTCGAAGCAACGCGAAGAACCTTACCAAGTCTTGACATCCTTTTGACCGGTCAGTAATGTGGCCTTTTCTTCG","GGATTAGATACCCTGGGTAGTCCACGCCGTAAACGATGAATACTAGGTGTCGGGGGACATAGTCCTTCGGTGCCGCAGCAAACGCAATAAGTATTCCACCTGGGGAGTACGTTCGCAAGAATGAAACTCAAAGGAATTGACGGGACCCGCACAAGCGGTGGAGCATGTGGTTTAATTCGAAGCAACGCGAAGAACCTTACCAAGTCTTGACATCCCGGTGACAAAGTATGTAATGTACTCTTTCTTCGGA","GATTAGATACCCTGGGTAGTCCACGCTGTAAACGATGAATACTAGGTGTGCGGGGACTGACCCCCTGCGTGCCGCAGTTAACACAATAAGTATTCCACCTGGGGAGTACGATCGCAAGGTTGAAACTCAAAGGAATTGACGGGGCCCGCACAAGCGGTGGATTATGTGGTTTAATTCGAAGCAACGCGAAGAACCTTACCAGGGCTTGACATCCTACTAACGAGATAGAGATATGTTAGGTGCCCTTCGG","GATTAGATACCCTTGGTAGTCCACGCCGTAAACGATGACTGCTAGGTGTCGGGTGGCAAAGCCATTCGGTGCCGCAGCTAACGCAATAAGCAGTCCACCTGGGGAGTACGTTCGCAAGAATGAAACTCAAAGGAATTGACGGGGACCCGCACAAGCGGTGGAGCATGTGGTTTAATTCGAAGCAACGCGAAGAACCTTACCTGATCTTGACATCCCGATGACCGCTTCGTAATGGAAGTTTTTCTTCGGA","GATTAGATACCCTTGGTAGTCCGCACAGTCAACTATGCACACTAGGTGTCTGGGTCTAAGCCCGGGTGCCGCAGCAAACGCGATAAGTGTGCCGCCTGGGGAGTATGCCCGCAAGGGTGAAACTCAAAGGAATTGACGGGGGCCCGCACAAGCGGTGGAGCATGTGGTTTAATTCGATGGTACGCGAGGAACCTTACCTGGGTTTGACATGCATAGGAATGGCCTGGAGACAGGTCAGCGCAGCAATGCG","GATTAGATACCCTTGGTAGTCCGCACGGTAAACGATGGATGCCCGCTGTTGGCCTGAATAGGTCAGCGGTCAAGCGAAAGCATTAAGCATCCCACCTGGGGAGTACGCCGGCAACGGTGAAACTCAAAGGAATTGACGGGGGCCCGCACAAGCGGAGGAACATGTGGTTTAATTCGATGATACGCGAGGAACCTTACCCGGGCTTGAATTGCAGAGGAAGGATTTGGAGACAATGACGCCCTTCGGGGTC","GATTAGATACCCTGGGTAGTCCACGCCGTAAACGATGACTACTAGGTGTCGGGGAGCAAAGCTCTTCGGTGCCGCAGCAAACGCAATAAGTAGTCCACCTGGGGAGTACGTTCGCAAGAATGAAACTCAAAGGAATTGACGGGGACCCGCACAAGCGGTGGAGCATGTGGTTTAATTCGAAGCAACGCGAAGAACCTTACCTGCTCTTGACATCCCGGTGACCGGCATGTAATGATGCCTTTTCTTCGGA","GATTAGATACCCTGGGTAGTCCACGCCGTAAACGATGAATACTAGGTGTCGGGGAGCACAGCTCTTCGGTGCCGCCGCAAACGCAATAAGTATTCCACCTGGGGAGTACGTTCGCAAGAATGAAACTCAAAGGAATTGACGGGGACCCGCACAAGCGGTGGAGCATGTGGTTTAATTCGAAGCAACGCGAAGAACCTTACCAAGTCTTGACATCCCGATGACCGGTCTGTAATGGGACCTTCTCTTCGGA","GGATTAGATACCCTTGGTAGTCCACGCCGTAAACGATGAATACTAGGTGTAGGAGGTATCGACCCCTTCTGTGCCGGAGCTAACACAATAAGTATTCCGCCTGGGAAGTACGATCGCAAGATTAAAACTCAAAGGAATTGACGGGGCCCGCACAAGCGGTGGAGTATGTGGTTTAATTCGACGCAACGCGAAGAACCTTACCAAGTCTTGACATTGATCGCTATCTCGAGAGATTGAGAGTTCCTCTTCG","GGATTAGATACCCTTGGTAGTCCACGCCGTAAACGATGCTCACTGGTTCTGTGCGATATATTGTACGGGATTAAGCGAAAGTATTAAGTGAGCCACCTGGGGAGTACGTCGGCAACGATGAAACTCAAAGGAATTGACGGGGCCCGCACAAGCGGAGGAACATGTGGTTTAATTCGATGATACGCGAGGAACCTTACCTGGGTTTAAATGGGAAATGCCGTATTTGGAAACAGATATTCTCTTCGGAGCG","GATTAGATACCCTGGGTAGTCCACACCGTAAACGATGATTACTAGGTGTTGGAGGATTGACCCCTTCAGTGCCGCAGTTAACACAATAAGTAATCCACCTGGGGAGTACGACCGCAAGGTTGAAACTCAAAGGAATTGACGGGGCCCGCACAAGCAGTGGAGTATGTGGTTTAATTCGACGCAACGCGAAGAACCTTACCAAGTCTTGACATCCTGCGACGGTGCTGGAAACAGTGCTTTCCTTCGGGAC","AGGATTAGATACCCTTGGTAGTCCACGCCGTAAACGATGAATACTAGGTGTTGGTGGGCAAAGCCCATCGGTGCCGCAGCAAACGCAATAAGTATTCCACCTGGGGAGTACGTTCGCAAGAATGAAACTCAAAGGAATTGACGGGGACCCGCACAAGCGGTGGAGCATGTGGTTTAATTCGAAGCAACGCGAAGAACCTTACCAAGTCTTGACATCCCGGTGACAAGCTGTGTAATGCAGCCTTACTTCG","GATTAGATACCCTTGGTAGTCCACACCGTAAACGATGATTACTAGGTGTTGGAGGATTGACCCCTTCAGTGCCGCAGTTAACACAATAAGTAATCCACCTGGGGAGTACGACCGCAAGGTTGAAACTCAAAGGAATTGACGGGGCCCGCACAAGCAGTGGAGTATGTGGTTTAATTCGACGCAACGCGAAGAACCTTACCAAGTCTTGACATCCTGCGACGTGCATAGAAATATGTATTTCCTTCGGGAC","GATTAGATACCCTTGGTAGTCCACGCCGTAAACGATGAATGCTAGGTGTTGGGGAGCAAAGCTCTTCGGTGCCGCCGCAAACGCATTAAGCATTCCACCTGGGGAGTACGTTCGCAAGAATGAAACTCAAAGGAATTGACGGGGACCCGCACAAGCGGTGGAGCATGTGGTTTAATTCGAAGCAACGCGAAGAACCTTACCAGGTCTTGACATCCCGATGACCGGTCCGTAACGGGGCCTTCTCTTCGGA","GATTAGATACCCTGGGTAGTCCACGCCGTAAACGATGAATACTAGGTGTTGGTGGGCAAAGCCCATCGGTGCCGCCGCAAACGCAATAAGTATTCCACCTGGGGAGTACGTTCGCAAGAATGAAACTCAAAGGAATTGACGGGGACCCGCACAAGCGGTGGAGCATGTGGTTTAATTCGAAGCAACGCGAAGAACCTTACCAAGTCTTGACATCGTGATGACCGGAACTTAACCGTTCCTTCCCTTCGGG","GGATTAGATACCCTTGGTAGTCCACGCCGTAAACGATGACTGCTAGGTGTCGGGTGGCAAAGCCATTCGGTGCCGCAGCTAACGCAATAAGCAGTCCACCTGGGGAGTACGTTCGCAAGAATGAAACTCAAAGGAATTGACGGGGACCCGCACAAGCGGTGGAGCATGTGGTTTAATTCGAAGCAACGCGAAGAACCTTACCTGATCTTGACATCCCGATGACCGCTTCGTAATGGAAGCTTTTCTTCGG","GGATTAGATACCCTTGGTAGTCCACGCAGTAAACGATGATAACTCGCTGTCGGCGATACACAGTCGGCGGCTAAGCGAAAGCGATAAGTTATCCACCTGGGGAGTACGTTCGCAAGAATGAAACTCAAAGGAATTGACGGGGGCCCGCACAAGCGGAGGAACATGTGGTTTAATTCGATGATACGCGAGGAACCTTACCCGGGCTTGAAAGTTACTGACGATTCTGGAAACAGGATTTCCCTTCGGGGCA","GGATTAGATACCCTTGGTAGTCCACGCCGTAAACGATGTCGATTTGGAGGTTGTGCCCTTGAGGCGTGGCTTCCGGAGCTAACGCGTTAAATCGACCGCCTGGGGAGTACGGCCGCAAGGTTAAAACTCAAATGAATTGACGGGGCCCGCACAAGCGGTGGAGCATGTGGTTTAATTCGATGCAACGCGAAGAACCTTACCTGGTCTTGACATCCACAGAACTTGCCAGAGATGGCTTGGTGCCTTCGGG","GATTAGATACCCTGGGTAGTCCACGCCGTAAACGATGAATACTAGGTGTCGGAAAGCATGGCTTTTCGGTGCCGCCGCAAACGCATTAAGTATTCCACCTGGGGAGTACGTTCGCAAGAATGAAACTCAAAGGAATTGACGGGGACCCGCACAAGCGGTGGAGCATGTGGTTTAATTCGAAGCAACGCGAAGAACCTTACCAAGTCTTGACATCCTTCTGACCGGACAGTAATGTGTCCTTTCCTTCGGG","GATTAGATACCCTGGGTAGTCCACACCGTAAACGATGATTACTAGGTGTTGGAGGATTGACCCCTTCAGTGCCGCAGTTAACACAATAAGTAATCCACCTGGGGAGTACGACCGCAAGGTTGAAACTCAAAGGAATTGACGGGGCCCGCACAAGCAGTGGAGTATGTGGTTTAATTCGACGCAACGCGAAGAACCTTACCAAGTCTTGACATCCCTTGACAGGCATAGAAATATGTATTCTCTTCGGAGC","GATTAGATACCCTTGGTAGTCCATGCTGTAAACGATGAATGCTGGTTGTCGGCTTTAGGGTCGGTGACGAAGTTAACGCGATAAGCATTCCGCCTGGGGAGTACGGTCGCAAGATTAAAACTCAAAGGAATTGACGGGACCCGCACAAGCGGTGGAGCATGTGGTTTAATTCGATGCAACGCGAAGAACCTTACCAACTCTTGACATCCTTATCGGGGGCGCAGAGATGAGCCCTTTCAGTTAGGCTGGA","GATTAGATACCCTGGGTAGTCCACGCAGTAAACGATGATAACTCGTTGTCGGCGATACACAGTCGGTGACTAAGCGAAAGCGATAAGTTATCCACCTGGGGAGTACGTTCGCAAGAATGAAACTCAAAGGAATTGACGGGGGCCCGCACAAGCGGAGGAACATGTGGTTTAATTCGATGATACGCGAGGAACCTTACCCGGGCTTGAAAGTTAGCGACGATTCTTGAAAGAGGATTTCCCTTCGGGGCGC","AGGATTAGATACCCTTGGTAGTCCACGCGGTAAACGATGGATGCTCGCTGTTTGCGTCTGACGTAAGCGGCCAAGCGAAAGCGTTAAGCATCCCACCTGGGGAGTACGCCGGCAACGGTGAAACTCAAAGGAATTGACGGGGCCCGCACAAGCGGAGGAACATGTGGTTTAATTCGATGATACGCGAGGAACCTTACCCGGGCTTGAATTGCAGAGGAAGGATTTGGAGACAATGACGCCCTTCGGGGCC","AGGATTAGATACCCTGGGTAGTCCACACCGTAAACGATGATTACTAGGTGTTGGAGGATTGACCCCTTCAGTGCCGCAGTTAACACAATAAGTAATCCACCTGGGGAGTACGACCGCAAGGTTGAAACTCAAAGGAATTGACGGGGCCCGCACAAGCAGTGGAGTATGTGGTTTAATTCGACGCAACGCGAAGAACCTTACCAAGTCTTGACATCCTGCGACAGACATAGAAATATGTTTTTCCTTCGGG","GATTAGATACCCTGGGTAGTCCACGCAGTAAACGATGATTACTAGGAGTTTGCGATACAATGTAAGCTCTACAGCGAAAGCGTTAAGTAATCCACCTGGGGAGTACGCCGGCAACGGTGAAACTCAAAGGAATTGACGGGGCCCGCACAAGCGGAGGAACATGTGGTTTAATTCGATGATACGCGAGGAACCTTACCCGGGTTTGAACGTAGTCTGACCGGAGTGGAAACACTCCTTCTAGCAATAGCAG","GATTAGATACCCTGGGTAGTCCACGCCGTAAACGATGAGTGCTAAGTGTTGGAGGGTTTCCGCCCTTCAGTGCTGCAGCTAACGCATTAAGCACTCCGCCTGGGGAGTACGGTCGCAAGACTGAAACTCAAAGGAATTGACGGGGGCCCGCACAAGCGGTGGAGCATGTGGTTTAATTCGAAGCAACGCGAAGAACCTTACCAGGTCTTGACATCTTCTGACAATTCCAGAGATGGAACGTTCCCTTCGG","GATTAGATACCCTTGGTAGTCCACGCCGTAAACGATGCTCACTGGTTCTGTGCGATATATTGTACGGGATTAAGCGAAAGTATTAAGTGAGCCACCTGGGGAGTACGTCGGCAACGATGAAACTCAAAGGAATTGACGGGGGCCCGCACAAGCGGAGGAACATGTGGTTTAATTCGATGATACGCGAGGAACCTTACCTGGGTTTAAATGGGAAATGTCGTATTTGGAAACAGATATTCTCTTCGGAGCG","GATTAGATACCCTGGGTAGTCCACGCCGTAAACGATGAATGCTAGGTGTTGGGGAGCAAAGCTCTTCGGTGCCGCCGCAAACGCATTAAGCATTCCACCTGGGGAGTACGTTCGCAAGAATGAAACTCAAAGGAATTGACGGGGACCCGCACAAGCGGTGGAGCATGTGGTTTAATTCGAAGCAACGCGAAGAACCTTACCAGGTCTTGACATCCCGATGACCGGTTCGTAATGGAACCTTCTCTTCGGA","GGATTAGATACCCTGGGTAGTCCACGCCGTAAACGATGGATACTAGGTGTAGGAGGTATCGACCCCTTCTGTGCCGGAGTTAACGCAATAAGTATCCCGCCTGGGAAGTACGATCGCAAGATTAAAACTCAAAGGAATTGACGGGGCCCGCACAAGCGGTGGAGTATGTGGTTTAATTCGACGCAACGCGAAGAACCTTACCAGGTCTTGACATTGATCGCAATCTGCAGAAATGCGGAGTTCTTCTTCG","GGATTAGATACCCTGGGTAGTCCACGCCGTAAACGATGAATACTAGGTGTCGGGGAGCATGGCTCTTCGGTGCCGTCGCAAACGCAGTAAGTATTCCACCTGGGGAGTACGTTCGCAAGAATGAAACTCAAAGGAATTGACGGGGACCCGCACAAGCGGTGGAGCATGTGGTTTAATTCGAAGCAACGCGAAGAACCTTACCAAGTCTTGACATCCCTCTGACCGGAACTTAACCGTTCCTTTCCTTCGG","GGATTAGATACCCTTGGTAGTCCACGCCGTAAACGATGCTCACTGGTTCTGTGCGATATATTGTACGGGATTAAGCGAAAGTATTAAGTGAGCCACCTGGGGAGTACGTCGGCAACGATGAAACTCAAAGGAATTGACGGGGCCCGCACAAGCGGAGGAACATGTGGTTTAATTCGATGATACGCGAGGAACCTTACCTGGGTTTAAATGGGAAATGTCGTATTTGGAAACAGATATTCTCTTCGGAGCG","GGATTAGATACCCTTGGTAGTCCACACCGTAAACGATGATTACTAGGTGTTGGAGGATTGACCCCTTCAGTGCCGCAGTTAACACAATAAGTAATCCACCTGGGGAGTACGACCGCAAGGTTGAAACTCAAAGGAATTGACGGGGCCCGCACAAGCAGTGGAGTATGTGGTTTAATTCGACGCAACGCGAAGAACCTTACCAAGTCTTGACACCCTGCGACGGTGCTGGAAACAGTACTTTCCTTCGGGA","GGATTAGATACCCTTGGTAGTCCGCGCCGTAAACGATGAATACTAGGTGTTGGGAAGCATTGCTTCTCGGTGCCGTCGCAAACGCAGTAAGTATTCCACCTGGGGAGTACGTTCGCAAGAATGAAACTCAAAGGAATTGACGGGGACCCGCACAAGCGGTGGAGCATGTGGTTTAATTCGAAGCAACGCGAAGAACCTTACCAAGTCTTGACATCCTTCTGACCGGTACTTAACCGTATCTTCTCTTCGG","GGATTAGATACCCTTGGTAGTCCACGCCGTAAACGATGAATACTAGGTGTTGGGGAGCAAAGCTCTTCGGTGCCGCCGCAAACGCATTAAGTATTCCACCTGGGGAGTACGTTCGCAAGAATGAAACTCAAAGGAATTGACGGGACCCGCACAAGCGGTGGAGCATGTGGTTTAATTCGAAGCAACGCGAAGAACCTTACCAAGTCTTGACATCCCTCTGACCGACTCTTAACCGAGTCTTTCCTTCGGG","GATTAGATACCCTGGGTAGTCCACGCCGTAAACGATGAATACTAGGTGTTGGCAGGCAGGGCCTGTCGGTGCCGCAGCAAACGCAATAAGTATTCCACCTGGGGAGTACGTTCGCAAGAATGAAACTCAAAGGAATTGACGGGGACCCGCACAAGCGGTGGAGCATGTGGTTTAATTCGAAGCAACGCGAAGAACCTTACCAAGTCTTGACATCCCGGTGACAGAACATGTAATGTGTTTTCCCTTCGGG","GATTAGATACCCTGGGTAGTCCACGCTGTAAACGATGGATACTAGGTGTGCGGGGACTGACCCCCTGCGTGCCGCAGTTAACACAATAAGTATCCCACCTGGGGAGTACGATCGCAAGGTTGAAACTCAAAGGAATTGACGGGGCCCGCACAAGCGGTGGATTATGTGGTTTAATTCGAAGCAACGCGAAGAACCTTACCAGGGCTTGACATCCTACTAACGAAGTAGAGATACATCAGGTGCCCTTCGG","GATTAGATACCCTTGGTAGTCCACGCCGTAAACGATGCTCACTGGATCTTGGCGATACACTGCCAGGGTTCAAGCGAAAGTATTAAGTGAGCCACCTGGGGAGTACGTCGGCAACGATGAAACTCAAAGGAATTGACGGGGGCCCGCACAAGCGGAGGAACATGTGGTTTAATTCGATGATACGCGAGGAACCTTACCCGGGTTTAAATGTATTTTGCATTTCTTGGAAACAGGAATTCCCTTCGGGGCT","GATTAGATACCCTGGGTAGTCCACACCGTAAACGATGATTACTAGGTGTTGGAGGATTGACCCCTTCAGTGCCGCAGTTAACACAATAAGTAATCCACCTGGGGAGTACGACCGCAAGGTTGAAACTCAAAGGAATTGACGGGGCCCGCACAAGCAGTGGAGTATGTGGTTTAATTCGACGCAACGCGAAGAACCTTACCAAGTCTTGACATCCCTTGACAGACATAGAAATATGTATTCTCTTCGGAGC","GATTAGATACCCTGGGTAGTCCACGCCGTAAACGATGAATACTAGGTGTTGGGTTCCAAAGGGACTCGGTGCCGTCGCAAACGCATTAAGTATTCCACCTGGGGAGTACGTTCGCAAGAATGAAACTCAAAGGAATTGACGGGGACCCGCACAAGCGGTGGAGCATGTGGTTTAATTCGAAGCAACGCGAAAACCTTACCAAGTCTTGACATCCTGATGACAGTTTCTTAACCGGAACTTCTCTTCGGAG","AGGATTAGATACCCTGGGTAGTCCACACCGTAAACGATGATTACTAGGTGTTGGAGGATTGACCCCTTCAGTGCCGCAGTTAACACAATAAGTAATCCACCTGGGGAGTACGACCGCAAGGTTGAAACTCAAAGGAATTGACGGGGCCCGCACAAGCAGTGGAGTATGTGGTTTAATTCGACGCAACGCGAAGAACCTTACCAAGTCTTGACATCCTGCGACGGTGCTAGAAATAGTATTTTCCTTCGGG","GATTAGATACCCTTGGTAGTCCGCACGGTAAACGATGGATGCTCGCTGTGTGCCCCTGGGTACGCGGCCAAGCGAAAGCGTTAAGCATCCCACCTGGGGAGTACGCCGGCAACGGTGAAACTCAAAGGAATTGACGGGGCCCGCACAAGCGGAGGAACATGTGGTTTAATTCGATGATACGCGAGGAACCTTACCCGGGCTTGAATTGCAGGAGAACGATACAGAGATGTTGAGGTCCTTCGGGACTCCT","GATTAGATACCCTGGGTAGTCCACGCTGTAAACGATGAATACTAGGTGTAGGGGGTATAAACTCCCTCTGTGCCGCAGCAAACGCAATAAGTATTCCGCCTGGGGAGTACGGCCGCAAGGTTGAAACTCAAAGGAATTGACGGGGCCCGCACAAGCAGCGGAGCATGTGGTTTAATTCGACGCAACGCGAAGAACCTTACCAAGGCTTGACATCCACTTAAAGTTATGGAAACATAATGTCCCTTCGGGG","GGATTAGATACCCTTGGTAGTCCACGCCGTAAACGATGACTACTAGGTGTCGGGTGGCAAAGCCATTCGGTGCCGCAGCAAACGCAATAAGTAGTCCACCTGGGGAGTACGTTCGCAAGAATGAAACTCAAAGGAATTGACGGGGACCCGCACAAGCGGTGGAGCATGTGGTTTAATTCGAAGCAACGCGAAGAACCTTACCTGCTCTTGACATCCCGCTGACCGGACGGTAATGCGTCCTTCCCTTCGG","GGATTAGATACCCTGGGTAGTCCATGCCGTAAACGATGATTACTAGGTGTGGGGGACTGACCCCTTCCGTGCCGCAGTTAACACAATAAGTAATCCACCTGGGGAGTACGGCCGCAAGGTTGAAACTCAAAGGAATTGACGGGGCCCGCACAAGCAGTGGAGTATGTGGTTTAATTCGAAGCAACGCGAAGAACCTTACCAGGTCTTGACATCCTGAGAATCCTTAAGAGATTAGGGAGTGCCTTCGGGA","GGATTAGATACCCTGGGTAGTCCACACCGTAAACGATGATTACTAGGTGTTGGAGGATTGACCCCTTCAGTGCCGCAGTTAACACAATAAGTAATCCACCTGGGGAGTACGACCGCAAGGTTGAAACTCAAAGGAATTGACGGGGCCCGCACAAGCAGTGGAGTATGTGGTTTAATTCGACGCAACGCGAAGAACCTTACCAAGTCTTGACATCCCTTGACAGGCATAGAAATATGTAATCTCTTCGGAG","AGGATTAGATACCCTGGGTAGTCCACACCGTAAACGATGATTACTAGGTGTTGGAGGATTGACCCCTTCAGTGCCGCAGTTAACACAATAAGTAATCCACCTGGGGAGTACGACCGCAAGGTTGAAACTCAAAGGAATTGACGGGGCCCGCACAAGCAGTGGAGTATGTGGTTTAATTCGACGCAACGCGAAGAACCTTACCAAGTCTTGACATCCCTTGACAGGCACAGAAATGTGTTTTCTCTTCGGA","AGGATTAGATACCCTGGGTAGTCCACACAGTAAACGATGAATACTCGCGGTTGGTTCGTTAGAGTCAGCCGCCAAGCGAAAGCGTTAAGTATTCCACCTGGGGAGTACGCCGGCAACGGTGAAACTCAAAGGAATTGACGGGGCCCGCACAAGCGGAGGAACATGTGGTTTAATTCGATGATACGCGAGGAACCTTACCCGGGCTTGAACTGCCAGTGACTCATGCAGAGACGCATGTTTCTTCGGACAC","GATTAGATACCCTGGGTAGTCCACACTGTAAACGATGAATACTAGGTGTGCGGGGACTGACCCCCTGCGTGCCGCAGTTAACACAATAAGTATTCCACCTGGGGAGTACGATCGCAAGGTTGAAACTCAAAGGAATTGACGGGGCCCGCACAAGCGGTGGATTATGTGGTTTAATTCGAAGCAACGCGAAGAACCTTACCAGGGTTTGACATCCTGCTAACGAAGTAGAGATACATTAGGTGCCCTTCGG","AGGATTAGATACCCTTGGTAGTCCACACTGTAAACGATGATTACTAGGTGTTGGAGGATTGACCCCTTCAGTGCCGCAGTTAACACAATAAGTAATCCACCTGGGGAGTACGACCGCAAGGTTGAAACTCAAAGGAATTGACGGGGGCCCGCACAAGCAGTGGAGTATGTGGTTTAATTCGACGCAACGCGAAGAACCTTACCAAGTCTTGACATCCTGCGACGGTGCTGGAAACAGAACTTTCCTTCGG","GGATTAGATACCCTTGGTAGTCCATGCTGTAAACGATGAGTGCTTGTTGTCGGTGTAAAATCGGTGACGAAGTTAACGCGTTAAGCACTCCGCCTGGGGAGTACGGTCGCAAGATTAAAACTCAAAGGAATTGACGGGGACCCGCACAAGCGGTGGAGCATGTGGTTTAATTCGATGCAACGCGAAGAACCTTACCAACTCTTGACATCCTTATCGGGGAGATCAGAGATGATTTCTTTCAGTTAGGCTG","GGATTAGATACCCTTGGTAGTCCACGCCGTAAACGATGAATACTAGGTGTCGGGAAGCACAGCTTTTCGGTGCCGCCGCAAACGCATTAAGTATTCCACCTGGGGAGTACGTTCGCAAGAATGAAACTCAAAGGAATTGACGGGGACCCGCACAAGCGGTGGAGCATGTGGTTTAATTCGAAGCAACGCGAAGAACCTTACCAAGTCTTGACATCCTTCTGACCGGACAGTAATGTGTCCTTTCCTTCGG","GGATTAGATACCCTTGGTAGTCCGCGCGGTAAACGATGGATGCCCGCCGTTGGGATTTGGATTTCAGCGGCCAAGCGAAAGCGTTAAGCATCCCACCTGGGGAGTACGCCGGCAACGGTGAAACTCAAAGGAATTGACGGGGCCCGCACAAGCGGAGGAACATGTGGTTTAATTCGATGATACGCGAGGAACCTTACCCGGGCTTGAATTGCAGGAGAACGATCCAGAGATGGTGAGGCCCTTCGGGGCT","AGGATTAGATACCCTTGGTAGTCCACGCGGTAAACGATGATTGCTAGGTGTAGGTGGGTATGGACCCATCGGTGCCGCAGCTAACGCAATAAGCAATCCACCTGGGGAGTACGTTCGCAAGAATGAAACTCAAAGGAATTGACGGGGACCCGCACAAGCGGTGGAGCATGTGGTTTAATTCGAAGCAACGCGAAGAACCTTACCAAGTCTTGACATCCCAATGACGTGTCCGTAACGGGGCATTCTCTTC","GATTAGATACCCTGGGTAGTCCACGCGGTAAACGATGAATACTAGATGTCGGGTAGCATAGCTATTCGGTGTCGTCGCAAACGCAATAAGTATTCCACCTGGGGAGTACGTTCGCAAGAATGAAACTCAAAGGAATTGACGGGGACCCGCACAAGCGGTGGAGCATGTGGTTTAATTCGAAGCAACGCGAAGAACCTTACCTGCTCTTGACATCCCATTCGATAGAAGGTAATGCTTCTAGCCCTTCGGG","GATTAGATACCCTTGGTAGTCCACACCGTAAACGATGATTACTAGGTGTTGGAGGATTGACCCCTTCAGTGCCGCAGTTAACACAATAAGTAATCCACCTGGGGAGTACGACCGCAAGGTTGAAACTCAAAGGAATTGACGGGGCCCGCACAAGCAGTGGAGTATGTGGTTTAATTCGACGCAACGCGAAGAACCTTACCAAGTCTTGATATCCTGCGACGATGCTGGAAACAGTATTTTCCTTCGGGAC","GATTAGATACCCTGGGTAGTCCACGCCGTAAACGATGAATACTAGGTGTCGGGGAGCATTGCTCTTCGGTGCCGCAGCAAACGCAATAAGTATTCCACCTGGGGAGTACGTTCGCAAGAATGAAACTCAAAGGAATTGACGGGGACCCGCACAAGCGGTGGAGCATGTGGTTTAATTCGAAGCAACGCGAAGAACCTTACCAAGTCTTGACATCCCAATGACAGAACATGTAATGTGTTTTCTCTTCGGA","AGGATTAGATACCCTGGGTAGTCCACACCGTAAACGATGATTACTAGGTGTTGGAGGATTGACCCCTTCAGTGCCGCAGTTAACACAATAAGTAATCCACCTGGGGAGTACGACCGCAAGGTTGAAACTCAAAGGAATTGACGGGGCCCGCACAAGCGGAGGAACATGTGGTTTAATTCGATGATACGCGAGGAACCTTACCCGGGCTTGAATTGCAGAGGAAGGATTTGGAGACAATGACGCCCTTCGG","AGGATTAGATACCCTGGGTAGTCCGCACGGTAAACGATGGATGCCCGCTGTTGGTCTGAATAGGTCAGCGGCCAAGCGAAAGCATTAAGCATCCCACCTGGGGAGTACGCCGGCAACGGTGAAACTCAAAGGAATTGACGGGGCCCGCACAAGCGGAGGAACATGTGGTTTAATTCGATGATACGCGAGGAACCTTACCCGGGCTTGAACTGCAGCGGACGGATACAGAGATGTTGACTCCCTTCGGGGC","GATTAGATACCCTGGGTAGTCCACGCCGTAAACGATGAATACTAGGTGTCGGAAAGCACAGCTTTTCGGTGCCGCCGCAAACGCATTAAGTATTCCACCTGGGGAGTACGTTCGCAAGAATGAAACTCAAAGGAATTGACGGGGACCCGCACAAGCGGTGGAGCATGTGGTTTAATTCGAAGCAACGCGAAGAACCTTACCAAGTCTTGACATCCCGGTGACCGGACAGTAATGTGTCCTTTTCTTCGGA","GATTAGATACCCTTGGTAGTCCGCACAGTAAACGATGAATACTCGCGATTTGCGATACACAGTAAGTCGCCAAGCGAAAGCGTTAAGTATTCCACCTGGGGAGTACGCCGGCAACGGTGAAACTCAAAGGAATTGACGGGGGCCCGCACAAGCGGAGGAACATGTGGTTTAATTCGATGATACGCGAGGAACCTTACCCGGGCTTGAACTGCCAGCGACGGTAGCAGAGACGCTACTTTCTTCGGACGCT","GATTAGATACCCTTGGTAGTCCGCACGGTAAACGATGGATGCCCGCTGTTGGTCTGAATAGGTCAGCGGCCAAGCGAAAGCATTAAGCATCCCACCTGGGGAGTACGCCGGCAACGGTGAAACTCAAAGGAATTGACGGGGGCCCGCACAAGCGGAGGAACATGTGGTTTAATTCGATGATACGCGAGGAACCTTACCCGGGCTTGAACTGCAGGCGAACGATACAGAGATGTTGAGGCCCTTCGGGGCG","GATTAGATACCCTGGGTAGTCCACACCGTAAACGATGATTACTAGGTGTTGGAGGATTGACCCCTTCAGTGCCGCAGTTAACACAATAAGTAATCCACCTGGGGAGTACGACCGCAAGGTTGAAACTCAAAGGAATTGACGGGGCCCGCACAAGCAGTGGAGTATGTGGTTTAATTCGACGCAACGCGAAGAACCTTACCAAGTCTTGACATCCTGCGACGGATATAGAAATATGTCTTTCCTTCGGGAC","GGATTAGATACCCTGGGTAGTCCACGCCGTAAACGATGAGTGCTAGGTGTTGGGTCCTTTCCGGGACTCAGTGCCGCAGCTAACGCATTAAGCACTCCGCCTGGGGAGTACGACCGCAAGGTTGAAACTCAAAGGAATTGACGGGGGCCCGCACAAGCGGTGGAGCATGTGGTTTAATTCGAAGCAACGCGAAGAACCTTACCAGGTCTTGACATCCCTCTGACCGCTCTAGAGATAGAGCTTTCCTTCG","GATTAGATACCCTGGGTAGTCCACGCCGTAAACGATGAGTGCTAGGTGTTGGGTCCTTTCCGGGATTCAGTGCCGCAGCTAACGCATTAAGCACTCCGCCTGGGGAGTACGACCGCAAGGTTGAAACTCAAAGGAATTGACGGGGGCCCGCACAAGCGGTGGAGCATGTGGTTTAATTCGAAGCAACGCGAAGAACCTTACCAGGTCTTGACATCCCGATGCTATTTCTAGAGATAGGAAGTTACTTCGG","GGATTAGATACCCTTGGTAGTCCACACCGTAAACGATGGATACTAGGTGTAGGCGAGATATCGTCTGTGCCGGCGCAAACGCAATAAGTATCCCACCTGGGGAGTACGGCCGCAAGGTTGAAACTCAAAGGAATTGACGGGGCCCGCACAAGCAGTGGAGTATGTGGTTTAATTCGACGCAACGCGAAGAACCTTACCAAGACTTGACATATACATGAAAGCCTAAGAGATTAGGCCCCTCTTCGGAGTG","GATTAGATACCCTTGGTAGTCCACGCCGTAAACGATGAATACTAGGTGTCGGGTGGCAGAGCCATTCGGTGCCGTCGCAAACGCAGTAAGTATTCCACCTGGGGAGTACGTTCGCAAGAATGAAACTCAAAGGAATTGACGGGACCCGCACAAGCGGTGGAGCATGTGGTTTAATTCGAAGCAACGCGAAGAACCTTACCAAATCTTGACATCCCTCTGACCGGTCTTTAATCGGACCTTCTCTTCGGAG","GATTAGATACCCTGGGTAGTCCATGCCGTAAACGATGAGTGCTAGGTGTTGGATCCTTTCCGGGATTCAGTGCCGCAGCTAACGCATTAAGCACTCCGCCTGGGGAGTACGACCGCAAGGTTGAAACTCAAAGGAATTGACGGGGGCCCGCACAAGCGGTGGAGCATGTGGTTTAATTCGAAGCAACGCGAAGAACCTTACCAGGTCTTGACATCCCGATGCTATTTCTAGAGATAGAAAGTTACTTCGG","GATTAGATACCCTGGGTAGTCCACGCCGTAAACGATGAATGCTAGGTGTTGGGGAGCAAAGCTCTTCGGTGCCGCCGCAAACGCATTAAGCATTCCACCTGGGGAGTACGTTCGCAAGAATGAAACTCAAAGGAATTGACGGGGACCCGCACAAGCGGTGGAGCATGTGGTTTAATTCGAAGCAACGCGAAGAACCTTACCAGGTCTTGACATCCCGATGACCGGTTTGTAATGGAACCTTCTCTTCGGA","GATTAGATACCCTGGGTAGTCCACGCCGTAAACGATGAATACTAGGTGTCGGGAAGCATGGCTTTTCGGTGCCGCCGCAAACGCATTAAGTATTCCACCTGGGGAGTACGTTCGCAAGAATGAAACTCAAAGGAATTGACGGGACCCGCACAAGCGGTGGAGCATGTGGTTTAATTCGAAGCAACGCGAAGAACCTTACCAAGTCTTGACATCCCGGTGACCGGACAGTAATGTGTCCTTTTCTTCGGAA","GATTAGATACCCTTGGTAGTCCGCGCGGTAAACGATGGATGCCCGCTGTTGGGCCAACTGGTTCAGCGGCCAAGCGAAAGCATTAAGCATCCCACCTGGGGAGTACGCCGGCAACGGTGAAACTCAAAGGAATTGACGGGGGCCCGCACAAGCGGAGGAACATGTGGTTTAATTCGATGATACGCGAGGAACCTTACCCGGGCTTGAATTGCAGAGGAAGGATTTGGAGACAATGACGCCCTTCGGGGTC","AGGATTAGATACCCTTGGTAGTCCACGCCGTAAACGATGAATACTAGGTGTCGGAAAGCATGGCTTTTCGGTGCCGCCGCAAACGCATTAAGTATTCCACCTGGGGAGTACGTTCGCAAGAATGAAACTCAAAGGAATTGACGGGGACCCGCACAAGCGGTGGAGCATGTGGTTTAATTCGAAGCAACGCGAAGAACCTTACCAAGTCTTGACATCCTTCTGACCGGACAGTAATGTGTCCTTTCCTTCG","AGGATTAGATACCCTTGGTAGTCCACGCCGTAAACGATGAATACTAGGTGTGGGGGGACTGACCCCTTCCGTGCCGCAGTTAACACAATAAGTATTCCACCTGGGGAGTACGACCGCAAGGTTGAAACTCAAAGGAATTGACGGGGCCCGCACAAGCAGTGGATTATGTGGTTTAATTCGAAGCAACGCGAAGAACCTTACCAGGGCTTGACATCCAACTAACGAAGCAGAGATGCATTAGGTGCCCTTC","GGATTAGATACCCTTGGTAGTCCACGCCGTAAACGGTGGACGCTGGATGTGGGGCACGTTCCACGTGTTCCGTGTCGGAGCTAACGCGTTAAGCGTCCCGCCTGGGGAGTACGGCCGCAAGGCTAAAACTCAAAGAAATTGACGGGGCCCGCACAAGCGGCGGAGCATGCGGATTAATTCGATGCAACGCGAAGAACCTTACCTGGGCTTGACATGTTCCCGACGACGCCAGAGATGGCGTTTCCCTTCG","GGATTAGATACCCTGGGTAGTCCACGCCGTAAACGATGCTCACTGGTTCTGTGCGATATATTGTACGGGATTAAGCGAAAGTATTAAGTGAGCCACCTGGGGAGTACGTCGGCAACGATGAAACTCAAAGGAATTGACGGGGCCCGCACAAGCGGAGGAACATGTGGTTTAATTCGATGATACGCGAGGAACCTTACCTGGGTTTAAATGGGAAATGCCGTATTTGGAAACAGATATTCTCTTCGGAGCG","GGATTAGATACCCTGGGTAGTCCACACAGTAAACGATGAATACTCGCTGTTTGCGATATACAGTAAGCGGCCAAGCGAAAGCATTAAGTATTCCACCTGGGGAGTACGCCGGCAACGGTGAAACTCAAAGGAATTGACGGGGGCCCGCACAAGCGGAGGAACATGTGGTTTAATTCGATGATACGCGAGGAACCTTACCCGGGCTTAAATTGCATTTGAATAATCTGGAAACAGGTTAGCCGCAAGGCAA","AGGATTAGATACCCTTGGTAGTCCCAGCCGTAAACGATGGACGCTAGGTGTGGGGGACGATCCCCCCGTGCCGCAGCCAACGCATTAAGCGTCCCGCCTGGGGAGTACGGCCGCAAGGCTAAAACTCAAAGGAATTGACGGGGCCCGCACAAGCAGCGGAGCATGTGGCTTAATTCGAAGCAACGCGAAGAACCTTACCAGGGCTTGACATATGGGTGAGGCGGGGGAGACCCCGCGGCCGAGAGGAGCC","GATTAGATACCCTTGGTAGTCCACGCCGTAAACGATGCTCACTGGTTCTGTGCGATATATTGTACGGGATTAAGCGAAAGTATTAAGTGAGCCACCTGGGGAGTACGTCGGCAACGATGAAACTCAAAGGAATTGACGGGGCCCGCACAAGCGGAGGAACATGTGGTTTAATTCGATGATACGCGAGGAACCTTACCTGGGTTTAAATGGGAAATGTCGTATTTGGAAACAGATATTCTCTTCGGAGCGT","GATTAGATACCCTTGGTAGTCCACGCAGTAAACGATGATTACTAGGAGTTTGCGATACAATGTAAGCTCTACAGCGAAAGCGTTAAGTAATCCACCTGGGGAGTACGCCGGCAACGGTGAAACTCAAAGGAATTGACGGGGCCCGCACAAGCGGAGGAACATGTGGTTTAATTCGATGATACGCGAGGAACCTTACCCGGGTTTGAACGTAGTCTGACCGGAGTGGAAACACTCTTTCTAGCAATAGCAG","AGGATTAGATACCCTTGGTAGTCCACGCCGTAAACGATGACTACTAGGTGTCGGGTGGCAAAGCCATTCGGTGCCGCAGCTAACGCAATAAGTAGTCCACCTGGGGAGTACGTTCGCAAGAATGAAACTCAAAGGAATTGACGGGGACCCGCACAAGCGGTGGAGCATGTGGTTTAATTCGAAGCAACGCGAAGAACCTTACCTGCTCTTGACATCCCGGTGACCGCTCCGTAATGGGAGCTTTTCTTCG","AGGATTAGATACCCTGGGTAGTCCACGCCGTAAACGATGAATACTAGGTGTAGGGGTTGTCATGACCTCTGTGCCGCCGCTAACGCATTAAGTATTCCGCCTGGGGAGTACGGTCGCAAGATTAAAACTCAAAGGAATTGACGGGGCCCGCACAAGCAGCGGAGCATGTGGTTTAATTCGAAGCAACGCGAAGAACCTTACCTAGACTTGACATCTCCTGCATTACTCTTAATCGAGGAAGTCCCTTCGG","AGGATTAGATACCCTTGGTAGTCCGCGCGGTAAACGATGGATGCCCGCTGTTCGCCATTATGGTGAGCGGCCAAGCGAAAGCGTTAAGCATCCCACCTGGGGAGTACGCCGGCAACGGTGAAACTCAAAGGAATTGACGGGGCCCGCACAAGCGGAGGAACATGTGGTTTAATTCGATGATACGCGAGGAACCTTACCCGGGCTTGAATTGCAGAAGACGGATCCAGAGATGGTGACTCCCTTCGGGGCT","GATTAGATACCCTGGGTAGTCCACGCTGTAAACGATGAATACTAGGTGTGGGAGGACTGACCCCTTCCGTGCCGCAGTTAACACAATAAGTATTCCACCTGGGGAGTACGATCGCAAGATTGAAACTCAAAGGAATTGACGGGGGCCCGCACAAGCAGTGGATTATGTGGTTTAATTCGACGCAACGCGAAGAACCTTACCGGGATTTGACATCCTACTAACGAAGCAGAGATGCATTAGGTGCCCTTCG","AGGATTAGATACCCTTGGTAGTCCACGCTGTAAACGATGAATACTAGGTGTGCGGGGACTGACCCCCTGCGTGCCGCAGTTAACACAATAAGTATTCCACCTGGGGAGTACGATCGCAAGGTTGAAACTCAAAGGAATTGACGGGGGCCCGCACAAGCGGTGGATTATGTGGTTTAATTCGACGCAACGCGAAGAACCTTACCAGGGCTTGACATCCTACTAACGAAGTAGAGATACATCAGGTGCCCTT","AGGATTAGATACCCTTGGTAGTCCACGCCGTAAACGATGAATACTAGGTGTCGGGAAGCACAGCTTTTCGGTGCCGCCGCAAACGCATTAAGTATTCCACCTGGGGAGTACGTTCGCAAGAATGAAACTCAAAGGAATTGACGGGGACCCGCACAAGCGGTGGAGCATGTGGTTTAATTCGAAGCAACGCGAAGAACCTTACCAAGTCTTGACATCCTTCTGACCGGACAGTAATGTGTCCTTTCCTTCG","GGATTAGATACCCTTGGTAGTCCACGCCGTAAACGATGGATACTAGGTGTAGGAGGTATCGACCCCTTCTGTGCCGGAGTTAACGCAATAAGTATCCCGCCTGGGAAGTACGATCGCAAGATTAAAACTCAAAGGAATTGACGGGGCCCGCACAAGCGGTGGAGTATGTGGTTTAATTCGACGCAACGCGAAGAACCTTACCAGGTCTTGACATTGATCGCAATCTGCAGAAATGCGGAGTTCTTCTTCG","GGATTAGATACCCTGGGTAGTCCACGCCGTAAACGATGAATACTAGGTGTCGGGGAGCATTGCTCTTCGGTGCCGCAGCAAACGCAATAAGTATTCCACCTGGGGAGTACGTTCGCAAGAATGAAACTCAAAGGAATTGACGGGGACCCGCACAAGCGGTGGAGCATGTGGTTTAATTCGAAGCAACGCGAAGAACCTTACCAAGTCTTGACATCCCGATGACAGAACATGTAATGTGTTTTCTCTTCGG","GGATTAGATACCCTGGGTAGTCCACGCAGTAAACGATGATTACTAGGAGTTTGCGATACACAGTAAGCTCTACAGCGAAAGCGTTAAGTAATCCACCTGGGGAGTACGCCGGCAACGGTGAAACTCAAAGGAATTGACGGGGCCCGCACAAGCGGAGGAACATGTGGTTTAATTCGATGATACGCGAGGAACCTTACCCGGGTTTGAACGTAGTCAGACCGACCTTGAAAGAGGTCTTCTAGCAATAGCT","GGATTAGATACCCTGGGTAGTCCACACAGTAAACGATGAATACTCGCTGTTTGCGATATACAGTAAGCGGCCAAGCGAAAGCATTAAGTATTCCACCTGGGGAGTACGCCGGCAACGGTGAAACTCAAAGGAATTGACGGGGCCCGCACAAGCGGAGGAACATGTGGTTTAATTCGATGATACGCGAGGAACCTTACCCGGGCTTAAATTGCATTTGAATAATCTGGAAACAGGTTAGCCGCAAGGCAAA","GATTAGATACCCTTGGTAGTCCACGCCGTAAACGATGAATACTAGGTGTCGGGGAGCATGGCTCTTCGGTGCCGTCGCAAACGCAGTAAGTATTCCACCTGGGGAGTACGTTCGCAAGAATGAAACTCAAAGGAATTGACGGGACCCGCACAAGCGGTGGAGCATGTGGTTTAATTCGAAGCAACGCGAAGAACCTTACCAAATCTTGACATCCCTCTGACCGGTCTTTAATCGGACCTTCTCTTCGGAG","GATTAGATACCCTTGGTAGTCCACGCGGTAAACGATGAATACTAGATGTCGGGAAGCAAAGCTTCTCGGTGTCGTCGCAAACGCAATAAGTATTCCACCTGGGGAGTACGTTCGCAAGAATGAAACTCAAAGGAATTGACGGGGACCCGCACAAGCGGTGGAGCATGTGGTTTAATTCGAAGCAACGCGAAGAACCTTACCTGCTCTTGACATCCCATTCGATAGAGGGTAATGCCTCTAGCCCTTCGGG","GATTAGATACCCTTGGTAGTCCGCACGGTAAACGATGGATGCCCGCTATTCGCCCACCTGGGCGAGTGGCCAAGCGAAAGCGTTAAGCATCCCACCTGGGGAGTACGCCGGCAACGGTGAAACTCAAAGGAATTGACGGGGCCCGCACAAGCGGAGGAACATGTGGTTTAATTCGATGATACGCGAGGAACCTTACCCGGGCTTGAATTGCAGAGGAAGGATTTAGAGATAATGACGCCCTTCGGGGCCT","GATTAGATACCCTTGGTAGTCCACACCGTAAACGATGATTACTAGGTGTTGGAGGATTGACCCCTTCAGTGCCGCAGTTAACACAATAAGTAATCCACCTGGGGAGTACGACCGCAAGGTTGAAACTCAAAGGAATTGACGGGGCCCGCACAAGCAGTGGAGTATGTGGTTTAATTCGACGCAACGCGAAGAACCTTACCAAGTCTTGACATCCTGCGACGGTGCTGGAAACAGTGCTTTCCTTCGGGAC","GATTAGATACCCTGGGTAGTCCACGCCGTAAACGATGAATACTAGGTGTTGGTGGGCAAAGCCCATCGGTGCCGCCGCAAACGCAATAAGTATTCCACCTGGGGAGTACGTTCGCAAGAATGAAACTCAAAGGAATTGACGGGACCCGCACAAGCGGTGGAGCATGTGGTTTAATTCGAAGCAACGCGAAGAACCTTACCAAGTCTTGACATCGTAGCGACCGGAACTTAACCGTTCCTTCCCTTCGGGG","GATTAGATACCCTGGGTAGTCCACGCCGTAAACGATGGATACTAGGTGTGGGGGGTCTGACCCCCTCCGTGCCGCAGTTAACACAATAAGTATCCCACCTGGGGAGTACGATCGCAAGGTTGAAACTCAAAGGAATTGACGGGGCCCGCACAAGCGGTGGAGTATGTGGTTTAATTCGAAGCAACGCGAAGAACCTTACCAGGGCTTGACATCCCACTAACGAAGCAGAGATGCATTAGGTGCCCTTCGG","GGATTAGATACCCTTGGTAGTCCACGCCGTAAACGATGAATACTAGGTGTCGGGTGGCAGAGCCATTCGGTGCCGTCGCAAACGCAGTAAGTATTCCACCTGGGGAGTACGTTCGCAAGAATGAAACTCAAAGGAATTGACGGGGACCCGCACAAGCGGTGGAGCATGTGGTTTAATTCGAAGCAACGCGAAGAACCTTACCAAATCTTGACATCCCTCTGACCGGTCTTTAATCGGACCTTCTCTTCGG","GGATTAGATACCCTGGGTAGTCCACGCCGTAAACGATGAATACTAGGTGTCGGGTGGCAAAGCCATTCGGTGCCGCAGCAAACGCAATAAGTATTCCACCTGGGGAGTACGTTCGCAAGAATGAAACTCAAAGGAATTGACGGGGACCCGCACAAGCGGTGGAGCATGTGGTTTAATTCGAAGCAACGCGAAGAACCTTACCTGGTCTTGACATCCCTCTGACCGCTCTTTAATCGGAGCTTTCCTTCGG","GGATTAGATACCCTTGGTAGTCCACGCCGTAAACGATGAATACTAGGTGTCGGGGCCGTAGAGGCTTCGGTGCCGCAGCCAACGCAGTAAGTATTCCACCTGGGGAGTACGTTCGCAAGAATGAAACTCAAAGGAATTGACGGGACCCGCACAAGCGGTGGAGCATGTGGTTTAATTCGAAGCAACGCGAAGAACCTTACCTGGTCTTGACATCCTTCTGACCGGTCCTTAACCGGACCTTTCCTTCGGG","GATTAGATACCCTGGGTAGTCCACACCGTAAACGATGATTACTAGGTGTTGGGAGATTGACCCTCTCAGTGCCGCAGTTAACACAATAAGTAATCCACCTGGGGAGTACGACCGCAAGGTTGAAACTCAAAGGAATTGACGGGGCCCGCACAAGCAGTGGAGTATGTGGTTTAATTCGACGCAACGCGAAGAACCTTACCAAGTCTTGACATCCCTTGACGATGCTGGAAACAGTATTTCTCTTCGGAGC","AGGATTAGATACCCTTGGTAGTCCGCACGGTAAACGATGGATGCCCGCTGTTGGCTTGAATTAGTCAGCGGCCAAGCGAAAGCATTAAGCATCCCACCTGGGGAGTACGCCGGCAACGGTGAAACTCAAAGGAATTGACGGGGGCCCGCACAAGCGGAGGAACATGTGGTTTAATTCGATGATACGCGAGGAACCTTACCCGGGCTTGAATTGCAGAGGAAGGATTTGGAGACAATGACGCCCCTCGGGG","AGGATTAGATACCCTTGGTAGTCCACGCTGTAAACGATGATTACTAGGTGTGGGGGATTGACCCCTTCCGTGCCGCAGTTAACACAATAAGTAATCCACCTGGGGAGTACGACCGCAAGGTTGAAACTCAAAGGAATTGACGGGGCCCGCACAAGCAGTGGAGTATGTGGTTTAATTCGAAGCAACGCGAAGAACCTTACCAGGTCTTGACATCGAGTGACGTATCTAGAGATAGATATTTCCTTCGGGA","AGGATTAGATACCCTTGGTAGTCCGCACGGTAAACGATGGATGCCCGCTGTTGGTCTGAATAGGTCAGCGGCCAAGCGAAAGCATTAAGCATCCCACCTGGGGAGTACGCCGGCAACGGTGAAACTCAAAGGAATTGACGGGGCCCGCACAAGCGGAGGAACATGTGGTTTAATTCGATGATACGCGAGGAACCTTACCCGGGCTTGAACTGTAGGCGAACGATCCAGAGATGGTGAGGCCCTTCGGGGC","GATTAGATACCCTGGGTAGTCCACGCCGTAAACGATGGATACTAGATGTAGGAGGTATTGACTCCTTCTGCGTCGCAGCTAACGCAATAAGTATCCCGCCTGGGGAGTACGGCCGCAAGGTTGAAACTCAAAGGAATTGACGGGGACCCGCACAAGCAGCGGAGCATGTGGTTTAATTCGATGCAACGCGAAGAACCTTACCAAGACTTGACATTGATTGCAAGCCATAGAGATATGGCCCTCCCTTCGG","GATTAGATACCCTGGGTAGTCCACACAGTAAACGATGAATACTCGCTGTTTGCGATATACAGTAAGCGGCCAAGCGAAAGCATTAAGTATTCCACCTGGGGAGTACGCCGGCAACGGTGAAACTCAAAGGAATTGACGGGGGCCCGCACAAGCGGAGGAACATGTGGTTTAATTCGATGATACGCGAGGAACCTTACCCGGGCTTAAATTGCAACAGAATATATTGGAAACAGTATAGCCGTAAGGCTGT","AGGATTAGATACCCTTGGTAGTCCACGCCCTAAACGATGTTAACTAGTTGTTGGGAAGTAAAATTCTCAGTAACGCAGCCAACGCGAGAAGTTAACCGCCTGGGAAGTACGGTCGCAAGACTAAAACTCAAAGGAATTGACGGGGACCCGCACAAGCGGTGGATGATGTGGATTAATTCGATGCAACGCGAAAAACCTTACCTACCCTTGACATGTCAGGAAGCTCTTGTAATGAGAGCGTGCCCGCAAG","GATTAGATACCCTGGGTAGTCCGCACAGTAAACGATGAATACTCGCGGTTTGCGATATACAGTAAGCCGCCAAGCGAAAGCGTTAAGTATTCCACCTGGGGAGTACGCCGGCAACGGTGAAACTCAAAGGAATTGACGGGGCCCGCACAAGCGGAGGAACATGTGGTTTAATTCGATGATACGCGAGGAACCTTACCCGGGCTTGAACTGCCAGTGACGGTAGCAGAGACGCTACTTTCTTCGGACACTG","GATTAGATACCCTTGGTAGTCCGCACGGTAAACGATGGATGCCCGCTGTTGGTCTGAATAGGTCAGCGGCCAAGCGAAAGCATTAAGCATCCCACCTGGGGAGTACGCCGGCAACGGTGAAACTCAAAGAAATTGACGGGGGCCCGCACAAGCGGCGGAGCATGCGGATTAATTCGATGCAACGCGAAGAACCTTACCTGGGCTTGACATGTTCCCGACCGCTCCAGAGATGGGGCTTCCCTTCGGGGCG","GGATTAGATACCCTGGGTAGTCCACACTGTAAACGATGAATACTAGGTGTGCGGGGACTGACCCCCTGCGTGCCGCAGTAAACACAATAAGTATTCCACCTGGGGAGTACGATCGCAAGGTTGAAACTCAAAGGAATTGACGGGGCCCGCACAAGCGGTGGATTATGTGGTTTAATTCGAAGCAACGCGAAGAACCTTACCAGGGTTTGACATCCTGCTAACGAAGTAGAGATACATTAGGTGCCCTTCG","GGATTAGATACCCTTGGTAGTCCACGCCGTAAACGATGAATACTAGGTGTCGGGGCTCATAAGAGCTTCGGTGCCGCAGCAAACGCAATAAGTATTCCACCTGGGGAGTACGTTCGCAAGAATGAAACTCAAAGGAATTGACGGGGACCCGCACAAGCGGTGGAGCATGTGGTTTAATTCGAAGCAACGCGAAGAACCTTACCAGGCCTTGACATCCCGGTGACCGTCCCGTAATGGGGACCTCTCTTCG","GGATTAGATACCCTTGGTAGTCCACGCCGTAAACGGTGGATGCTGGATGTGGGGCCCGTTCCACGGGTTCCGTGTCGGAGCTAACGCGTTAAGCATCCCGCCTGGGGAGTACGGCCGCAAGGCTAAAACTCAAAGAAATTGACGGGGCCCGCACAAGCGGCGGAGCATGCGGATTAATTCGATGCAACGCGAAGAACCTTACCTGGGCTTGACATGTTCCCGACCGCGGCAGAGATGTCGTTTCCCTTCG","AGGATTAGATACCCTTGGTAGTCCACGCCGTAAACGATGACTGCTAGGTGTCGGGTAGCAAAGCTATTCGGTGCCGCAGCTAACGCAATAAGCAGTCCACCTGGGGAGTACGTTCGCAAGAATGAAACTCAAAGGAATTGACGGGGACCCGCACAAGCGGTGGAGCATGTGGTTTAATTCGAAGCAACGCGAAGAACCTTACCTGATCTTGACATCCCGATGACCGCTTCGTAATGGAAGTTTTTCTTCG","AGGATTAGATACCCTTGGTAGTCCACACCGTAAACGATGATTACTAGGTGTTGGAGGATTGACCCCTTCAGTGCCGCAGTTAACACAATAAGTAATCCACCTGGGGAGTACGACCGCAAGGTTGAAACTCAAAGGAATTGACGGGGCCCGCACAAGCAGTGGAGTATGTGGTTTAATTCGACGCAACGCGAAGAACCTTACCAAGTCTTGACATCCTGCGACGTGCATAGAAATATGTATTTCCTTCGGG","GATTAGATACCCTGGGTAGTCCACGCCGTAAACGATGAATACTAGGTGTTGGGGAGCAAAGCTCTTCGGTGCCGCAGCAAACGCAATAAGTATTCCACCTGGGGAGTACGTTCGCAAGAATGAAACTCAAAGGAATTGACGGGACCCGCACAAGCGGTGGAGCATGTGGTTTAATTCGAAGCAACGCGAAGAACCTTACCAAATCTTGACATCGATCTGACCGGACCGTAATGGGTCCTTTCCCTTCGGG","AGGATTAGATACCCTTGGTAGTCCACGCCGTAAACGATGGATACTAGGTGTGGGAGGTATTGACCCCTTCCGTGCCGCAGTTAACACAATAAGTATCCCACCTGGGGAGTACGGCCGCAAGGTTGAAACTCAAAGGAATTGACGGGGCCCGCACAAGCAGTGGAGTATGTGGTTTAATTCGAAGCAACGCGAAGAACCTTACCAGGCCTTGACATCCCGATGACCGGCTTAGAGATAAGCCTTCTCTTCG","AGGATTAGATACCCTTGGTAGTCCACACCGTAAACGATGATTACTAGGTGTTGGAGGATTGACCCCTTCAGTGCCGCAGTTAACACAATAAGTAATCCACCTGGGGAGTACGACCGCAAGGTTGAAACTCAAAGGAATTGACGGGGCCCGCACAAGCAGTGGAGTATGTGGTTTAATTCGACGCAACGCGAAGAACCTTACCAAGTCTTGACATCCTGCGACGGTGCTGGAAACAGTACTTTCCTTCGGG","GATTAGATACCCTTGGTAGTCCACGCCGTAAACGATGAATACTAGGTGTCGGGGAGCACTGCTCTTCGGTGCCGCAGCAAACGCAATAAGTATTCCACCTGGGGAGTACGTTCGCAAGAATGAAACTCAAAGGAATTGACGGGGACCCGCACAAGCGGTGGAGCATGTGGTTTAATTCGAAGCAACGCGAAGAACCTTACCAAGTCTTGACATCCCGATGACAGAACATGTAATGTGTTTTCTCTTCGGA","GATTAGATACCCTGGGTAGTCCACGCGGTAAACGATGGATGCTCGCTGTTTGCGTCTGACGTAAGCGGCCAAGCGAAAGCGTTAAGCATCCCACCTGGGGAGTACGCCGGCAACGGTGAAACTCAAAGGAATTGACGGGGGCCCGCACAAGCGGAGGAACATGTGGTTTAATTCGATGATACGCGAGGAACCTTACCCGGGCTTGAACTGCCGGCGAACGATTCAGAGATGATGAGGCCCTTCGGGGCGC","GATTAGATACCCTGGGTAGTCCACGCTGTAAACGATGGATACTGGGTGTTGGGTTTTATTGACTCGGCGCCGTAGCTAACGCGTTAAGTATCCCGCCTGGGGAGTACGGTCGCAAGGCTGAAACTCAAAGAAATTGACGGGGCCCGCACAAGCGGTGGAGTATGTGGTTTAATTCGATGCAACGCGAAGAACCTTACCCAGGCTTGACATCCAGGGAACCCATGTGAAAGCGTGGGGTACTCTTCGGAGG","GATTAGATACCCTGGGTAGTCCGCACGGTAAACGATGGATGCCCGCTGTTGGCCTGAATAGGTCGGCGGCCAAGCGAAAGCATTAAGCATCCCACCTGGGGAGTACGCCGGCAACGGTGAAACTCAAAGGAATTGACGGGGGCCCGCACAAGCGGAGGAACATGTGGTTTAATTCGATGATACGCGAGGAACCTTACCCGGGCTTGAATTGCAGAGGAAGGATTTGGAGACAATGACGCCCTTCGGGGTC","GATTAGATACCCTGGGTAGTCCGCACGGTAAACGATGGATGCCCGCTGTTGGTCTGAACAGGTCAGCGGCCAAGCGAAAGCATTAAGCATCCCACCTGGGGAGTACGCCGGCAACGGTGAAACTCAAAGGAATTGACGGGGGCCCGCACAAGCGGAGGAACATGTGGTTTAATTCGATGATACGCGAGGAACCTTACCCGGGCTTGAATTGCAGAGGAAGGATTTGGAGACAATGACGCCCTTCGGGGTC","GGATTAGATACCCTTGGTAGTCCACGCTGTAAACGATGATTACTAGGTGTCGGGGACCAAGGTCCTTCGGTGCCGCCGCAAACGCAATAAGTAATCCACCTGGGGAGTACGTTCGCAAGAATGAAACTCAAAGGAATTGACGGGACCCGCACAAGCGGTGGAGCATGTGGTTTAATTCGAAGCAACGCGAAGAACCTTACCTGGTCTTGACATCCCGATGACCGCTCTGTAATGAGAGCTTTTCTTCGGA","GGATTAGATACCCTTGGTAGTCCACGCAGTAAACGATGATCACTAGCTGTTTGCGATACAGTGTAAGCGGCACAGCGAAAGCGTTAAGTGATCCACCTGGGGAGTACGCCGGCAACGGTGAAACTCAAAGGAATTGACGGGGGCCCGCACAAGCGGAGGAACATGTGGTTTAATTCGATGATACGCGAGGAACCTTACCCGGGTTTGAACGCATTCGGACCGAGGTGGAAACACCTTTTCTAGCAATAGC","GGATTAGATACCCTGGGTAGTCCACGCTGTAAACGATGAATACTAGGTGTAGGGGGTATCAACTCCCTCTGTGCCGCAGCAAACGCAATAAGTATTCCGCCTGGGGAGTACGGCCGCAAGGTTGAAACTCAAAGGAATTGACGGGGGCCCGCACAAGCAGCGGAGCATGTGGTTTAATTCGACGCAACGCGAAGAACCTTACCAAGGCTTGACATCTACTTAAAGTCATGGAAACATGATGTCTCTTCGG","GATTAGATACCCTGGGTAGTCCACGCGGTAAACGATGAATACTAGATGTCGGGTAGCAAAGCTACTCGGTGTCGTCGCAAACGCAATAAGTATTCCACCTGGGGAGTACGTTCGCAAGAATGAAACTCAAAGGAATTGACGGGGACCCGCACAAGCGGTGGAGCATGTGGTTTAATTCGAAGCAACGCGAAGAACCTTACCTGCTCTTGACATCCCATTCGATAGAGGGTAATGCCTCTAGCCCTTCGGG","AGGATTAGATACCCTTGGTAGTCCATACCATAAACGATGAGTGCTAATTGTTAGGAACTTTAGGGTTCTTAGTGATTGAGCTAACGCGTTAAGCACTCCGCCTGGGGAGTACGGTCGCAAGATTAAAACTTAAAGGAATTGACGGGGACCCGCACAAGTAGTGGAGCATGTTGTTTAATTCGATGATACGCGAAAAACCTTACCAACCCTTGACATACCAATCGCGATTTTCAGAAATGATTATCTTCAG","GATTAGATACCCTGGGTAGTCCACGCAGTAAACGATGATTACTAGGAGTTTGCGATACACAGTAAGCTCTACAGCGAAAGCGTTAAGTAATCCACCTGGGGAGTACGCCGGCAACGGTGAAACTCAAAGGAATTGACGGGGCCCGCACAAGCGGAGGAACATGTGGTTTAATTCGATGATACGCGAGGAACCTTACCCGGGTTTGAACGTAGTCAGACCGGCCTTGAAAGAGGTCTTCTAGCAATAGCTG","AGGATTAGATACCCTTGGTAGTCCACGCCGTAAACGATGATTACTAGGTGTGGGGGGACTGACCCCTTCCGTGCCGCAGCAAACGCAATAAGTAATCCACCTGGGGAGTACGACCGCAAGGTTGAAACTCAAAGGAATTGACGGGGCCCGCACAAGCAGTGGAGTATGTGGATTAATTCGAAGCAACGCGAAGAACCTTACCAGGTCTTGACATCGTATGCATAGCTCAGAGATGAGTGAAATCTCTTCG","GGATTAGATACCCTGGGTAGTCCACGCCGTAAACGATGAATACTAGGTGTGGGGGGACTGACCCCTTCCGTGCCGCAGTTAACACAATAAGTATTCCACCTGGGGAGTACGACCGCAAGGTTGAAACTCAAAGGAATTGACGGGGCCCGCACAAGCAGTGGATTATGTGGTTTAATTCGAAGCAACGCGAAGAACCTTACCAGGGCTTGACATCCAACTAACGAAGCAGAGATGCATTAGGTGCCCTTCG","GATTAGATACCCTGGGTAGTCCGCGCGGTAAACGATGGATGCCCGCTGTTCGCCTTTGAGGTGAGCGGCCAAGCGAAAGCGTTAAGCATCCCACCTGGGGAGTACGCCGGCAACGGTGAAACTCAAAGGAATTGACGGGGCCCGCACAAGCGGAGGAACATGTGGTTTAATTCGATGATACGCGAGGAACCTTACCCGGGCTTGAATTGCAGAAGACGGATCCAGAGATGGTGACTCCCTTCGGGGCTTC","GATTAGATACCCTGGGTAGTCCATGCCGTAAACGATGATTACTAGGTGTGGGAGGATTGACCCCTTCCGTGCCGCAGTTAACACAATAAGTAATCCACCTGGGGAGTACGACCGCAAGGTTGAAACTCAAAGGAATTGACGGGGCCCGCACAAGCAGTGGAGTATGTGGTTTAATTCGAAGCAACGCGAAGAACCTTACCAGGTCTTGACATCGGATGCATACCTAAGAGATTAGGGAAGTCCTTCGGGA","GGATTAGATACCCTTGGTAGTCCACGCCGTAAACGATGAATACTAACTGTTTGCGATATACAGTAAGCGGTACAGCGAAAGCGTTAAGTATTCCACCTGGGGAGTACGCCGGCAACGGTGAAACTCAAAGGAATTGACGGGGCCCGCACAAGCGGAGGAACATGTGGTTTAATTCGATGATACGCGAGGAACCTTACCCGGGCTCAAACGCAGGGGGAATACGTATGAAAGTACGTAGCTAGCAATAGCC","GGATTAGATACCCTGGGTAGTCCACGCAGTAAACGATGATTACTAGGAGTTTGCGATACACAGTAAGCTCTACAGCGAAAGCGTTAAGTAATCCACCTGGGGAGTACGCCGGCAACGGTGAAACTCAAAGGAATTGACGGGGCCCGCACAAGCGGAGGAACATGTGGTTTAATTCGATGATACGCGAGGAACCTTACCCGGGTTTGAACGTAGTCAGACCGACCTTGAAAGAGGTTTTCTAGCAATAGCT","GGATTAGATACCCTTGGTAGTCCACACTGTAAACGATGAATGCTAGGTGTAGGGGGTATCGACCCCTTCTGTGCCGGAGTAAACACAATAAGCATTCCGCCTGGGGAGTACGGCCGCAAGGTTGAAACTCAAAGGAATTGACGGGGCCCGCACAAGCAGCGGAGCATGTGGTTTAATTCGAAGCAACGCGAAGAACCTTACCAGGTCTTGACATCCAGGTAAAGCGGCAGAGATGCCGTGTGTGCTTGCA","AGGATTAGATACCCTGGGTAGTCCACGCCGTAAACGATGAATACTAGGTGTCGGGGAGCAGAGCTCTTCGGTGCCGTCGCAAACGCAGTAAGTATTCCACCTGGGGAGTACGTTCGCAAGAATGAAACTCAAAGGAATTGACGGGGACCCGCACAAGCGGTGGAGCATGTGGTTTAATTCGAAGCAACGCGAAGAACCTTACCAAGTCTTGACATCCCCCTGACCGGAACTTAACCGTTCCTTTCCTTCG","AGGATTAGATACCCTGGGTAGTCCACGCCGTAAACGATGAGTGCTAGGTGTTGGGTCCTTTCCGGGACTCAGTGCCGCAGCTAACGCATTAAGCACTCCGCCTGGGGAGTACGACCGCAAGGTTGAAACTCAAAGGAATTGACGGGGGCCCGCACAAGCGGTGGAGCATGTGGTTTAATTCGAAGCAACGCGAAGAACCTTACCAGGTCTTGACATCCCTCTGACCGCTCTAGAGATAGAGTTTTCCTTC","GATTAGATACCCTGGGTAGTCCACGCCGTAAACGATGAATACTAGGTGTCGGGGAGCACTGCTCTTCGGTGCCGCAGCAAACGCAATAAGTATTCCACCTGGGGAGTACGTTCGCAAGAATGAAACTCAAAGGAATTGACGGGGACCCGCACAAGCGGTGGAGCATGTGGTTTAATTCGAAGCAACGCGAAGAACCTTACCAAGTCTTGACATCCCGATGACAGAACATGTAATGTGTTTTCTCTTCGGA","GATTAGATACCCTTGGTAGTCCACGCCGTAAACGATGATTACTAGGTGTTGGTGGGTAAGACCCATCGGTGCCGCAGCAAACGCAATAAGTAATCCACCTGGGGAGTACGTTCGCAAGAATGAAACTCAAAGGAATTGACGGGACCCGCACAAGCGGTGGAGCATGTGGTTTAATTCGAAGCAACGCGAAGAACCTTACCTGGTCTTGACATCCCTATGAATAACGGGCAATGCCGTTAGTACTTCGGTA","GATTAGATACCCTGGGTAGTCCGCACGGTAAACGATGGATGCTCGCTGTGTGCCCCTGGGTACGCGGCCAAGCGAAAGCGTTAAGCATCCCACCTGGGGAGTACGCCGGCAACGGTGAAACTCAAAGGAATTGACGGGGCCCGCACAAGCGGAGGAACATGTGGTTTAATTCGATGATACGCGAGGAACCTTACCCGGGCTTGAATTGCAGAGGAAGGATTTGGAGACAATGACGCCCTTCGGGGTCTCT","GATTAGATACCCTGGGTAGTCCACGCCCTAAACGATGTTAACTAGTTGTTGGGAAGTAAAATTCTCAGTAACGCAGCCAACGCGAGAAGTTAACCGCCTGGGAAGTACGGTCGCAAGACTAAAACTCAAAGGAATTGACGGGGACCCGCACAAGCGGTGGATGATGTGGATTAATTCGATGCAACGCGAAAAACCTTACCTACCCTTGACATGTCAGGAAGCTCTTGTAATGAGAGCGTGCCCGCAAGGG","GATTAGATACCCTGGGTAGTCCACACCGTAAACGATGATTACTAGGTGTTGGAGGATTGACCCCTTCAGTGCCGCAGTTAACACAATAAGTAATCCACCTGGGGAGTACGACCGCAAGGTTGAAACTCAAAGGAATTGACGGGGCCCGCACAAGCAGTGGAGTATGTGGTTTAATTCGACGCAACGCGAAGAACCTTACCAAGTCTTGACATCCTGCGACGGTGCTAGAAATAGTATTTTCCTTCGGGAC","GATTAGATACCCTGGGTAGTCCGCACAGTAAACGATGGATGCCCGCTGTGTGCCTTAAAGGTACGCGGCCAAGCGAAAGCGTTAAGCATCCCACCTGGGGAGTACGCCGGCAACGGTGAAACTCAAAGGAATTGACGGGGCCCGCACAAGCGGAGGAACATGTGGTTTAATTCGATGATACGCGAGGAACCTTACCCGGGCTTGAATTGCAGAAGACGGATCCAGAGATGGTGACTCCCTTCGGGGCTTC","GATTAGATACCCTTGGTAGTCCGCACGGTAAACGATGGATGCCCGCTATTCGGCCTTTATGGTTGAGTGGCCAAGCGAAAGCGTTAAGCATCCCACCTGGGGAGTACGCCGGCAACGGTGAAACTCAAAGGAATTGACGGGGCCCGCACAAGCGGAGGAACATGTGGTTTAATTCGATGATACGCGAGGAACCTTACCCGGGCTTGAATTGCAGCCGAACGATCCAGAGATGGTGAGGCCCTTCGGGGCG","GATTAGATACCCTGGGTAGTCCACGCCGTAAACGATGACTACTAGGTGTCGGGTGGCAAAGCCATTCGGTGCCGCAGCCAACGCAATAAGTAGTCCACCTGGGGAGTACGTTCGCAAGAATGAAACTCAAAGGAATTGACGGGGACCCGCACAAGCGGTGGAGCATGTGGTTTAATTCGAAGCAACGCGAAGAACCTTACCTGCTCTTGACATCTCCCTGACCGGCAAGTAATGTTGCCTTTCCTTCGGG","GGATTAGATACCCTTGGTAGTCCACACTGTAAACGATGAATACTAGGTGTGCGGGGACTGACCCCCTGCGTGCCGCAGTTAACACAATAAGTATTCCACCTGGGGAGTACGATCGCAAGGTTGAAACTCAAAGGAATTGACGGGGGCCCGCACAAGCGGTGGATTATGTGGTTTAATTCGAAGCAACGCGAAGAACCTTACCAGGGTTTGACATCCTGCTAACGAAGTAGAGATACATTAGGTGCCCTTC","GGATTAGATACCCTTGGTAGTCCACGCCGTAAACGATGACTACTAGGTGTCGGGGAGCAAAGCTCTTCGGTGCCGCAGCAAACGCAATAAGTAGTCCACCTGGGGAGTACGTTCGCAAGAATGAAACTCAAAGGAATTGACGGGGACCCGCACAAGCGGTGGAGCATGTGGTTTAATTCGAAGCAACGCGAAGAACCTTACCTGCTCTTGACATCCCGGTGACCGGCATGTAATGATGCCTTTTCTTCGG","AGGATTAGATACCCTTGGTAGTCCGCACAGTAAACGATGGATACTCGCGGTTGGCGATACAATGTCAGCCGCCAAGCGAAAGCGTTAAGTATCCCACCTGGGGAGTACGCCGGCAACGGTGAAACTCAAAGGAATTGACGGGGCCCGCACAAGCGGAGGAACATGTGGTTTAATTCGATGATACGCGAGGAACCTTACCCGGGCTTGAACTGCCAGTGACGGATGCAGAGACGCATCTTTCTTCGGACAC","AGGATTAGATACCCTTGGTAGTCCACGCCGTAAACGATGATTACTAGGTGTCGGGGAGTTAAACTCTTCGGTGCCGCAGCAAACGCAATAAGTAATCCACCTGGGGAGTACGTTCGCAAGAATGAAACTCAAAGGAATTGACGGGACCCGCACAAGCGGTGGAGCATGTGGTTTAATTCGAAGCAACGCGAAGAACCTTACCAAATCTTGACATCCCGGTGACAAACTGTGTAAAGCAGTCTTTCTTCGG","AGGATTAGATACCCTGGGTAGTCCGCGCGGTAAACGATGGATGCCCGCTGTGGCGCGCCTGGCGTGCCGCGGCTAAGCGAAAGCATTAAGCATCCCACCTGGGGAGTACGCCGGCAACGGTGAAACTCAAAGGAATTGACGGGGGCCCGCACAAGCGGAGGAACATGTGGTTTAATTCGATGATACGCGAGGAACCTTACCCGGGCTTGAACTGCAGGAGAACGATTCAGAGATGATGAGGTCCTTCGGG","AGGATTAGATACCCTGGGTAGTCCACGCCGTAAACGATGAATACTAGGTGTCGGGGAGCAAAGCTCTTCGGTGCCGTCGCAAACGCAGTAAGTATTCCACCTGGGGAGTACGTTCGCAAGAATGAAACTCAAAGGAATTGACGGGGACCCGCACAAGCGGTGGAGCATGTGGTTTAATTCGAAGCAACGCGAAGAACCTTACCAAGTCTTGACATCCTTCTGACCGATACTTAATCGTATCTTCTCTTCG","AGGATTAGATACCCTGGGTAGTCCACGCCGTAAACGATGAGTACTAGCTGTCGGAGGTTACCCCCTTCGGTGGCGCAGCTAACGCATTAAGTACTCCGCCTGGGAAGTACGCTCGCAAGAGTGAAACTCAAAGGAATTGACGGGACCCGCACAAGTAGCGGAGCATGTGGTTTAATTCGAAGCAACGCGAAGAACCTTACCTAAGCTTGACATCCTTTTGACCGATGCCTAATCGCATCTTTCCCTTCGG","GATTAGATACCCTGGGTAGTCCACGCTGTAAACGATGAATACTAGGTGTAGGGGGTATCAACTCCCTCTGTGCCGCAGCAAACGCAATAAGTATTCCGCCTGGGGAGTACGGCCGCAAGGTTGAAACTCAAAGGAATTGACGGGGCCCGCACAAGCAGCGGAGCATGTGGTTTAATTCGACGCAACGCGAAGAACCTTACCAAGGCTTGACATCTACTTAAAGTCATGGAAACATGATGTCTCTTCGGAG","GATTAGATACCCTTGGTAGTCCACGCCGTAAACGATGACTGCTAGGTGTCGGGTAGCAAAGCTATTCGGTGCCGCAGCTAACGCAATAAGCAGTCCACCTGGGGAGTACGTTCGCAAGAATGAAACTCAAAGGAATTGACGGGGACCCGCACAAGCGGTGGAGCATGTGGTTTAATTCGAAGCAACGCGAAGAACCTTACCTGATCTTGACATCCCGATGACCGCTTCGTAATGGAAGCTTTTCTTCGGA","GGATTAGATACCCTGGGTAGTCCGCGCCGTAAACGATGAATACTAGGTGTTGGGAAGCATTGCTTCTCGGTGCCGTCGCAAACGCAGTAAGTATTCCACCTGGGGAGTACGTTCGCAAGAATGAAACTCAAAGGAATTGACGGGGACCCGCACAAGCGGTGGAGCATGTGGTTTAATTCGAAGCAACGCGAAGAACCTTACCAAGTCTTGACATCCTTCTGACCGGTACTTAACCGTATCTTCTCTTCGG","GGATTAGATACCCTTGGTAGTCCACACAGTAAACGATGAATACTCGCTGTTTGCGATATACAGTAAGCGGCCAAGCGAAAGCATTAAGTATTCCACCTGGGGAGTACGCCGGCAACGGTGAAACTCAAAGGAATTGACGGGGGCCCGCACAAGCGGAGGAACATGTGGTTTAATTCGATGATACGCGAGGAACCTTACCCGGGCTTAAATTGCAAATGAATTATGGGGAAACCCATACGCCGCAAGGCAT","GGATTAGATACCCTTGGTAGTCCACACAGTAAACGATGAATACTCGCTGTTTGCGATATACAGTAAGCGGCCAAGCGAAAGCATTAAGTATTCCACCTGGGGAGTACGCCGGCAACGGTGAAACTCAAAGGAATTGACGGGGGCCCGCACAAGCGGAGGAACATGTGGTTTAATTCGATGATACGCGAGGAACCTTACCCGGGCTTAAATTGCATTTGAATAATCTGGAAACAGGTTAGCCGCAAGGCAA","GATTAGATACCCTGGGTAGTCCACGCCGTAAACGATGAATACTAGGTGTCGGGGAGCAAAGCTCTTCGGTGCCGTCGCAAACGCAGTAAGTATTCCACCTGGGGAGTACGTTCGCAAGAATGAAACTCAAAGGAATTGACGGGACCCGCACAAGCGGTGGAGCATGTGGTTTAATTCGAAGCAACGCGAAGAACCTTACCAAGTCTTGACATCCGCCTGACCGATCCTTAACCGGATCTTTCCTTCGGGA","GATTAGATACCCTGGGTAGTCCACGCCGTAAACGATGAATACTAGGTGTCGGGGCCGTAGAGGCTTCGGTGCCGCAGCCAACGCAGTAAGTATTCCACCTGGGGAGTACGTTCGCAAGAATGAAACTCAAAGGAATTGACGGGACCCGCACAAGCGGTGGAGCATGTGGTTTAATTCGAAGCAACGCGAAGAACCTTACCTGGTCTTGACATCCTTCTGACCGGTCCTTAACCGGACCTTTCCTTCGGGA","GATTAGATACCCTTGGTAGTCCACGCCGTAAACGATGAATACTAGGTGTTGGGTTCCAAAGGGACTCGGTGCCGTCGCAAACGCATTAAGTATTCCACCTGGGGAGTACGTTCGCAAGAATGAAACTCAAAGGAATTGACGGGGACCCGCACAAGCGGTGGAGCATGTGGTTTAATTCGAAGCAACGCGAAAACCTTACCAAGTCTTGACATCCTGATGACGGTTTCTTAACCGAAACTTCTCTTCGGAG","GATTAGATACCCTTGGTAGTCCACGCGGTAAACGATGAATGCTAGGTGTCGGGTGACAAAGTCATTCGGTGCCGCCGCAAACGCATTAAGCATTCCACCTGGGGAGTACGTTCGCAAGAATGAAACTCAAAGGAATTGACGGGGACCCGCACAAGCGGTGGAGCATGTGGTTTAATTCGAAGCAACGCGAAGAACCTTACCAAGTCTTGACATCCCTCTGACCGGAACTTAACCGTTCCTTCCCTTCGGG","GATTAGATACCCTTGGTAGTCCACGCTGTAAACGATGATTACTAGGTGTGGGGGTCTGACCCCTTCCGTGCCGGAGTTAACACAATAAGTAATCCACCTGGGGAGTACGACCGCAAGGTTGAAACTCAAAGGAATTGACGGGGCCCGCACAAGCAGTGGAGTATGTGGTTTAATTCGAAGCAACGCGAAGAACCTTACCAGGTCTTGACATCGAGTGACGAATCTAGAGATAGATTTTTCCTTCGGGACA","GATTAGATACCCTGGGTAGTCCATGCTGTAAACGATGAATGCTAGTTGTCGGCAAAAGCCGGTGACGCAGTTAACGCGATAAGCATTCCGCCTGGGGAGTACGGTCGCAAGATTAAAACTCAAAGGAATTGACGGGGACCCGCACAAGCGGTGGAGCATGTGGTTTAATTCGATGCAACGCGAAGAACCTTACCAACTCTTGACATCCTCATCGGGGCTTTCAGAGATGAGAGCTTTCAGTTAGGCTGGA","GATTAGATACCCTGGGTAGTCCACGCCGTAAACGATGAATACTAGGTGTCGGGGCCGTAGAGGCTTCGGTGCCGCAGCCAACGCAGTAAGTATTCCACCTGGGGAGTACGTTCGCAAGAATGAAACTCAAAGGAATTGACGGGGACCCGCACAAGCGGTGGAGCATGTGGTTTAATTCGAAGCAACGCGAAGAACCTTACCTGGTCTTGACATCCTTCTGACCGACTCTTAACCGAGTCTTTCCTTCGGG","GATTAGATACCCTGGGTAGTCCACACGGTAAACGATGAATACTCGCTGTTTGCGATATACAGCAAGCGGCCAAGCGAAAGCGTTAAGTATTCCACCTGGGGAGTACGCCGGCAACGGTGAAACTCAAAGGAATTGACGGGGCCCGCACAAGCGGAGGAACATGTGGTTTAATTCGATGATACGCGAGGAACCTTACCCGGGCTTAAATTGCAACCGAATATATCGGAAACGTTATAGCTAGCAATAGCGG","GATTAGATACCCTGGGTAGTCCCAGCCGTAAACGATGGACGCTAGGTGTGGGGGGACGATCCCCCCGTGCCGCAGCCAACGCATTAAGCGTCCCGCCTGGGGAGTACGGCCGCAAGGCTAAAACTCAAAGGAATTGACGGGGCCCGCACAAGCAGCGGAGCATGTGGCTTAATTCGAAGCAACGCGAAGAACCTTACCAGGGCTTGACATATGGGTGAAGCGGGGGAGACCCCGTGGCCGAGAGGAGCCC","AGGATTAGATACCCTTGGTAGTCCACGCTGTAAACGATGATTACTAGGTGTGGGGGATTGACCCCTTCCGTGCCGCAGTTAACACAATAAGTAATCCACCTGGGGAGTACGACCGCAAGGTTGAAACTCAAAGGAATTGACGGGGCCCGCACAAGCAGTGGAGTATGTGGTTTAATTCGAAGCAACGCGAAGAACCTTACCAGGTCTTGACATCGAGTGACGTATCCAGAGATGGATATTTCCTTCGGGA","AGGATTAGATACCCTTGGTAGTCCACACGGTAAACGATGAATACTCGCTGTTTGCGATATACAGCAAGCGGCCAAGCGAAAGCGTTAAGTATTCCACCTGGGGAGTACGCCGGCAACGGTGAAACTCAAAGGAATTGACGGGGGCCCGCACAAGCGGAGGAACATGTGGTTTAATTCGATGATACGCGAGGAACCTTACCCGGGCTTAAATTGCAGATGAATTACGGTGAAAGCCGTAAGCCGCAAGGCA","GGATTAGATACCCTTGGTAGTCCATGCCGTAAACGATGATTACTAGGTGTTGGAGGATTGACCCCTTCAGTGCCGCAGTTAACACAATAAGTAATCCACCTGGGGAGTACGACCGCAAGGTTGAAACTCAAAGGAATTGACGGGGCCCGCACAAGCAGTGGAGTATGTGGTTTAATTCGAAGCAACGCGAAGAACCTTACCAGGTCTTGACATCCGATGCATAGTGCAGAGATGCATGAAGTCCTTGGGA","GGATTAGATACCCTGGGTAGTCCACACAGTAAACGATGAATACTCGCTGTTTGCGATATACAGTAAGCGGCCAAGCGAAAGCATTAAGTATTCCACCTGGGGAGTACGCCGGCAACGGTGAAACTCAAAGGAATTGACGGGGGCCCGCACAAGCGGAGGAACATGTGGTTTAATTCGATGATACGCGAGGAACCTTACCCGGGCTTAAATTGCATTTGAATATATTGGAAACAGTATAGCCGTAAGGCAA","GGATTAGATACCCTTGGTAGTCCACGCTGTAAACGATGAATACTAGGTGTAGGGGGTATCAACTCCCTCTGTGCCGCAGCAAACGCAATAAGTATTCCGCCTGGGGAGTACGGCCGCAAGGTTGAAACTCAAAGGAATTGACGGGGGCCCGCACAAGCAGCGGAGCATGTGGTTTAATTCGACGCAACGCGAAGAACCTTACCAAGGCTTGACATCTACTTAAAGTCATGGAAACATGATGTCTCTTCGG","AGGATTAGATACCCTGGGTAGTCCACACTGTAAACGATGATAGCTAGGTGTGGGGGTCTGACCCCTTCCGTGCCGGAGTTAACGCAATAAGCTATCCACCTGGGGAGTACGACCGCAAGGTTGAAACTCAAAGGAATTGACGGGGCCCGCACAAGCAGTGGATTATGTGGTTTAATTCGAAGCAACGCGAAGAACCTTACCAGGTCTTGACATCCGACTAACGAGATAGAGATATGTCAGGTGCCCTTCG","GATTAGATACCCTGGGTAGTCCACACAGTAAACGATGAATACTCGCTGTTTGCGATATACAGTAAGCGGCCAAGCGAAAGCATTAAGTATTCCACCTGGGGAGTACGCCGGCAACGGTGAAACTCAAAGGAATTGACGGGGCCCGCACAAGCGGAGGAACATGTGGTTTAATTCGATGATACGCGAGGAACCTTACCCGGGCTTAAATTGCAACAGAATATATTGGAAACAGTATAGCCGTAAGGCTGTT","GATTAGATACCCTTGGTAGTCCACGCCGTAAACGATGAATACTAGGTGTCGGAAAGCACAGCTTTTCGGTGCCGCCGCAAACGCATTAAGTATTCCACCTGGGGAGTACGTTCGCAAGAATGAAACTCAAAGGAATTGACGGGGACCCGCACAAGCGGTGGAGCATGTGGTTTAATTCGAAGCAACGCGAAGAACCTTACCAAGTCTTGACATCCCGGTGACCGGACAGTAATGTGTCCTTTTCTTCGGA","AGGATTAGATACCCTTGGTAGTCCACGCCGTAAACGATGAATACTAGGTGTCGGGGCACATAAGTGCTTCGGTGCCGCAGCAAACGCAATAAGTATTCCACCTGGGGAGTACGTTCGCAAGAATGAAACTCAAAGGAATTGACGGGGACCCGCACAAGCGGTGGAGCATGTGGTTTAATTCGAAGCAACGCGAAGAACCTTACCAAGTCTTGACATCCCACTGACCGGACAGTAATGTGTCCTTCCCTTC","GATTAGATACCCTTGGTAGTCCACACAGTAAACGATGAATACTCGCTGTTTGCGATATACAGTAAGCGGCCAAGCGAAAGCATTAAGTATTCCACCTGGGGAGTACGCCGGCAACGGTGAAACTCAAAGGAATTGACGGGGGCCCGCACAAGCGGAGGAACATGTGGTTTAATTCGATGATACGCGAGGAACCTTACCCGGGCTTAAATTGCAGTGGAATGATGTGGAAACATGTCAGTGAGCAATCACC","GATTAGATACCCTTGGTAGTCCACACTGTAAACGATGAATACTAGGTGTGCGGGGACTGACCCCCTGCGTGCCGCAGTTAACACAATAAGTATTCCACCTGGGGAGTACGATCGCAAGGTTGAAACTCAAAGGAATTGACGGGGCCCGCACAAGCGGTGGATTATGTGGTTTAATTCGAAGCAACGCGAAGAACCTTACCAGGGTTTGACATCCTGCTAACGAAGTAGAGATACATTAGGTGCCCTTCGG","GATTAGATACCCTGGGTAGTCCACGCAGTAAACGATGATAACTCGTTGTCGGCGATACACAGTCGGTGACTAAGCGAAAGCGATAAGTTATCCACCTGGGGAGTACGTTCGCAAGAATGAAACTCAAAGGAATTGACGGGGGCCCGCACAAGCGGAGGAACATGTGGTTTAATTCGATGATACGCGAGGAACCTTACCCGGGCTTGAAAGTTAGTGACGATTCTGGAAACAGGATTTCCCTTCGGGGCAC","GGATTAGATACCCTTGGTAGTCCATGCCGTAAACGATGATTACTAGGTGTGGGAGGATTGACCCCTTCCGTGCCGCAGTTAACACAATAAGTAATCCACCTGGGGAGTACGACCGCAAGGTTGAAACTCAAAGGAATTGACGGGGCCCGCACAAGCAGTGGAGTATGTGGTTTAATTCGAAGCAACGCGAAGAACCTTACCAGGTCTTGACATCGGATGCATACCTAAGAGATTAGGGAAGTCCTTCGGG","GATTAGATACCCTGGGTAGTCCACGCCGTAAACGATGACTACTAGGTGTCGGGCAGCAAAGCTGTTCGGTGCCGCAGCAAACGCAATAAGTAGTCCACCTGGGGAGTACGTTCGCAAGAATGAAACTCAAAGGAATTGACGGGGACCCGCACAAGCGGTGGAGCATGTGGTTTAATTCGAAGCAACGCGAAGAACCTTACCTGCTCTTGACATCTCCCTGACCGGCAAGTAATGTTGCCTTTCCTTCAGG","GGATTAGATACCCTGGGTAGTCCACGCCGTAAACGATGAATACTAGGTGTCGGGGGACAAAGTCCTTCGGTGCCGCCGCAAACGCAATAAGTATTCCACCTGGGGAGTACGTTCGCAAGAATGAAACTCAAAGGAATTGACGGGACCCGCACAAGCGGTGGAGCATGTGGTTTAATTCGAAGCAACGCGAAGAACCTTACCAAATCTTGACATCCCTCTGAAAAGCCTTTAATCGGGCTCCTCCTTCGGG","GGATTAGATACCCTTGGTAGTCCACACCGTAAACGATGGATACTAGGTGTAGGAAATGATTTCATTTTCTGTGCCGTCGCAAACACAATAAGTATCCCACCTGGGGAGTACGGCCGCAAGGTTGAAACTCAAAGGAATTGACGGGGCCCGCACAAGCAGTGGAGTATGTGGTTTAATTCGAAGCAACGCGAAGAACCTTACCAGGGCTTGACATATAGATGAATAACTAAGAGATTAGTTAGTCCTTCGG","GGATTAGATACCCTTGGTAGTCCACGCAGTAAACGATGATTACTAGGAGTTTGCGATACACAGTAAGCTCTACAGCGAAAGCGTTAAGTAATCCACCTGGGGAGTACGCCGGCAACGGTGAAACTCAAAGGAATTGACGGGGCCCGCACAAGCGGAGGAACATGTGGTTTAATTCGATGATACGCGAGGAACCTTACCCGGGTTTGAACGTAGTCAGACCGACCTTGAAAGAGGTTTTCTAGCAATAGCT","GATTAGATACCCTTGGTAGTCCATGCCGTAAACGATGAGTGCTAGGTGTTGGATCCTTTCCGGGATTCAGTGCCGCAGCTAACGCATTAAGCACTCCGCCTGGGGAGTACGACCGCAAGGTTGAAACTCAAAGGAATTGACGGGGGCCCGCACAAGCGGTGGAGCATGTGGTTTAATTCGAAGCAACGCGAAGAACCTTACCAGGTCTTGACATCCCGATGCTATTTCTAGAGATAGAAAGTTACTTCGG","GATTAGATACCCTGGGTAGTCCACGCTGTAAACGATGAATACTAGGTGTGGGGGACTGACCCCTTCCGTGCCGCAGTTAACACAATAAGTATTCCACCTGGGGAGTACGACCGCAAGGTTGAAACTCAAAGGAATTGACGGGGCCCGCACAAGCAGTGGATTATGTGGTTTAATTCGACGCAACGCGAAGAACCTTACCGGGATTTGACATCCTACTAACGAAGTAGAGATACATTAGGTGCCCTTCGGG","GATTAGATACCCTTGGTAGTCCACACAGTAAACGATGAATACTCGCTGTTTGCGATATACAGTAAGCGGCCAAGCGAAAGCATTAAGTATTCCACCTGGGGAGTACGCCGGCAACGGTGAAACTCAAAGGAATTGACGGGGGCCCGCACAAGCGGAGGAACATGTGGTTTAATTCGATGATACGCGAGGAACCTTACCCGGGCTTAAATTGCATTTGAATATATTGGAAACAGTATAGTCGTAAGACAAA","GATTAGATACCCTTGGTAGTCCACGCCGTAAACGATGAATACTAGGTGTCGGGGCCGTAGAGGCTTCGGTGCCGCAGCCAACGCAGTAAGTATTCCACCTGGGGAGTACGTTCGCAAGAATGAAACTCAAAGGAATTGACGGGGACCCGCACAAGCGGTGGAGCATGTGGTTTAATTCGAAGCAACGCGAAGAACCTTACCTGGTCTTGACATCCTTCTGACCGGTCCTTAACCGGACCTTTCCTTCGGG","GATTAGATACCCTGGGTAGTCCGCGCGGTAAACGATGGATGCCCGCTGTGGCGCGCCTGGCGTGCCGCGGCTAAGCGAAAGCATTAAGCATCCCACCTGGGGAGTACGCCGGCAACGGTGAAACTCAAAGGAATTGACGGGGGCCCGCACAAGCGGAGGAACATGTGGTTTAATTCGATGATACGCGAGGAACCTTACCCGGGCTTGAACTGCAGGAGAACGATTCAGAGATGATGAGGTCCTTCGGGAC","GATTAGATACCCTTGGTAGTCCACACAGTAAACGATGAATACTCGCTGTTTGCGATATACAGTAAGCGGCCAAGCGAAAGCATTAAGTATTCCACCTGGGGAGTACGCCGGCAACGGTGAAACTCAAAGGAATTGACGGGGGCCCGCACAAGCGGAGGAACATGTGGTTTAATTCGATGATACGCGAGGAACCTTACCCGGGCTTAAATTGCAACAGAATATATTGGAAACAGTATAGCCGTAAGGCTGT","GATTAGATACCCTGGGTAGTCCACACTGTAAACGATGATAGCTAGGTGTGGGGGTCTGACCCCTTCCGTGCCGGAGTTAACGCAATAAGCTATCCACCTGGGGAGTACGACCGCAAGGTTGAAACTCAAAGGAATTGACGGGGCCCGCACAAGCAGTGGATTATGTGGTTTAATTCGAAGCAACGCGAAGAACCTTACCAGGTCTTGACATCCGACTAACGAGATAGAGATATGTCAGGTGCCCTTCGGG","GATTAGATACCCTTGGTAGTCCACACTGTAAACGATGATTACTAGGTGTTGGAGGATTGACCCCTTCAGTGCCGCAGTTAACACAATAAGTAATCCACCTGGGGAGTACGACCGCAAGGTTGAAACTCAAAGGAATTGACGGGGGCCCGCACAAGCAGTGGAGTATGTGGTTTAATTCGACGCAACGCGAAGAACCTTACCAAGTCTTGACATCCTGCGACGGTGCTGGAAACAGTACTTTCCTTCGGGA","GATTAGATACCCTGGGTAGTCCACGCCGTAAACGATGAATACTAGGTGTCGGGTGGCATGGCCATTCGGTGCCGTCGCAAACGCAGTAAGTATTCCACCTGGGGAGTACGTTCGCAAGAATGAAACTCAAAGGAATTGACGGGGACCCGCACAAGCGGTGGAGCATGTGGTTTAATTCGAAGCAACGCGAAGAACCTTACCAAGTCTTGACATCCCTCTGACCGACTCTTAACCGAGTCTTTCCTTCGGG","GGATTAGATACCCTGGGTAGTCCACGCCGTAAACGATGAATACTAGGTGTCGGGGCTCATAAGAGCTTCGGTGCCGCAGCAAACGCAATAAGTATTCCACCTGGGGAGTACGTTCGCAAGAATGAAACTCAAAGGAATTGACGGGGACCCGCACAAGCGGTGGAGCATGTGGTTTAATTCGAAGCAACGCGAAGAACCTTACCAAGTCTTGACATCCTCTTGCCCGGTCAGTAATGTGGCCTTTTCTTCG","GGATTAGATACCCTGGGTAGTCCACGCCGTAAACGATGGATACTAGGTGTGGGGGGTCTGACCCCCTCCGTGCCGCAGTTAACACAATAAGTATCCCACCTGGGGAGTACGATCGCAAGGTTGAAACTCAAAGGAATTGACGGGGCCCGCACAAGCGGTGGAGTATGTGGTTTAATTCGAAGCAACGCGAAGAACCTTACCAGGGCTTGACATCCCACTAACGAAGCAGAGATGCATTAGGTGCCCTTCG","GGATTAGATACCCTGGGTAGTCCACGCCGTAAACGGTGGACGCTGGATGTGGGGCACGTTCCACGTGTTCCGTGTCGGAGCTAACGCGTTAAGCGTCCCGCCTGGGGAGTACGGCCGCAAGGCTAAAACTCAAAGAAATTGACGGGGCCCGCACAAGCGGCGGAGCATGCGGATTAATTCGATGCAACGCGAAGAACCTTACCTGGGCTTGACATGTTCCCGACGACGCCAGAGATGGCGTTTCCCTTCG","GGATTAGATACCCTGGGTAGTCCACGCGGTAAACGATGAATACTAGATGTCGGGTAGCAAAGCTATTCGGTGTCGTCGCAAACGCAATAAGTATTCCACCTGGGGAGTACGTTCGCAAGAATGAAACTCAAAGGAATTGACGGGGACCCGCACAAGCGGTGGAGCATGTGGTTTAATTCGAAGCAACGCGAAGAACCTTACCTGCTCTTGACATCCCATTCGATAGAGGGTAATGCCTCTAGCCCTTCGG","GGATTAGATACCCTTGGTAGTCCACGCCGTAAACGATGAATACTAGGTGTCGGGGGACAAAGTCCTTCGGTGCCGCCGCAAACGCAATAAGTATTCCACCTGGGGAGTACGTTCGCAAGAATGAAACTCAAAGGAATTGACGGGACCCGCACAAGCGGTGGAGCATGTGGTTTAATTCGAAGCAACGCGAAGAACCTTACCAAATCTTGACATCCCTCTGAAAAGCCTTTAATCGGGCTCCTCCTTCGGG","GGATTAGATACCCTTGGTAGTCCACACCGTAAACGATGGATACTAGGTGTAGGCGAGATATCGTCTGTGCCGGCGCAAACGCAATAAGTATCCCACCTGGGGAGTACGGCCGCAAGGTTGAAACTCAAAGGAATTGACGGGGCCCGCACAAGCAGTGGAGTATGTGGTTTAATTCGACGCAACGCGAAGAACCTTACCAAGACTTGACATATACATGAAAGCCTAAGAGATTAGGCCCCTCTTCGGAGCG","GGATTAGATACCCTTGGTAGTCCACGCCCTAAACGATGTCTACTGGTTGTTGGGGTTTTTAACCTTGGTAACGAAGCTAACGCGTGAAGTAGACCGCCTGGGGAGTACGGTCGCAAGATTAAAACTCAAAGGAATTGACGGGGACCCGCACAAGCGGTGGATGATGTGGATTAATTCGATGCAACGCGAAAACCTTACCTAGCCTTGACATGCCAGGAATCCTGAAGAGATTCGGGAGTGCCCGCAAGGG","AGGATTAGATACCCTTGGTAGTCCACGCCGTAAACGATGACTACTAGGTGTCGGGGAGCAAAGCTCTTCGGTGCCGCAGCAAACGCAATAAGTAGTCCACCTGGGGAGTACGTTCGCAAGAATGAAACTCAAAGGAATTGACGGGACCCGCACAAGCGGTGGAGCATGTGGTTTAATTCGAAGCAACGCGAAGAACCTTACCTGCTCTTGACATCCCGGTGACCGGCATGTAATGATGCCTTTTCTTCGG","AGGATTAGATACCCTGGGTAGTCCACGCCGTAAACGGTGGATGCTGGATGTGGGGCCCGTTCCACGGGTTCCGTGTCGGAGCTAACGCGTTAAGCATCCCGCCTGGGGAGTACGGCCGCAAGGCTAAAACTCAAAGAAATTGACGGGGCCCGCACAAGCGGCGGAGCATGCGGATTAATTCGATGCAACGCGAAGAACCTTACCTGGGCTTGACATGTTCCCGACAGCCGTAGAGATATGGCCTCCCTTC","GATTAGATACCCTGGGTAGTCCACGCTGTAAACGCTGTCGATTTGGGGATTGGGCTTAATGCTTGGTGCCCGTAGCTAACGTGATAAATCGACCGCCTGGGGAGTACGGCCGCAAGGTTAAAACTCAAATGAATTGACGGGGCCCGCACAAGCGGTGGAGCATGTGGTTTAATTCGATGCAACGCGAAGAACCTTACCTACTCTTGACATCCAGAGAACTTTTCAGAGATGAATTGGTGCCTTCGGGAGC","GATTAGATACCCTGGGTAGTCCACGCCGTAAACGATGAATACTAGGTGTCGGGGAGCATTGCTCTTCGGTGCCGCAGCAAACGCAATAAGTATTCCACCTGGGGAGTACGTTCGCAAGAATGAAACTCAAAGGAATTGACGGGGACCCGCACAAGCGGTGGAGCATGTGGTTTAATTCGAAGCAACGCGAAGAACCTTACCAAGTCTTGACATCCCGATGACAAACTATGTAATGTACTTTCTCTTCGGA","GATTAGATACCCTGGGTAGTCCATGCCGTAAACGATGATTACTAGGTGTTGGAGGATTGACCCCTTCAGTGCCGCAGTTAACACAATAAGTAATCCACCTGGGGAGTACGACCGCAAGGTTGAAACTCAAAGGAATTGACGGGGCCCGCACAAGCAGTGGAGTATGTGGTTTAATTCGAAGCAACGCGAAGAACCTTACCAGGTCTTGACATCCGATGCATAGCTTAGAGATAAGTGAAGTCCTTCGGGA","GATTAGATACCCTGGGTAGTCCACACCGTAAACGATGATTACTAGGTGTTGGAGGATTGACCCCTTCAGTGCCGCAGTTAACACAATAAGTAATCCACCTGGGGAGTACGACCGCAAGGTTGAAACTCAAAGGAATTGACGGGGCCCGCACAAGCAGTGGAGTATGTGGTTTAATTCGACGCAACGCGAAGAACCTTACCAAGTCTTGACATCCTGCGACGTGCATAGAAATATGTATTTCCTTCGGGAC","AGGATTAGATACCCTGGGTAGTCCATGCCGTAAACGATGATTACTAGGTGTTGGAGGATTGACCCCTTCAGTGCCGCAGTTAACACAATAAGTAATCCACCTGGGGAGTACGACCGCAAGGTTGAAACTCAAAGGAATTGACGGGGCCCGCACAAGCAGTGGAGTATGTGGTTTAATTCGAAGCAACGCGAAGAACCTTACCAGGTCTTGACATCCGATGCATAGCATAGAGATATGTGAAGTCTTTCGG","AGGATTAGATACCCTTGGTAGTCCACGCCGTAAACGATGAATACTAGGTGTCGGGGAGCACAGCTCTTCGGTGCCGCAGCAAACGCAGTAAGTATTCCACCTGGGGAGTACGTTCGCAAGAATGAAACTCAAAGGAATTGACGGGGACCCGCACAAGCGGTGGAGCATGTGGTTTAATTCGAAGCAACGCGAAGAACCTTACCAAGTCTTGACATCCTTCTGACAGAGTATGTAATGTACTTTCCCTTCG","GATTAGATACCCTTGGTAGTCCGCACAGTAAACGATGAATACTCGCGATTTGCGATACACAGTAAGTCGCCAAGCGAAAGCGTTAAGTATTCCACCTGGGGAGTACGCCGGCAACGGTGAAACTCAAAGGAATTGACGGGGGCCCGCACAAGCGGAGGAACATGTGGTTTAATTCGATGATACGCGAGGAACCTTACCCGGGCTTGAATTGCAGAGGAAGGATTTGGAGACAATGACGCCCTTCGGGGTC","GGATTAGATACCCTTGGTAGTCCACGCCGTAAACGATGAATACTAGGTGTTGGTGGGCAAAGCCCATCGGTGCCGCCGCAAACGCAATAAGTATTCCACCTGGGGAGTACGTTCGCAAGAATGAAACTCAAAGGAATTGACGGGGACCCGCACAAGCGGTGGAGCATGTGGTTTAATTCGAAGCAACGCGAAGAACCTTACCAAGTCTTGACATCCTTCTGACCGGACAGTAACGTGTCCTTCCCTTCGG","GGATTAGATACCCTTGGTAGTCCACGCCCTAAACGATGTCGACTAGTTGTTGGGTCTTAATTGACTTAGTAACGCAGCTAACGCGTGAAGTCGACCGCCTGGGGAGTACGGTCGCAAGATTAAAACTCAAAGGAATTGACGGGACCCGCACAAGCGGTGGATGATGTGGATTAATTCGATGCAACGCGAAAAACCTTACCTACCCTTGACATGTCAGGAACCCTGAAGAGATTCGGGGGTGCTCGAAAGA","GGATTAGATACCCTTGGTAGTCCACGCAGTAAACGATGATTACTAGCTGTTTGCGATACACAGTAAGCGGCACAGCGAAAGCGTTAAGTAATCCACCTGGGGAGTACGCCGGCAACGGTGAAACTCAAAGGAATTGACGGGGGCCCGCACAAGCGGAGGAACATGTGGTTTAATTCGATGATACGCGAGGAACCTTACCCGGGTTTGAACGCATTCGGACCGGAGTGGAAACACTTCTTCTAGCAATAGC","GGATTAGATACCCTGGGTAGTCCACGCCGTAAACGATGAATACTAGGTGTTGGGTTCCAAAGGGACTCGGTGCCGTCGCAAACGCATTAAGTATTCCACCTGGGGAGTACGTTCGCAAGAATGAAACTCAAAGGAATTGACGGGACCCGCACAAGCGGTGGAGCATGTGGTTTAATTCGAAGCAACGCGAAAAACCTTACCAAGTCTTGACATCCTGATGACAGTTTCTTAACCGGAACTTCTCTTCGGA","GATTAGATACCCTGGGTAGTCCACGCCGTAAACGATGAATACTAGGTGTCGGGTGGCAAAGCCATTCGGTGCCGTCGCAAACGCAGTAAGTATTCCACCTGGGGAGTACGTTCGCAAGAATGAAACTCAAAGGAATTGACGGGACCCGCACAAGCGGTGGAGCATGTGGTTTAATTCGAAGCAACGCGAAGAACCTTACCAAGTCTTGACATCCGCCTGACCGATCCATAACCGGATCTTTCCTTCGGGA","GATTAGATACCCTGGGTAGTCCACGCCGTAAACGATGTCGATTTGGAGGTTGTGCCCTTGAGGCGTGGCTTCCGGAGCTAACGCGTTAAATCGACCGCCTGGGGAGTACGGCCGCAAGGTTAAAACTCAAATGAATTGACGGGGCCCGCACAAGCGGTGGAGCATGTGGTTTAATTCGATGCAACGCGAAGAACCTTACCTGGTCTTGACATCCACAGAACTTAGCAGAGATGCTTTGGTGCCTTCGGGA","GATTAGATACCCTTGGTAGTCCACGCCGTAAACGATGAATACTAGGTGTCGGGAAGCACAGCTTTTCGGTGCCGCCGCAAACGCATTAAGTATTCCACCTGGGGAGTACGTTCGCAAGAATGAAACTCAAAGGAATTGACGGGACCCGCACAAGCGGTGGAGCATGTGGTTTAATTCGAAGCAACGCGAAGAACCTTACCAAGTCTTGACATCCCGGTGACCGGACAGTAATGTGTCCTTTTCTTCGGAA","GATTAGATACCCTTGGTAGTCCATGCCGTAAACGATGATTACTAGGTGTGGGAGGATTGACCCCTTCCGTGCCGCAGTTAACACAATAAGTAATCCACCTGGGGAGTACGACCGCAAGGTTGAAACTCAAAGGAATTGACGGGGCCCGCACAAGCAGTGGAGTATGTGGTTTAATTCGAAGCAACGCGAAGAACCTTACCAGGTCTTGACATCGGATGCATACCTAAGAGATTAGGGAAGTCCTTCGGGA","GATTAGATACCCTGGGTAGTCCACGCCGTAAACGATGAATACTAGGTGTCGGGGCCGTAGAGGCTTCGGTGCCGCAGCCAACGCAGTAAGTATTCCACCTGGGGAGTACGTTCGCAAGAATGAAACTCAAAGGAATTGACGGGGACCCGCACAAGCGGTGGAGCATGTGGTTTAATTCGAAGCAACGCGAAGAACCTTACCTGGTCTTGACATCCTTCTGACCGGTCCTTAACCGGACCTTTCCTTCGGG","GATTAGATACCCTGGGTAGTCCGCACGGTAAACGATGGATGCCCGCTGTTGGTCTGAATAGGTCAGCGGCCAAGCGAAAGCATTAAGCATCCCACCTGGGGAGTACGCCGGCAACGGTGAAACTCAAAGGAATTGACGGGGGCCCGCACAAGCGGAGGAACATGTGGTTTAATTCGATGATACGCGAGGAACCTTACCCGGGCTTGAATTGCAGAGGAAGGATTTGGAGACAATGACGCCTCGGTCGTCG","AGGATTAGATACCCTTGGTAGTCCACGCCGTAAACGATGGATACTAGGTGTAGGAGGTATCGACCCCTCCTGTGCCGGAGTTAACGCAATAAGTATCCCGCCTGGGAAGTACGATCGCAAGATTAAAACTCAAAGGAATTGACGGGGCCCGCACAAGCGGTGGAGTATGTGGTTTAATTCGACGCAACGCGAAGAACCTTACCAGGTCTTGACATTGATCGCGATCTGCAGAAATGCGGAGTTCTTCTTC","GGATTAGATACCCTGGGTAGTCCACACAGTAAACGATGAATACTCGCTGTTTGCGATATACAGTAAGCGGCCAAGCGAAAGCATTAAGTATTCCACCTGGGGAGTACGCCGGCAACGGTGAAACTCAAAGGAATTGACGGGGGCCCGCACAAGCGGAGGAACATGTGGTTTAATTCGATGATACGCGAGGAACCTTACCCGGGCTTAAATTGCATTTGAATATATTGGAAACAGTATAGTCGTAAGACAA","GGATTAGATACCCTGGGTAGTCCACGCTGTAAACGATGAATACTAGGTGTGGGAGGACTGACCCCTTCCGTGCCGCAGTTAACACAATAAGTATTCCACCTGGGGAGTACGATCGCAAGATTGAAACTCAAAGGAATTGACGGGGCCCGCACAAGCAGTGGATTATGTGGTTTAATTCGACGCAACGCGAAGAACCTTACCGGGATTTGACATCCTACTAACGAAGTAGAGATACATTAGGTGCCCTTCG","GGATTAGATACCCTTGGTAGTCCACGCCGTAAACGATGACTACTAGGTGTCGGGTAGCAAAGCTATTCGGTGCCGCAGCAAACGCAATAAGTAGTCCACCTGGGGAGTACGTTCGCAAGAATGAAACTCAAAGGAATTGACGGGGACCCGCACAAGCGGTGGAGCATGTGGTTTAATTCGAAGCAACGCGAAGAACCTTACCTGATCTTGACATCCCGATGCCCGCTCCGTAATGGGAGTTTTTCTTCGG","GGATTAGATACCCTTGGTAGTCCACGCCGTAAACGATGATTACTAGGTGCTGGTGGGTACGACCCATCGGTGCCGCAGCAAACGCAATAAGTAATCCACCTGGGGAGTACGTTCGCAAGAATGAAACTCAAAGGAATTGACGGGGACCCGCACAAGCGGTGGAGCATGTGGTTTAATTCGAAGCAACGCGAAGAACCTTACCTGGTCTTGACATCCCTATGAATAACGGGCAATGCCGTTAGTACTTCGG","GATTAGATACCCTGGGTAGTCCACGCCGTAAACGATGAATACTAGGTGTCGGGGAACAATCGTTCTTCGGTGCCGCAGCAAACGCAATAAGTATTCCACCTGGGGAGTACGTTCGCAAGAATGAAACTCAAAGGAATTGACGGGGACCCGCACAAGCGGTGGAGCATGTGGTTTAATTCGAAGCAACGCGAAGAACCTTACCTGGTCTTGACATCCGTGTGACCGGTCAGTAATGTGACCTTTCCTTCGG","AGGATTAGATACCCTTGGTAGTCCACGCCGTAAACGATGAATACTAGGTGTCGGGGCACAAAAGTGCTTCGGTGCCGCAGCCAACGCAATAAGTATTCCACCTGGGGAGTACGTTCGCAAGAATGAAACTCAAAGGAATTGACGGGGACCCGCACAAGCGGTGGAGCATGTGGTTTAATTCGAAGCAACGCGAAGAACCTTACCAGGTCTTGACATCCTCTTGACCGATGCTTAATCGTATCTTCTCTTC","GATTAGATACCCTTGGTAGTCCACGCCGTAAACGATGAATACTAGGTGTCGGGGCTCATAAGAGCTTCGGTGCCGCAGCAAACGCAATAAGTATTCCACCTGGGGAGTACGTTCGCAAGAATGAAACTCAAAGGAATTGACGGGGACCCGCACAAGCGGTGGAGCATGTGGTTTAATTCGAAGCAACGCGAAGAACCTTACCAAGTCTTGACATCCTCTTGACCGGTCAGTAATGTGGCCTTTTCTTCGG","GATTAGATACCCTTGGTAGTCCACGCCGTAAACGATGAATACTAGGTGTCGGGCAGCATAGCTGTTCGGTGCCGCAGCAAACGCATTAAGTATTCCACCTGGGGAGTACGTTCGCAAGAATGAAACTCAAAGGAATTGACGGGGACCCGCACAAGCGGTGGAGCATGTGGTTTAATTCGAAGCAACGCGAAGAACCTTACCAGGTCTTGACATCCCGATGACGGTTCCTTAATCGGAATTTTTCTTCGGA","GATTAGATACCCTGGGTAGTCCGCACGGTAAACGATGGATGCCCGCTGTTGGTCTGAATAGGTCAGCGGCCAAGCGAAAGCATTAAGCATCCCACCTGGGGAGTACGCCGGCAACGGTGAAACTCAAAGGAATTGACGGGGGCCCGCACAAGCGGAGGAACATGTGGTTTAATTCGATGATACGCGAGGAACCTTACCCGGGCTTGAACTGCCAGTGACGTATGCAGAGACGCATATTTCTTCGGACACT","AGGATTAGATACCCTTGGTAGTCCACGCCGTAAACGATGAATACTAGGTGTCGGGGCCCACAGGGCTTCGGTGCCGCAGCAAACGCATTAAGTATTCCACCTGGGGAGTACGTTCGCAAGAATGAAACTCAAAGGAATTGACGGGGACCCGCACAAGCGGTGGAGCATGTGGTTTAATTCGAAGCAACGCGAAGAACCTTACCAAGTCTTGACATCCTTCTGACCGTTCCTTAGCCGGAACTTCTCTTCG","GATTAGATACCCTTGGTAGTCCACGCCGTAAACGATGAATACTAGGTGTTGGGGCTCATAAGAGCTTCGGTGCCGCAGCAAACGCAATAAGTATTCCACCTGGGGAGTACGTTCGCAAGAATGAAACTCAAAGGAATTGACGGGGACCCGCACAAGCGGTGGAGCATGTGGTTTAATTCGAAGCAACGCGAAGAACCTTACCAAGTCTTGACATCCCACTGACCGGACAGTAATGTGTCCCTTTCTTCGG","GGATTAGATACCCTGGGTAGTCCACGCCGTAAACGATGAATACTAGGTGTCGGGTGGCAGAGCCATTCGGTGCCGTCGCAAACGCAGTAAGTATTCCACCTGGGGAGTACGTTCGCAAGAATGAAACTCAAAGGAATTGACGGGGACCCGCACAAGCGGTGGAGCATGTGGTTTAATTCGAAGCAACGCGAAGAACCTTACCAAATCTTGACATCCCTCTGACCGGTCTTTAATCGGACCTTCTCTTCGG","GGATTAGATACCCTTGGTAGTCCACACGGTAAACGATGAATACTCGCTGTTTGCGATATACAGCAAGCGGCCAAGCGAAAGCGTTAAGTATTCCACCTGGGGAGTACGCCGGCAACGGTGAAACTCAAAGGAATTGACGGGGCCCGCACAAGCGGAGGAACATGTGGTTTAATTCGATGATACGCGAGGAACCTTACCCGGGCTTAAATTGCAGATGAATTACGGTGAAAGCCGTAAGCCGCAAGGCATC","AGGATTAGATACCCTTGGTAGTCCACGCCGTAAACGATGAATACTAGGTGTCGGGGCCGTAGAGGCTTCGGTGCCGCAGCCAACGCAGTAAGTATTCCACCTGGGGAGTACGTTCGCAAGAATGAAACTCAAAGGAATTGACGGGACCCGCACAAGCGGTGGAGCATGTGGTTTAATTCGAAGCAACGCGAAGAACCTTACCTGGTCTTGACATCCTTCTGACCGGTCCTTAACCGGACCTTTCCTTCGG","GGATTAGATACCCTGGGTAGTCCACGCCCTAAACGATGGATACTGGACGAAGCGGATATAAAGTCTGCTGTGTCGAAGCAAACGCGATAAGTATCCCGCCTGAGGAGTACGGCCGCAAGGTTGAAACTCAAAGAAATTGACGGGGACCCGCACAAGCAGCGGAGCATGTGGATTAATTCGAAGCAACGCGAAGAACCTTACCAAGACTTGACATCGTACGACAGACTGTGAAAGCAGTTTTCCTTGGGAC","GGATTAGATACCCTGGGTAGTCCACACAGTAAACGATGAATACTCGCTGTTTGCGATATACAGTAAGCGGCCAAGCGAAAGCATTAAGTATTCCACCTGGGGAGTACGCCGGCAACGGTGAAACTCAAAGGAATTGACGGGGGCCCGCACAAGCGGAGGAACATGTGGTTTAATTCGATGATACGCGAGGAACCTTACCCGGGCTTAAATTGCAAATGAATTATGGGGAAACCCATACGCCGCAAGGCAT","GATTAGATACCCTGGGTAGTCCACGCCGTAAACGATGAATACTAGGTGTCGGGGGACAAAGTCCTTCGGTGCCGCCGCAAACGCAATAAGTATTCCACCTGGGGAGTACGTTCGCAAGAATGAAACTCAAAGGAATTGACGGGACCCGCACAAGCGGTGGAGCATGTGGTTTAATTCGAAGCAACGCGAAGAACCTTACCAAATCTTGACATCCCTCTGAAACACTCTTAATCGAGTGCCTCCTTCGGGA","AGGATTAGATACCCTGGGTAGTCCACACCGTAAACGATGAATACTAGGTGTTAGGAGGTTTCCGCCTCTTAGTGCCGAAGCTAACGCATTAAGTATTCCGCCTGGGGAGTACGACCGCAAGGTTGAAACTCAAAGGAATTGACGGGACCCGCACAAGCGGTGGAGCATGTGGTTTAATTCGAAGCAACGCGAAGAACCTTACCAGGTCTTGACATCCTTTGAAGCTTCTAGAGATAGAAGTGTTCTCTTC","AGGATTAGATACCCTTGGTAGTCCACGCTGTAAACGATGAATACTAGGTGTGGGGGGACTGACCCCCTCCGTGCCGCAGTTAACACAATAAGTATTCCACCTGGGGAGTACGGCCGCAAGGTTGAAACTCAAAGGAATTGACGGGGCCCGCACAAGCAGTGGATTATGTGGTTTAATTCGAAGCAACGCGAAGAACCTTACCAGGGCTTGACATCCAACTAACGAAGCAGAGATGCATTAGGTGCCCTTC","AGGATTAGATACCCTTGGTAGTCCACGCCGTAAACGATGAATACTAGGTGTTGGGGAGCATAAGCTCTTCGGTGCCGGCGCAAACGCATTAAGTATTCCACCTGGGGAGTACGTTCGCAAGAATGAAACTCAAAGGAATTGACGGGGACCCGCACAAGCGGTGGAGCATGTGGTTTAATTCGACGCAACGCGAAGAACCTTACCAAGTCTTGACATCCCGGTGACCGGATGGTAACGCATCCTTTTCTTC","AGGATTAGATACCCTGGGTAGTCCACGCCGTAAACGATGAATACTAGGTGTGGGGGACTGACCCCCTCCGTGCCGCAGTTAACACAATAAGTATTCCACCTGGGGAGTACGACCGCAAGGTTGAAACTCAAAGGAATTGACGGGGCCCGCACAAGCAGTGGATTATGTGGTTTAATTCGAAGCAACGCGAAGAACCTTACCAGGGCTTGACATCCAACTAACGAAGCAGAGATGCATTAGGTGCCCTTCG","GATTAGATACCCTGGGTAGTCCACGCCGTAAACGATGAATACTAGGTGTCGGGGAGCATTGCTCTTCGGTGCCGCAGCAAACGCAATAAGTATTCCACCTGGGGAGTACGTTCGCAAGAATGAAACTCAAAGGAATTGACGGGGACCCGCACAAGCGGTGGAGCATGTGGTTTAATTCGAAGCAACGCGAAGAACCTTACCAAGTCTTGACATCCCGATGACAAGCTATGTAATGTAGCCTCTCTTCGGA","GATTAGATACCCTGGGTAGTCCACGCGGTAAACGATGAATGCTAGGTGTCGGGTGACAAAGTCATTCGGTGCCGCCGCAAACGCATTAAGCATTCCACCTGGGGAGTACGTTCGCAAGAATGAAACTCAAAGGAATTGACGGGGACCCGCACAAGCGGTGGAGCATGTGGTTTAATTCGAAGCAACGCGAAGAACCTTACCAAGTCTTGACATCCCTCTGACCGGAACTTAACCGTTCCTTCCCTTCGGG","GATTAGATACCCTGGGTAGTCCACGCCGTAAACGATGAATACTAGGTGTTGGCAACCAAAGGTTGTCAGTGCCGCCGCAAACGCATTAAGTATTCCACCTGGGGAGTACGTTCGCAAGAATGAAACTCAAAGGAATTGACGGGGACCCGCACAAGCGGTGGAGCATGTGGTTTAATTCGAAGCAACGCGAAGAACCTTACCAAGTCTTGACATCCCACTGACCGGTTCGTAAATGAACCTTCTCTTCGGA","GATTAGATACCCTGGGTAGTCCACGCGGTAAACGATGGATGCTCGCTGTTTGCGTCTGACGTAAGCGGCCAAGCGAAAGCGTTAAGCATCCCACCTGGGGAGTACGCCGGCAACGGTGAAACTCAAAGGAATTGACGGGGGCCCGCACAAGCGGAGGAACATGTGGTTTAATTCGATGATACGCGAGGAACCTTACCCGGGCTTGAACTGCCGGCGAACGATACAGAGATGTTGAGGCCCTTCGGGGCGC","GATTAGATACCCTGGGTAGTCCACGCCGTAAACGATGAGTGCTAAGTGTTGGGGGTCGAACCTCAGTGCTGAAGTTAACGCATTAAGCACTCCGCCTGGGGAGTACGGTCGCAAGACTGAAACTCAAAGGAATTGACGGGGACCCGCACAAGCGGTGGAGCATGTGGTTTAATTCGAAGCAACGCGAAGAACCTTACCAGGTCTTGACATACCATTGACCGTTCTAGAGATAGGATTTTCCCTTCGGGGA","GGATTAGATACCCTGGGTAGTCCACGCCGTAAACGATGAATACTAGGTGTTGGTGAGCAAAGCTCATCGGTGCCGCCGCAAACGCAATAAGTATTCCACCTGGGGAGTACGTTCGCAAGAATGAAACTCAAAGGAATTGACGGGGACCCGCACAAGCGGTGGAGCATGTGGTTTAATTCGAAGCAACGCGAAGAACCTTACCAAATCTTGACATCCCTCTGAAAAGTCCTTAATCGGGCTCCTCCTTCGG","GATTAGATACCCTGGGTAGTCCCAGCCGTAAACGATGGACGCTAGGTGTGGGGGGACGATCCCCCCGTGCCGCAGCCAACGCATTAAGCGTCCCGCCTGGGGAGTACGGCCGCAAGGCTAAAACTCAAAGGAATTGACGGGGCCCGCACAAGCAGCGGAGCATGTGGCTTAATTCGAAGCAACGCGAAGAACCTTACCAGGGCTTGACATATGGGTGAGGCGGGGGAGACCCCGCGGCCGAGAGGAGCCC","GGATTAGATACCCTTGGTAGTCCACGCAGTAAACGATGATTACTAGGAGTTTGCGATACAATGTAAGCTCTACAGCGAAAGCGTTAAGTAATCCACCTGGGGAGTACGCCGGCAACGGTGAAACTCAAAGGAATTGACGGGGCCCGCACAAGCGGAGGAACATGTGGTTTAATTCGATGATACGCGAGGAACCTTACCCGGGTTTGAACGTAGTCTGACCGGAGTGGAAACACTCCTTCTAGCAATAGCA","GGATTAGATACCCTGGGTAGTCCACACCGTAAACGATGATTACTAGGTGTTGGAGGATTGACTCCTTCAGTGCCGCAGTTAACACAATAAGTAATCCACCTGGGGAGTACGACCGCAAGGTTGAAACTCAAAGGAATTGACGGGGCCCGCACAAGCAGTGGAGTATGTGGTTTAATTCGACGCAACGCGAAGAACCTTACCAAGTCTTGACATCCCTTGACGATGCTGGAAACAGCATTTCTCTTCGGAG","GGATTAGATACCCTGGGTAGTCCGCACGGTAAACGATGAATGCTCGCTATGGGCGATATATTGTCCGTGGCCAAGCGAAAGCGTTAAGCATTCCACCTGGGGAGTACGCCGGCAACGGTGAAACTCAAAGGAATTGACGGGGGCCCGCACAAGCGGAGGAACATGTGGTTTAATTCGATGATACGCGAGGAACCTTACCCGGGCTTGAATTGCAGGTGCATGAGTCAGAGACGGCTCTTTCCTTCGGGAC","GATTAGATACCCTGGGTAGTCCACGCCGTAAACGATGAGTGCTAGGTGTTAGGCCCTTTCCGGGGCTTAGTGCCGCAGCTAACGCATTAAGCACTCCGCCTGGGGAGTACGACCGCAAGGTTGAAACTCAAAGGAATTGACGGGGCCCGCACAAGCGGTGGAGCATGTGGTTTAATTCGAAGCAACGCGAAGAACCTTACCAGGTCTTGACATCCCGATGCTATTTCTAGAGATAGAAAGTTTCTTCGGA","AGGATTAGATACCCTGGGTAGTCCACGCTGTAAACGATGTCGATTTGGGGATTGGGCTTTAAGCTTGGTGCCCGTAGCTAACGTGATAAATCGACCGCCTGGGGAGTACGGCCGCAAGGTTAAAACTCAAATGAATTGACGGGGCCCGCACAAGCGGTGGAGCATGTGGTTTAATTCGATGCAACGCGAAGAACCTTACCTACTCTTGACATCCATGGAATCTTGTAGAGATACGAGAGTGCCTTCGGGA","AGGATTAGATACCCTGGGTAGTCCACGCCGTAAACGATGAATACTAGGTGTCGGGGAGCATTGCTCTTCGGTGCCGCAGCAAACGCAATAAGTATTCCACCTGGGGAGTACGTTCGCAAGAATGAAACTCAAAGGAATTGACGGGGACCCGCACAAGCGGTGGAGCATGTGGTTTAATTCGAAGCAACGCGAAGAACCTTACCAAGTCTTGACATCCCGATGACAAGCTATGTAATGTAGCCTCTCTTCG","GATTAGATACCCTGGGTAGTCCGCACAGTAAACGATGAATACTCGCGATTTGCGATACATTGTAAGTCGCCAAGCGAAAGCGTTAAGTATTCCACCTGGGGAGTACGCCGGCAACGGTGAAACTCAAAGGAATTGACGGGGGCCCGCACAAGCGGAGGAACATGTGGTTTAATTCGATGATACGCGAGGAACCTTACCCGGGCTTGAACTGCCAGTGACGTATGCAGAGACGCATATTTCTTCGGACACT","GATTAGATACCCTGGGTAGTCCACGCAGTAAACGATGATAACTCGCTGTCGGCGATACACGGTCGGCGGCTAAGCGAAAGCGATAAGTTATCCACCTGGGGAGTACGTTCGCAAGAATGAAACTCAAAGGAATTGACGGGGCCCGCACAAGCGGAGGAACATGTGGTTTAATTCGATGATACGCGAGGAACCTTACCCGGGCTTGAAAGTTACTGACGATTCTGGAAACAGGATTTCCCTTCGGGGCAGG","GATTAGATACCCTGGGTAGTCCACGCCGTAAACGATGATAACTCGTTGCCGGCGATATAGTGTCGGTGACTAAGCGAAAGCGATAAGTTATCCACCTGGGGAGTACGTTCGCAAGAATGAAACTCAAAGGAATTGACGGGGCCCGCACAAGCGGAGGAACATGTGGTTTAATTCGATGATACGCGAGGAACCTTACCCGGGCTTGAAAGTTAGCGACGGATCCTGAAAGGGGTCTTCTCTTCGGAGCGCG","GATTAGATACCCTGGGTAGTCCGCACGGTAAACGATGGATGCCCGCTATTCGCCCACCTGGGCGAGTGGCCAAGCGAAAGCGTTAAGCATCCCACCTGGGGAGTACGCCGGCAACGGTGAAACTCAAAGGAATTGACGGGGCCCGCACAAGCGGAGGAACATGTGGTTTAATTCGATGATACGCGAGGAACCTTACCCGGGCTTGAATTGCAGAGGAAGGATTTAGAGATAATGACGCCCTTCGGGGTCT","GATTAGATACCCTGGGTAGTCCACGCCGTAAACGATGAATACTAGGTGTCGGGGAGCATGGCTCTTCGGTGCCGTCGCAAACGCAGTAAGTATTCCACCTGGGGAGTACGTTCGCAAGAATGAAACTCAAAGGAATTGACGGGGACCCGCACAAGCGGTGGAGCATGTGGTTTAATTCGAAGCAACGCGAAGAACCTTACCAAATCTTGACATCCTTCTGACCGGAACTTAATCGTTCCTTTCCTTCGGG","GGATTAGATACCCTTGGTAGTCCACGCCGTAAACGATGAATACTAGGTGTCGGGTGGCAAAGCCATTCGGTGCCGCAGCAAACGCAATAAGTATTCCACCTGGGGAGTACGTTCGCAAGAATGAAACTCAAAGGAATTGACGGGGACCCGCACAAGCGGTGGAGCATGTGGTTTAATTCGAAGCAACGCGAAGAACCTTACCTGGTCTTGACATCCCTCTGACCGCTCTTTAATCGGAGCTTTCCTTCGG","GATTAGATACCCTGGGTAGTCCACGCCGTAAACGATGAATACTAGGTGTTGGCAGGTAAGACCTGTCGGTGCCGCAGCTAACGCAATAAGTATTCCACCTGGGGAGTACGTTCGCAAGAATGAAACTCAAAGGAATTGACGGGGACCCGCACAAGCGGTGGAGCATGTGGTTTAATTCGAAGCAACGCGAAGAACCTTACCAAGTCTTGACATCCCGATGACCGACGATGTAATGTCGTTTCTCTTCGGA","GGATTAGATACCCTTGGTAGTCCACACAGTAAACGATGAATACTCGCTGTTTGCGATATACAGTAAGCGGCCAAGCGAAAGCATTAAGTATTCCACCTGGGGAGTACGCCGGCAACGGTGAAACTCAAAGGAATTGACGGGGCCCGCACAAGCGGAGGAACATGTGGTTTAATTCGATGATACGCGAGGAACCTTACCCGGGCTTAAATTGCAGTGGAATGATGTGGAAACATGTCAGTGAGCAATCACC","GGATTAGATACCCTGGGTAGTCCACGCAGTAAACGATGATCACTAGCTGTTTGCGATACAGTGTAAGCGGCACAGCGAAAGCGTTAAGTGATCCACCTGGGGAGTACGCCGGCAACGGTGAAACTCAAAGGAATTGACGGGGGCCCGCACAAGCGGAGGAACATGTGGTTTAATTCGATGATACGCGAGGAACCTTACCCGGGTTTGAACGCATTCGGACCGAGGTGGAAACACCTTTTCTAGCAATAGC","GGATTAGATACCCTGGGTAGTCCACGCTGTAAACGATGAATACTAGGTGTTGGGGTCCAAAAGGACTTCGGTGCCGCAGCAAACGCAATAAGTATTCCACCTGGGGAGTACGTTCGCAAGAATGAAACTCAAAGGAATTGACGGGACCCGCACAAGCGGTGGAGCATGTGGTTTAATTCGAAGCAACGCGAAGAACCTTACCAGGTCTTGACATCCCCCTGACGGCAGAGTAATGTCTGCGTTCCTACGG","GGATTAGATACCCTTGGTAGTCCACGCAGTAAACGATGATAACTCGTTGTCGGCGATACACAGTCGGTGACTAAGCGAAAGCGATAAGTTATCCACCTGGGGAGTACGTTCGCAAGAATGAAACTCAAAGGAATTGACGGGGCCCGCACAAGCGGAGGAACATGTGGTTTAATTCGATGATACGCGAGGAACCTTACCCGGGCTTGAAAGTTAGTGACGATTCTGGAAACAGGATTTCCCTTCGGGGCAC","GATTAGATACCCTTGGTAGTCCACGCTGTAAACGATGAATACTAGGTGTGCGGGGACTGACCCCCTGCGTGCCGCAGTTAACACAATAAGTATTCCACCTGGGGAGTACGATCGCAAGGTTGAAACTCAAAGGAATTGACGGGGCCCGCACAAGCGGTGGATTATGTGGTTTAATTCGAAGCAACGCGAAGAACCTTACCAGGGCTTGACATCCTACTAACGAGATAGAGATATGTTAGGTGCCCTTCGG","GATTAGATACCCTGGGTAGTCCACACAGTAAACGATGAATACTCGCTGTTTGCGATATACAGTAAGCGGCCAAGCGAAAGCATTAAGTATTCCACCTGGGGAGTACGCCGGCAACGGTGAAACTCAAAGGAATTGACGGGGGCCCGCACAAGCGGAGGAACATGTGGTTTAATTCGATGATACGCGAGGAACCTTACCCGGGCTTAAATTGCAAATGAATAATCTGGAAACAGGTTAGCCGCAAGGCATT","GATTAGATACCCTGGGTAGTCCACGCGGTAAACGATGGATGCTCGCTGTTTGCGTCTGACGTAAGCGGCCAAGCGAAAGCGTTAAGCATCCCACCTGGGGAGTACGCCGGCAACGGTGAAACTCAAAGGAATTGACGGGGCCCGCACAAGCGGAGGAACATGTGGTTTAATTCGATGATACGCGAGGAACCTTACCCGGGCTTGAATTGCAGAGGAAAGATCCAGAGATGGTGATGCCCTTCGGGGTCTC","AGGATTAGATACCCTGGGTAGTCCCAGCCGTAAACGATGGACGCTAGGTGTGGGGGGACGATCCCCCCGTGCCGCAGCCAACGCATTAAGCGTCCCGCCTGGGGAGTACGGCCGCAAGGCTAAAACTCAAAGGAATTGACGGGGCCCGCACAAGCAGCGGAGCATGTGGCTTAATTCGAAGCAACGCGAAGAACCTTACCAGGGCTTGACATATGGGTGAAGCGGGGGAGACCCCGTGGCCGAGAGGAGC","GATTAGATACCCTTGGTAGTCCACACCGTAAACGATGATTACTAGGTGTTGGAGGATTGACCCCTTCAGTGCCGCAGTTAACACAATAAGTAATCCACCTGGGGAGTACGACCGCAAGGTTGAAACTCAAAGGAATTGACGGGGCCCGCACAAGCAGTGGAGTATGTGGTTTAATTCGACGCAACGCGAAGAACCTTACCAAGTCTTGACATCCTGCGACGGATATAGAAATATGTCTTTCCTTCGGGAC","GATTAGATACCCTTGGTAGTCCACGCGGTAAACGATGAATACTAGATGTCGGGAAGCAAAGCTTCTCGGTGTCGTCGCAAACGCAATAAGTATTCCACCTGGGGAGTACGTTCGCAAGAATGAAACTCAAAGGAATTGACGGGGACCCGCACAAGCGGTGGAGCATGTGGTTTAATTCGAAGCAACGCGAAGAACCTTACCTGCTCTTGACATCCCATTCGATAGAGGGTAATGCTTCTAGCCCTTCGGG","GGATTAGATACCCTGGGTAGTCCATGCGGTAAACGATGAATGCTAGGTGTCGGGTGACAAAGTCATTCGGTGCCGCCGCAAACGCATTAAGCATTCCACCTGGGGAGTACGTTCGCAAGAATGAAACTCAAAGGAATTGACGGGGACCCGCACAAGCGGTGGAGCATGTGGTTTAATTCGAAGCAACGCGAAGAACCTTACCAAGTCTTGACATCCTTCTGACCGGAACTTAACCGTTCCTTTCCTTCGG","AGGATTAGATACCCTTGGTAGTCCACGCCGTAAACGATGACTGCTAGGTGTCGGGTAGCAAAGCTATTCGGTGCCGCAGCAAACGCAATAAGCAGTCCACCTGGGGAGTACGTTCGCAAGAATGAAACTCAAAGGAATTGACGGGGACCCGCACAAGCGGTGGAGCATGTGGTTTAATTCGAAGCAACGCGAAGAACCTTACCTGATCTTGACATCCCGATGACCGCTTCGTAATGGAAGCTTTTCTTCG","GATTAGATACCCTGGGTAGTCCACGCCGTAAACGATGAATACTAGGTGTCGGGGCCCATAAGGGCTTCGGTGCCGCAGCAAACGCAATAAGTATTCCACCTGGGGAGTACGTTCGCAAGAATGAAACTCAAAGGAATTGACGGGGACCCGCACAAGCGGTGGAGCATGTGGTTTAATTCGAAGCAACGCGAAGAACCTTACCAAGTCTTGACATCCTCTTGACCGGTCAGTAATGTGACCTTTCCTTCGG","AGGATTAGATACCCTGGGTAGTCCACACCGTAAACGATGATTACTAGGTGTTGGAGGATTGACCCCTTCAGTGCCGCAGTTAACACAATAAGTAATCCACCTGGGGAGTACGACCGCAAGGTTGAAACTCAAAGGAATTGACGGGGCCCGCACAAGCAGTGGAGTATGTGGTTTAATTCGACGCAACGCGAAGAACCTTACCAAGTCTTGACATCCTGCGACGGTGCTGGAAACAGTACTTTCCTTCGGG","GATTAGATACCCTTGGTAGTCCACGCTGTAAACGATGAATACTAGGTGTGGGAGGACTGACCCCTTCCGTGCCGCAGTTAACACAATAAGTATTCCACCTGGGGAGTACGACCGCAAGGTTGAAACTCAAAGGAATTGACGGGGCCCGCACAAGCAGTGGATTATGTGGTTTAATTCGACGCAACGCGAAGAACCTTACCAGGATTTGACATCCAACTAACGAAGTAGAGATACATCAGGTACCCTTCGG","GATTAGATACCCTGGGTAGTCCACGCCGTAAACGATGAATACTAGGTGTTGGTGGGCAAAGCCCATCGGTGCCGCCGCAAACGCAATAAGTATTCCACCTGGGGAGTACGTTCGCAAGAATGAAACTCAAAGGAATTGACGGGACCCGCACAAGCGGTGGAGCATGTGGTTTAATTCGAAGCAACGCGAAGAACCTTACCAAGTCTTGACATCGTGATGACCGGAACTTAACCGTTCCTTCCCTTCGGGG","GGATTAGATACCCTTGGTAGTCCACGCCGTAAACGATGAATACTAGGTATTGGGAAGCATTGCTTCTCGGTGCCGTCGCAAACGCAGTAAGTATTCCACCTGGGGAGTACGTTCGCAAGAATGAAACTCAAAGGAATTGACGGGGACCCGCACAAGCGGTGGAGCATGTGGTTTAATTCGAAGCAACGCGAAGAACCTTACCAAGTCTTGACATCCTTCTGACCGGTACTTAACCGTACCTTCTCTTCGG","GATTAGATACCCTTGGTAGTCCGCACAGTCAACTATGCACACTAGGTGTCTGGGTCTAAGCCCGGGTGCCGCAGCAAACGCGATAAGTGTGCCGCCTGGGGAGTATGCCCGCAAGGGTGAAACTCAAAGGAATTGACGGGGGCCCGCACAAGCGGTGGAGCATGTGGTTTAATTCGATGGTACGCGAGGAACCTTACCTGGGTTTGACATGCATAGGAATGGCCTGGAGACAGGCCAGCGCAGCAATGCG","GGATTAGATACCCTGGGTAGTCCACGCCGTAAACGATGGATACTAGGTGTGGGAGGTATTGACCCCTTCCGTGCCGCAGTTAACACAATAAGTATCCCACCTGGGGAGTACGGCCGCAAGGTTGAAACTCAAAGGAATTGACGGGGCCCGCACAAGCAGTGGAGTATGTGGTTTAATTCGAAGCAACGCGAAGAACCTTACCAGGTCTTGACATCCCGATGACCGGTTCAGAGATGAGCCTTTTCTTCGG","AGGATTAGATACCCTGGGTAGTCCACGCCGTAAACGATGGATACTAGGTGTAGGAGGTATCGACCCCTCCTGTGCCGGAGTTAACGCAATAAGTATCCCGCCTGGGAAGTACGATCGCAAGATTAAAACTCAAAGGAATTGACGGGGCCCGCACAAGCGGTGGAGTATGTGGTTTAATTCGACGCAACGCGAAGAACCTTACCAGGTCTTGACATTGATCGCGATCTGCAGAAATGCGGAGTTCTTCTTC","AGGATTAGATACCCTTGGTAGTCCACGCCGTAAACGATGAATACTAGGTGTCGGGGCCCACAGGGCTTCGGTGCCGCAGCAAACGCATTAAGTATTCCACCTGGGGAGTACGTTCGCAAGAATGAAACTCAAAGGAATTGACGGGACCCGCACAAGCGGTGGAGCATGTGGTTTAATTCGAAGCAACGCGAAGAACCTTACCAAGTCTTGACATCCTTCTGACCGTTCCTTAGCCGGAATTTCCCTTCGG","GGATTAGATACCCTTGGTAGTCCACACGGTAAACGATGGATACTCGCTGTTGGCGATATACGGTCAGCGGCCAAGCGAAAGCATTAAGTATCCCACCTGGGGAGTACGCCGGCAACGGTGAAACTCAAAGGAATTGACGGGGCCCGCACAAGCGGAGGAACATGTGGTTTAATTCGATGATACGCGAGGAACCTTACCCGGGCTTAAATTATGCATGAATGATCTGGAGACAGATCAGCCGCAAGGCATG","AGGATTAGATACCCTGGGTAGTCCACGCTGTAAACGATGATTACTAGGTGTGGGGGACTGACTCCTTCCGTGCCGCAGTTAACACAATAAGTAATCCACCTGGGGAGTACGACCGCAAGGTTGAAACTCAAAGGAATTGACGGGGCCCGCACAAGCAGTGGAGTATGTGGTTTAATTCGAAGCAACGCGAAGAACCTTACCAGGTCTTGACATCGAGTGACATATGCAGAGATGTATATTTCCCTTCGGG","GATTAGATACCCTGGGTAGTCCACGCCGTAAACGATGAATACTAGGTGTCGGGGAGCATGGCTCTTCGGTGCCGTCGCAAACGCAGTAAGTATTCCACCTGGGGAGTACGTTCGCAAGAATGAAACTCAAAGGAATTGACGGGACCCGCACAAGCGGTGGAGCATGTGGTTTAATTCGAAGCAACGCGAAGAACCTTACCAAGTCTTGACATCCCTCTGACCGACTCTTAACCGAGTCTTTCCTTCGGGA","AGGATTAGATACCCTGGGTAGTCCACGCCGTAAACGATGAATACTAGGTGTCGGGGAGCACAGCTCTTCGGTGCCGCAGCAAACGCAGTAAGTATTCCACCTGGGGAGTACGTTCGCAAGAATGAAACTCAAAGGAATTGACGGGGACCCGCACAAGCGGTGGAGCATGTGGTTTAATTCGAAGCAACGCGAAGAACCTTACCAAGTCTTGACATCCTTCTGACAGAGTATGTAATGTACTTTTCCTTCG","GATTAGATACCCTGGGTAGTCCACACTGTAAACGATGATAACTAGGTGTGGGGGTCTGACCCCTTCCGTGCCGCAGCTAACGCAATAAGTTATCCACCTGGGGAGTACGACCGCAAGGTTGAAACTCAAAGGAATTGACGGGACCCGCACAAGCAGTGGATTATGTGGTTTAATTCGAAGCAACGCGAAGAACCTTACCAGCACTTGACATCCGACTAACGAAGTAGAGATACATTAGGTGCCCTTCGGG","AGGATTAGATACCCTGGGTAGTCCACGCCGTAAACGATGAATACTAGGTGTCGGGAGGCATTGCCTTTCGGTGCCGTCGCAAACGCAGTAAGTATTCCACCTGGGGAGTACGTTCGCAAGAATGAAACTCAAAGGAATTGACGGGACCCGCACAAGCGGTGGAGCATGTGGTTTAATTCGAAGCAACGCGAAGAACCTTACCAAGTCTTGACATCCTTCTGACCGGTACTTAATCGTACCTTCTCTTCGG","AGGATTAGATACCCTGGGTAGTCCACGCCGTAAACGATGAGTACTAGCTGTCGGAGGTTACCCCCTTCGGTGGCGCAGCTAACGCATTAAGTACTCCGCCTGGGAAGTACGCTCGCAAGAGTGAAACTCAAAGGAATTGACGGGGACCCGCACAAGTAGCGGAGCATGTGGTTTAATTCGAAGCAACGCGAAGAACCTTACCTAAGCTTGACATCCTTTTGACCGATGCCTAATCGCATCTTTCCCTTCG","GATTAGATACCCTTGGTAGTCCGCACAGTAAACGATGAATACTCGCGATTTGCGATACACAGTAAGTCGCCAAGCGAAAGCGTTAAGTATTCCACCTGGGGAGTACGCCGGCAACGGTGAAACTCAAAGGAATTGACGGGGGCCCGCACAAGCGGAGGAACATGTGGTTTAATTCGATGATACGCGAGGAACCTTACCCGGGCTTGAATTGCAGAGGAAGGATTTGGAGACAATGACGCCCTTCGGGTCG","GATTAGATACCCTGGGTAGTCCACGCCGTAAACGATGAATGCTAGGTGCTGGGGAGCAAAGCTCTTCGGTGCCGCCGCAAACGCATTAAGCATTCCACCTGGGGAGTACGTTCGCAAGAATGAAACTCAAAGGAATTGACGGGGACCCGCACAAGCGGTGGAGCATGTGGTTTAATTCGAAGCAACGCGAAGAACCTTACCAGGTCTTGACATCCCGATGACCGGCCCGTAACGGGGCCTTCTCTTCGGA","GATTAGATACCCTTGGTAGTCCGCACAGTAAACGATGAATACTCGCGGTTTGCGATACACAGTAAGCCGCCAAGCGAAAGCGTTAAGTATTCCACCTGGGGAGTACGCCGGCAACGGTGAAACTCAAAGGAATTGACGGGGCCCGCACAAGCGGAGGAACATGTGGTTTAATTCGATGATACGCGAGGAACCTTACCCGGGCTTGAATTGCAGAGGAAGGATTTGGAGACAATGACGCCCTTCGGGGTCT","GATTAGATACCCTGGGTAGTCCACGCCGTAAACGATGAATACTAGGTGTCGGGGAGCATTGCTCTTCGGTGCCGCAGCAAACGCAATAAGTATTCCACCTGGGGAGTACGTTCGCAAGAATGAAACTCAAAGGAATTGACGGGGACCCGCACAAGCGGTGGAGCATGTGGTTTAATTCGAAGCAACGCGAAGAACCTTACCAAGTCTTGACATCCCACTGACCAAGTATGTAATGTACTTTCTCTTCGGA","GGATTAGATACCCTTGGTAGTCCACGCTGTAAACGATGGATACTAGGTGTGCGGGGACTGACCCCCTGCGTGCCGCAGTTAACACAATAAGTATCCCACCTGGGGAGTACGATCGCAAGGTTGAAACTCAAAGGAATTGACGGGGCCCGCACAAGCGGTGGATTATGTGGTTTAATTCGAAGCAACGCGAAGAACCTTACCAGGTCTTGACATCCTGCTAACGAAGTAGAGATACATTAGGTGCCCTTCG","GGATTAGATACCCTGGGTAGTCCGCGCGGTAAACGATGGATGCCCGCCGTTGGGATTTGGATTTCAGCGGCCAAGCGAAAGCGTTAAGCATCCCACCTGGGGAGTACGCCGGCAACGGTGAAACTCAAAGGAATTGACGGGGCCCGCACAAGCGGAGGAACATGTGGTTTAATTCGATGATACGCGAGGAACCTTACCCGGGCTTGAATTGCAGGAGAACGATCCAGAGATGGTGAGGCCCTTCGGGGCT","GGATTAGATACCCTTGGTAGTCCACGCCGTAAACGATGATTGCTAGGTGTAGGTGGGTATGGACCCATCGGTGCCGCAGCTAACGCAATAAGCAATCCACCTGGGGAGTACGTTCGCAAGAATGAAACTCAAAGGAATTGACGGGGACCCGCACAAGCGGTGGAGCATGTGGTTTAATTCGAAGCAACGCGAAGAACCTTACCAGGTCTTGACATCCCGATGAAAAACCCGTAACGGGGTTCGCTCTTCG","GGATTAGATACCCTGGGTAGTCCACGCCGTAAACGATGATTACTAGGTGTGGGGGATTGACCCCTTCCGTGCCGGAGTAAACACAATAAGTAATCCACCTGGGGAGTACGACCGCAAGGTTGAAACTCAAAGGAATTGACGGGGCCCGCACAAGCAGTGGAGTATGTGGTTTAATTCGACGCAACGCGAAGAACCTTACCAGGTCTTGACATCGAGTGACAGACTAAGAGATTAGTCCTTCCCTTCGGGG","GGATTAGATACCCTTGGTAGTCCACACTGTAAACGATGAATACTAGGTGTGCGGGGACTGACCCCCTGCGTGCCGCAGTAAACACAATAAGTATTCCACCTGGGGAGTACGATCGCAAGGTTGAAACTCAAAGGAATTGACGGGGGCCCGCACAAGCGGTGGATTATGTGGTTTAATTCGAAGCAACGCGAAGAACCTTACCAGGGTTTGACATCCTGCTAACGAAGTAGAGATACATTAGGTGCCCTTC","GGATTAGATACCCTTGGTAGTCCATGCCGTAAACGATGATTACTAGGTGTGGGGGTCTGACCCCCTCCGTGCCGCAGTTAACACAATAAGTAATCCACCTGGGGAGTACGGCCGCAAGGTTGAAACTCAAAGGAATTGACGGGGCCCGCACAAGCAGTGGAGTATGTGGTTTAATTCGAAGCAACGCGAAGAACCTTACCAGGTCTTGACATCCGTCTAACGAAGCAGAGATGCATTAGGTGCCCTTCGG","GATTAGATACCCTTGGTAGTCCACGCCGTAAACGATGAATACTAGGTGTCGGGTGGCAAAGCCATTCGGTGCCGTCGCAAACGCAGTAAGTATTCCACCTGGGGAGTACGTTCGCAAGAATGAAACTCAAAGGAATTGACGGGACCCGCACAAGCGGTGGAGCATGTGGTTTAATTCGAAGCAACGCGAAGAACCTTACCAAGTCTTGACATCCGCCTGACCGATCCATAACCGGATCTTTCCTTCGGGA","GATTAGATACCCTGGGTAGTCCACGCCGTAAACGATGGATACTAGGTGTGGGAGGTATTGACCCCTTCCGTGCCGCAGTTAACACAATAAGTATCCCACCTGGGGAGTACGGCCGCAAGGTTGAAACTCAAAGGAATTGACGGGGCCCGCACAAGCAGTGGAGTATGTGGTTTAATTCGAAGCAACGCGAAGAACCTTACCAGGTCTTGACATCCCGATGACCGGTTCAGAGATGAGCCTTTTCTTCGGA","AGGATTAGATACCCTGGGTAGTCCGCACGGTAAACGATGGATGCCCGCTGTTGGCCCACCTGGGTCAGCGGCCAAGCGAAAGCATTAAGCATCCCACCTGGGGAGTACGCCGGCAACGGTGAAACTCAAAGGAATTGACGGGGCCCGCACAAGCGGAGGAACATGTGGTTTAATTCGATGATACGCGAGGAACCTTACCCGGGCTTGAATTGCAGAGGAAGGATTTGGAGACAATGACGCCCTTCGGGGC","AGGATTAGATACCCTGGGTAGTCCACACCGTAAACGATGATTACTAGGTGTTGGAGGATTGACCCCTTCAGTGCCGCAGTTAACACAATAAGTAATCCACCTGGGGAGTACGACCGCAAGGTTGAAACTCAAAGGAATTGACGGGGCCCGCACAAGCAGTGGAGTATGTGGTTTAATTCGACGCAACGCGAAGAACCTTACCAAGTCTTGACATCCCTTGACAGGCGTAGAAATACGTTTTCTCTTCGGA","GATTAGATACCCTTGGTAGTCCACGCCGTAAACGATGAATACTAGGTGTCGGGGAGCATTGCTCTTCGGTGCCGCAGCAAACGCAATAAGTATTCCACCTGGGGAGTACGTTCGCAAGAATGAAACTCAAAGGAATTGACGGGGACCCGCACAAGCGGTGGAGCATGTGGTTTAATTCGAAGCAACGCGAAGAACCTTACCAAGTCTTGACATCCCAATGACAGAACATGTAATGTGTTTTCTCTTCGGA","AGGATTAGATACCCTGGGTAGTCCACACTGTAAACGATGATTACTAGGTGTTGGAGGATTGACCCCTTCAGTGCCGCAGTTAACACAATAAGTAATCCACCTGGGGAGTACGACCGCAAGGTTGAAACTCAAAGGAATTGACGGGGCCCGCACAAGCAGTGGAGTATGTGGTTTAATTCGACGCAACGCGAAGAACCTTACCAAGTCTTGACATCCTGCGACGCACATAGAAATATGTGTTTCCTTCGGG","GATTAGATACCCTGGGTAGTCCACACAGTAAACGATGAATACTCGCTGTTTGCGATATACAGTAAGCGGCCAAGCGAAAGCATTAAGTATTCCACCTGGGGAGTACGCCGGCAACGGTGAAACTCAAAGGAATTGACGGGGGCCCGCACAAGCGGAGGAACATGTGGTTTAATTCGATGATACGCGAGGAACCTTACCCGGGCTTAAATTGCATTTGAATAATCAAGAAATTGGTTAGTCGTAAGACAAA","AGGATTAGATACCCTTGGTAGTCCACACTGTAAACGATGATTGCTAGGTGTGGGGGGTCTGACCCCTTCCGTGCCGGAGCTAACGCAATAAGCAATCCACCTGGGGAGTACGACCGCAAGGTTGAAACTCAAAGGAATTGACGGGGACCCGCACAAGCAGTGGATTATGTGGTTTAATTCGAAGCAACGCGAAGAACCTTACCAGCACTTGACATCCAACTAACGAAATAGAGATATATTAGGTGCCCTT","GGATTAGATACCCTTGGTAGTCCACGCCGTAAACGATGAATGCTAGGTGTTGGGGGCAAAGCCCTTCGGTGCCGTCGCAAACGCAGTAAGCATTCCACCTGGGGAGTACGTTCGCAAGAATGAAACTCAAAGGAATTGACGGGGACCCGCACAAGCGGTGGAGCATGTGGTTTAATTCGAAGCAACGCGAAGAACCTTACCAAGTCTTGACATCCTCTTGACCGGCGTGTAACGGCGCCTTCCCTTCGGG","GATTAGATACCCTGGGTAGTCCACGCCGTAAACGATGAATACTAGGTGTCGGGTGGCAAAGCCATTCGGTGCCGTCGCAAACGCAGTAAGTATTCCACCTGGGGAGTACGTTCGCAAGAATGAAACTCAAAGGAATTGACGGGGACCCGCACAAGCGGTGGAGCATGTGGTTTAATTCGAAGCAACGCGAAGAACCTTACCAAGTCTTGACATCCCCCTGACCGGAACTTAACCGTTCCTTTCCTTCGGG","GGATTAGATACCCTTGGTAGTCCACACAGTAAACGATGAATACTCGCTGTTTGCGATATACAGTAAGCGGCCAAGCGAAAGCATTAAGTATTCCACCTGGGGAGTACGCCGGCAACGGTGAAACTCAAAGGAATTGACGGGGCCCGCACAAGCGGAGGAACATGTGGTTTAATTCGATGATACGCGAGGAACCTTACCCGGGCTTAAATTGCAACAGAATATATTGGAAACAGTATAGCCGTAAGGCTGT","GGATTAGATACCCTTGGTAGTCCACGCCGTAAACGATGAATACTAGGTGTCGGGGGACAAAGTCTTTCGGTGCCGCCGCAAACGCAATAAGTATTCCACCTGGGGAGTACGTTCGCAAGAATGAAACTCAAAGGAATTGACGGGACCCGCACAAGCGGTGGAGCATGTGGTTTAATTCGAAGCAACGCGAAGAACCTTACCAAATCTTGACATCCCTCTGAAACACTCTTAATCGAGTGCCTCCTTCGGG","AGGATTAGATACCCTTGGTAGTCCACGCCGTAAACGATGAATACTAGGTGTTGGTGAGCAAAGCTCATCGGTGCCGCCGCAAACGCAATAAGTATTCCACCTGGGGAGTACGTTCGCAAGAATGAAACTCAAAGGAATTGACGGGGACCCGCACAAGCGGTGGAGCATGTGGTTTAATTCGAAGCAACGCGAAGAACCTTACCAAATCTTGACATCCCTCTGAAAAATCCTTAATCGGATTCCTCCTTCG","GGATTAGATACCCTTGGTAGTCCACGCTGTAAACGATGATTACTAGGTGTGGGGGGATTGACCCCTTCCGTGCCGCAGTTAACACAATAAGTAATCCACCTGGGGAGTACGACCGCAAGGTTGAAACTCAAAGGAATTGACGGGGCCCGCACAAGCAGTGGAGTATGTGGTTTAATTCGAAGCAACGCGAAGAACCTTACCAGGTCTTGACATCGAGTGACGTATCCAGAGATGGATATTTCCTTCGGGA","GGATTAGATACCCTTGGTAGTCCACGCTGTAAACGATGGATACTAGGTGTGCGGGGACTGACCCCCTGCGTGCCGCAGTTAACACAATAAGTATCCCACCTGGGGAGTACGATCGCAAGGTTGAAACTCAAAGGAATTGACGGGGCCCGCACAAGCGGTGGATTATGTGGTTTAATTCGAAGCAACGCGAAGAACCTTACCAGGGCTTGACATCCTACTAACGAAGTAGAGATACATTAGGTGCCCTTCG","GATTAGATACCCTTGGTAGTCCACGCCGTAAACGATGAGTGCTAGGTGTTAGGCCCTTTCCGGGGCTTAGTGCCGCAGCTAACGCATTAAGCACTCCGCCTGGGGAGTACGACCGCAAGGTTGAAACTCAAAGGAATTGACGGGGCCCGCACAAGCGGTGGAGCATGTGGTTTAATTCGAAGCAACGCGAAGAACCTTACCAGGTCTTGACATCCCGATGCTATTTCTAGAGATAGAAAGTTTCTTCGGA","GATTAGATACCCTTGGTAGTCCACGCCGTAAACGATGAATACTAGGTGTCGGGGTGCAAAGCAGTTCGGTGCCGCAGCAAACGCAATAAGTATTCCACCTGGGGAGTACGTTCGCAAGAATGAAACTCAAAGGAATTGACGGGACCCGCACAAGCGGTGGAGCATGTGGTTTAATTCGAAGCAACGCGAAGAACCTTACCAAGTCTTGACATCTGCCTGACCGTTCCTTAACCGGAGCTTTCCTTCGGGA","GATTAGATACCCTGGGTAGTCCACGCCGTAAACGATGAGTGCTAGGTGTTGGGTCCTTTCCGGGACTCAGTGCCGCAGCTAACGCATTAAGCACTCCGCCTGGGGAGTACGACCGCAAGGTTGAAACTCAAAGGAATTGACGGGGCCCGCACAAGCGGTGGAGCATGTGGTTTAATTCGAAGCAACGCGAAGAACCTTACCAGGTCTTGACATCCCTCTGACCGCTCTAGAGATAGAGTTTTCCTTCGGG","GATTAGATACCCTTGGTAGTCCACGCCGTAAACGATGTCGATTTGGAGGTTGTGCCCTTGAGGCGTGGCTTCCGGAGCTAACGCGTTAAATCGACCGCCTGGGGAGTACGGCCGCAAGGTTAAAACTCAAATGAATTGACGGGGCCCGCACAAGCGGTGGAGCATGTGGTTTAATTCGATGCAACGCGAAGAACCTTACCTGGTCTTGACATCCACAGAACTTAGCAGAGATGCTTTGGTGCCTTCGGGA","AGGATTAGATACCCTTGGTAGTCCGCACAGTAAACGATGAATACTCGCGATTTGCGATACACAGTAAGTCGCCAAGCGAAAGCGTTAAGTATTCCACCTGGGGAGTACGCCGGCAACGGTGAAACTCAAAGGAATTGACGGGGCCCGCACAAGCGGAGGAACATGTGGTTTAATTCGATGATACGCGAGGAACCTTACCCGGGCTTGAACTGCCAGTGACGTATGCAGAGACGCATATTTCTTCGGACAC","AGGATTAGATACCCTGGGTAGTCCGCACGGTAAACGATGGATGCCCGGTGTTTGCGATATACAGTGAGCGCCCAAGCGAAAGCGTTAAGCATCCCACCTGGGGAGTACGCCGGCAACGGTGAAACTCAAAGGAATTGACGGGGCCCGCACAAGCGGAGGAACATGTGGTTTAATTCGATGATACGCGAGGAACCTTACCCGGGCTTGAACTGTAGGCGAACGATCCAGAGATGGTGAGGCCCTTCGGGGC","GATTAGATACCCTTGGTAGTCCACACCGTAAACGATGATTACTAGGTGTTGGAGGATTGACCCCTTCAGTGCCGCAGTTAACACAATAAGTAATCCACCTGGGGAGTACGACCGCAAGGTTGAAACTCAAAGGAATTGACGGGGCCCGCACAAGCAGTGGAGTATGTGGTTTAATTCGATGATACGCGAGGAACCTTACCCGGGCTTGAATTGCAGAGGAAGGATTTGGAGACAATGACGCCCTTCGGGG","AGGATTAGATACCCTTGGTAGTCCACACCGTAAACGATGATTACTAGGTGTTGGAGGATTGACCCCTTCAGTGCCGCAGTTAACACAATAAGTAATCCACCTGGGGAGTACGACCGCAAGGTTGAAACTCAAAGGAATTGACGGGGCCCGCACAAGCAGTGGAGTATGTGGTTTAATTCGACGCAACGCGAAGAACCTTACCAAGTCTTGACATCCTGCGACAATGCTGGAAACAGTATTTTCCTTCGGG","GATTAGATACCCTGGGTAGTCCGCACAGTAAACGATGAATACTCGCGGTTTGCGATAAACAGTAAGCCGCCAAGCGAAAGCGTTAAGTATTCCACCTGGGGAGTACGCCGGCAACGGTGAAACTCAAAGGAATTGACGGGGCCCGCACAAGCGGAGGAACATGTGGTTTAATTCGATGATACGCGAGGAACCTTACCCGGGCTTGAATTGCAGAGGAAGGATTTGGAGACAATGACGCCCTTCGGGGCCT","GGATTAGATACCCTGGGTAGTCCACGCCGTAAACGATGAATACTAGGTGTTGGTGAGCAAAGCTCATCGGTGCCGCCGCAAACGCAATAAGTATTCCACCTGGGGAGTACGTTCGCAAGAATGAAACTCAAAGGAATTGACGGGGACCCGCACAAGCGGTGGAGCATGTGGTTTAATTCGAAGCAACGCGAAGAACCTTACCAAATCTTGACATCCCTCTGAAACACTCTTAATCGAGTGCCTCCTTCGG","GGATTAGATACCCTGGGTAGTCCCAGCCGTAAACGATGGACGCTAGGTGTGGGGGGACGATCCCTCCGTGCCGCAGCCAACGCATTAAGCGTCCCGCCTGGGGAGTACGGCCGCAAGGCTAAAACTCAAAGGAATTGACGGGGCCCGCACAAGCAGCGGAGCATGTGGCTTAATTCGAAGCAACGCGAAGAACCTTACCAGGGCTTGACATGACCGTGAAGCCGGGGAGACCCGGTGGCCGAGAGGAGCG","GGATTAGATACCCTTGGTAGTCCACGCCGTAAACGATGAATACTAGGTGTCGGGTGGCAGAGCCATTCGGTGCCGTCGCAAACGCAGTAAGTATTCCACCTGGGGAGTACGTTCGCAAGAATGAAACTCAAAGGAATTGACGGGGACCCGCACAAGCGGTGGAGCATGTGGTTTAATTCGAAGCAACGCGAAGAACCTTACCAAATCTTGACATCCCTCTGACCGGTCCTTAATCGGACCTTCTCTTCGG","GATTAGATACCCTTGGTAGTCCACGCCGTAAACGATGAATACTAGGTGTTGGAGAGCATTGCTCTTCGGTGCCGCAGCAAACGCAATAAGTATTCCACCTGGGGAGTACGTTCGCAAGAATGAAACTCAAAGGAATTGACGGGGACCCGCACAAGCGGTGGAGCATGTGGTTTAATTCGAAGCAACGCGAAGAACCTTACCAAGTCTTGACATCCCGATGACCAGCTATGTAATGTAGCCTCTCTTCGGA","GGATTAGATACCCTTGGTAGTCCACGCCGTAAACGGTGGATGCTGGATGTGGGGCCCGTTCCACGGGTTCCGTGTCGGAGCTAACGCGTTAAGCATCCCGCCTGGGGAGTACGGCCGCAAGGCTAAAACTCAAAGAAATTGACGGGGCCCGCACAAGCGGCGGAGCATGCGGATTAATTCGATGCAACGCGAAGAACCTTACCTGGGCTTGACATGTTCCCGACAGCCGTAGAGATATGGCCTCCCTTCG","GGATTAGATACCCTGGGTAGTCCACGCGGTAAACGATGAATGCTAGGTGTTGGTGAGCAAAGCTCATCGGTGCCGCCGCAAACGCATTAAGCATTCCACCTGGGGAGTACGTTCGCAAGAATGAAACTCAAAGGAATTGACGGGGACCCGCACAAGCGGTGGAGCATGTGGTTTAATTCGAAGCAACGCGAAGAACCTTACCAAGTCTTGACATCCCGATGAAAGATCCTTAACCGGATTCCCTCTTCGG","GGATTAGATACCCTTGGTAGTCCACACGGTAAACGATGAATACTCGCTGTAGGCGATATACGGTCTGCGGCCAAGCGAAAGCATTAAGTATTCCACCTGGGGAGTACGCCGGCAACGGTGAAACTCAAAGGAATTGACGGGGCCCGCACAAGCGGAGGAACATGTGGTTTAATTCGATGATACGCGAGGAACCTTACCCGGGCTTAAATTGCAACCGAATATGGCGGAAACGCCATAGCTAGCAATAGCG","GGATTAGATACCCTTGGTAGTCCACGCAGTAAACGATGATAACTCGCTGTCGGCGATACACGGTCGGCGGCTAAGCGAAAGCGATAAGTTATCCACCTGGGGAGTACGTTCGCAAGAATGAAACTCAAAGGAATTGACGGGGCCCGCACAAGCGGAGGAACATGTGGTTTAATTCGATGATACGCGAGGAACCTTACCCGGGCTTGAAAGTTACTGACGATTCTGGAAACAGGATTTCCCTTCGGGGCAG","AGGATTAGATACCCTGGGTAGTCCACGCGGTAAACGATGAATACTAGGTGTAGGAGGGCAAAGCCCTTCGGTGCCGCAGCAAACGCAATAAGTATTCCACCTGGGGAGTACGTTCGCAAGAATGAAACTCAAAGGAATTGACGGGACCCGCACAAGCGGTGGAGCATGTGGTTTAATTCGAAGCAACGCGAAGAACCTTACCAAATCTTGACATCCCCCTGACAGAGTATGTAATGTACTTTTCCTTCGG","AGGATTAGATACCCTGGGTAGTCCGCGCAGTAAACGATGCACACTGGGTGTCCGGGCATGAGCCCGGGTGCCGAAGCGAACGCGTTAAGTGTGCCGCCTGGGGAGTATGCCCGCAAGGGTGAAACTCAAAGGAATTGACGGGGCCCGCACAAGCGGTGGAGCATGTGGTTTAATTCGATGGTACGCGAGGAACCTTACCTGGGCTTGACATACACAGGGACCGCCTGGAGACAGGCGGGCGCAGCAATGC","AGGATTAGATACCCTGGGTAGTCCACGCCGTAAACGATGAATACTAGGTGTCTGGGAGCACAGCTCTTAGGTGCCGCCGCAAACGCATTAAGTATTCCACCTGGGGAGTACGTTCGCAAGAATGAAACTCAAAGGAATTGACGGGACCCGCACAAGCGGTGGAGCATGTGGTTTAATTCGAAGCAACGCGAAGAACCTTACCAAATCTTGACATCCCCCTGACAGGGCATGTAATGTGCCTTTCCTTCGG","GATTAGATACCCTTGGTAGTCCACGCCGTAAACGATGAATACTAGGTGTCGGGGAGCATTGCTCTTCGGTGCCGCAGCAAACGCAATAAGTATTCCACCTGGGGAGTACGTTCGCAAGAATGAAACTCAAAGGAATTGACGGGGACCCGCACAAGCGGTGGAGCATGTGGTTTAATTCGAAGCAACGCGAAGAACCTTACCAAGTCTTGACATCCCGATGACAAACTATGTAATGTACTTTCTCTTCGGA","GATTAGATACCCTTGGTAGTCCATGCCGTAAACGATGAGTGCTAAGTGTTGGGAGGTTTCCGCCTCTCAGTGCTGCAGCTAACGCATTAAGCACTCCGCCTGGGGAGTACGACCGCAAGGTTGAAACTCAAAGGAATTGACGGGGGCCCGCACAAGCGGTGGAGCATGTGGTTTAATTCGAAGCAACGCGAAGAACCTTACCAGGTCTTGACATCCAGTGCAAACCTAAGAGATTAGGTGTTCCCTTCGG","AGGATTAGATACCCTGGGTAGTCCACGCTGTAAACGATGAATACTAGGTGTTGGGGAGCATTGCTCTTCGGTGCCGTCGCAAACGCAGTAAGTATTCCACCTGGGGAGTACGTTCGCAAGAATGAAACTCAAAGGAATTGACGGGGACCCGCACAAGCGGTGGAGCATGTGGTTTAATTCGAAGCAACGCGAAGAACCTTACCAAGTCTTGACATCCTTCTGACGAGCTCGTAATGGAGCTTTCTCTTCG","AGGATTAGATACCCTTGGTAGTCCACACCGTAAACGATGATTACTAGGTGTTGGAGGATTGACCCCTTCAGTGCCGCAGTTAACACAATAAGTAATCCACCTGGGGAGTACGACCGCAAGGTTGAAACTCAAAGGAATTGACGGGGCCCGCACAAGCAGTGGAGTATGTGGTTTAATTCGACGCAACGCGAAGAACCTTACCAAGTCTTGACATCCTGCGACGGTGCTAGAAATAGTATTTTCCTTCGGG","GATTAGATACCCTGGGTAGTCCGCGCGGTAAACGATGGATGCCCGCTATTTGCGCATTAGCGCAAGTGGCCAAGTGAAAACGTTAAGCATCCCACCTGGGGAGTACGCCGGCAACGGTGAAACTCAAAGGAATTGACGGGGGCCCGCACAAGCGGAGGAACATGTGGTTTAATTCGATGATACGCGAGGAACCTTACCCGGGCTTGAATTGCAGAGGAAAGATCCAGAGATGGTGATGCCCTTCGGGGCC","GATTAGATACCCTTGGTAGTCCACACTGTAAACGATGATTACTAGGTGTTGGAGGATTGACCCCTTCAGTGCCGCAGTTAACACAATAAGTAATCCACCTGGGGAGTACGACCGCAAGGTTGAAACTCAAAGGAATTGACGGGGGCCCGCACAAGCAGTGGAGTATGTGGTTTAATTCGACGCAACGCGAAGAACCTTACCAAGTCTTGACATCCCTTGACGATGCTGGAAACAGTATTTCTCTTCGGAG","GATTAGATACCCTTGGTAGTCCACGCCGTAAACGATGGATACTAGATGTAGGAGGTATTGACTCCTTCTGCGTCGCAGCTAACGCAATAAGTATCCCGCCTGGGGAGTACGGCCGCAAGGTTGAAACTCAAAGGAATTGACGGGGACCCGCACAAGCAGCGGAGCATGTGGTTTAATTCGATGCAACGCGAAGAACCTTACCAAGACTTGACATTGATTGCAAGCCATAGAGATATGGCCCTCCCTTCGG","AGGATTAGATACCCTTGGTAGTCCACACCGTAAACGATGGATACTAGGTGTAGGAGGTATCGACCCCTTCTGTGCCGCAGTTAACACAATAAGTATCCCACCTGGGGAGTACGACCGCAAGGTTGAAACTCAAAGGAATTGACGGGGCCCGCACAAGCAGTGGAGTATGTGGTTTAATTCGAAGCAACGCGAAGAACCTTACCTGGGCTTGACATCCCTGGAATCGAGTAGAGATACTTGAGTGCCTTCG","GATTAGATACCCTTGGTAGTCCACGCCGTAAACGATGACTACTAGGTGTCGGGTGGCAAAGCCATTCGGTGCCGCAGCTAACGCAATAAGTAGTCCACCTGGGGAGTACGTTCGCAAGAATGAAACTCAAAGGAATTGACGGGGACCCGCACAAGCGGTGGAGCATGTGGTTTAATTCGAAGCAACGCGAAGAACCTTACCTGCTCTTGACATCCCGGTGACCGCTCCGTAATGGGAGCTTTTCTTCGGA","GGATTAGATACCCTGGGTAGTCCACGCCGTAAACGATGAATACTAGGTGTTGGTGAGCAAAGCTCATCGGTGCCGCCGCAAACGCAATAAGTATTCCACCTGGGGAGTACGTTCGCAAGAATGAAACTCAAAGGAATTGACGGGGACCCGCACAAGCGGTGGAGCATGTGGTTTAATTCGAAGCAACGCGAAGAACCTTACCAAATCTTGACATCCCTCTGAAAAGCCTTTAACCGGGCTCCTCCTTCGG","GGATTAGATACCCTGGGTAGTCCACGCCGTAAACGGTGGATGCTGGATGTGGGGCCCGTTCCACGGGTTCCGTGTCGGAGCTAACGCGTTAAGCATCCCGCCTGGGGAGTACGGCCGCAAGGCTAAAACTCAAAGAAATTGACGGGGCCCGCACAAGCGGCGGAGCATGCGGATTAATTCGATGCAACGCGAAGAACCTTACCTGGGCTTGACATGTTCCCGACCGCGGCAGAGATGTCGTTTCCCTTCG","GGATTAGATACCCTTGGTAGTCCATGCCGTAAACGATGATTACTAGGTGTTGGAGGATTGACCCCTTCAGTGCCGCAGTTAACACAATAAGTAATCCACCTGGGGAGTACGACCGCAAGGTTGAAACTCAAAGGAATTGACGGGGCCCGCACAAGCAGTGGAGTATGTGGTTTAATTCGAAGCAACGCGAAGAACCTTACCAGGTCTTGACATCCGATGCATAGCGCAGAGATGCGTGAAGTCCTTCGGG","GGATTAGATACCCTGGGTAGTCCGCACAGTAAACGATGAATGCCCGCTGTCGGCGACATAGTGTCGGCGGCCAAGCGAAAGCGTTAAGCATTCCACCTGGGGAGTACGCCGGCAACGGTGAAACTCAAAGGAATTGACGGGGGCCCGCACAAGCGGAGGAACATGTGGTTTAATTCGATGATACGCGAGGAACCTTACCCGGGCTTGAATCGCAGGTGCATGGGCCGGAGACGGCCCTTTCCTTCGGGAC","GGATTAGATACCCTTGGTAGTCCACGCGGTAAACGATGAATGCTAGGTGTCGGGTGACGAAGTCATTCGGTGCCGCCGCAAACGCATTAAGCATTCCACCTGGGGAGTACGTTCGCAAGAATGAAACTCAAAGGAATTGACGGGGACCCGCACAAGCGGTGGAGCATGTGGTTTAATTCGAAGCAACGCGAAGAACCTTACCAAGTCTTGACATCCCTCTGACCGGAACTTAACCGTTCCTTTCCTTCGG","GGATTAGATACCCTGGGTAGTCCACGCCGTAAACGATGAATACTAGGTGTCGGGGAGCAAAGCTCTTCGGTGCCGCCGCAAACGCAATAAGTATTCCACCTGGGGAGTACGTTCGCAAGAATGAAACTCAAAGGAATTGACGGGACCCGCACAAGCGGTGGAGCATGTGGTTTAATTCGAAGCAACGCGAAGAACCTTACCAAGCCTTGACATCCCATTGACAGAGCATGTAATGTGCTTTCCCTTCGGG","GGATTAGATACCCTTGGTAGTCCACGCCGTAAACGATGATTACTAGGTGTGGGGGGATTGACCCCTTCCGTGCCGGAGTAAACACAATAAGTAATCCACCTGGGGAGTACGACCGCAAGGTTGAAACTCAAAGGAATTGACGGGGCCCGCACAAGCAGTGGAGTATGTGGTTTAATTCGACGCAACGCGAAGAACCTTACCAGGTCTTGACATCGAGTGACCGCCTAAGAGATTAGGCTTTCCCTTCGGG","AGGATTAGATACCCTTGGTAGTCCACGCGGTAAACGATGAATGCTAGGTGTAGGAGGTATCGACCCCTTCTGTGCCGCAGTAAACACAATAAGCATTCCGCCTGGGGAGTACGGCCGCAAGGTTGAAACTCAAAGGAATTGACGGGGCCCGCACAAGCAGCGGAGCATGTGGTTTAATTCGAAGCAACGCGAAGAACCTTACCAGGTCTTGACATCCGTGTAAAGCCGCAGAGATGCGGTGTGAGCTTGC","AGGATTAGATACCCTTGGTAGTCCGCGCGGTAAACGATGGATGCCCGCTGTTCGCCTGTTAGGTGAGCGGCCAAGCGAAAGCGTTAAGCATCCCACCTGGGGAGTACGCCGGCAACGGTGAAACTCAAAGGAATTGACGGGGCCCGCACAAGCGGAGGAACATGTGGTTTAATTCGATGATACGCGAGGAACCTTACCCGGGCTTGAATTGCAGAAGACGGATCCAGAGATGGTGACTCCCTTCGGGGCT","GATTAGATACCCTGGGTAGTCCACGCGGTAAACGATGAATGCTAGGTGTCGGGGAGCAAAGCTCTTCGGTGCCGCCGCAAACGCATTAAGCATTCCACCTGGGGAGTACGTTCGCAAGAATGAAACTCAAAGGAATTGACGGGACCCGCACAAGCGGTGGAGCATGTGGTTTAATTCGAAGCAACGCGAAGAACCTTACCAAGTCTTGACATCCTTCTGACCGGAACTTAACCGTTCCTTCCCTTCGGGG","GATTAGATACCCTGGGTAGTCCACGCCGTAAACGATGAATACTAGGTGTCGGGGAGCATTGCTCTTCGGTGCCGCAGCAAACGCAATAAGTATTCCACCTGGGGAGTACGTTCGCAAGAATGAAACTCAAAGGAATTGACGGGGACCCGCACAAGCGGTGGAGCATGTGGTTTAATTCGAAGCAACGCGAAGAACCTTACCAAGTCTTGACATCCCGATGACAGAGTATGTAATGTGCTTTCTCTTCGGA","AGGATTAGATACCCTTGGTAGTCCACGCCGTAAACGATGATTACTAGGTGTTGGTGGGTATGACCCATCGGTGCCGCAGCAAACGCAATAAGTAATCCACCTGGGGAGTACGTTCGCAAGAATGAAACTCAAAGGAATTGACGGGGACCCGCACAAGCGGTGGAGCATGTGGTTTAATTCGAAGCAACGCGAAGAACCTTACCTGGTCTTGACATCCTGATGAATAACTGGTAATGCAGTTAGTACTTCG","AGGATTAGATACCCTTGGTAGTCCACGCCGTAAACGATGGATACTAGGTGTGGGAGGTATTGACCCCTTCCGTGCCGCAGTTAACACATTAAGTATCCCACCTGGGGAGTACGACCGCAAGGTTGAAACTCAAAGGAATTGACGGGGCCCGCACAAGCAGTGGAGTATGTGGTTTAATTCGAAGCAACGCGAAGAACCTTACCTGGTCTTGACATCCCGATGACCGGCCTAGAGATAGGCTTTTCTCTTC","AGGATTAGATACCCTTGGTAGTCCACGCCGTAAACGATGAATACTAGGTGTCGGGGAGCATGGCTCTTCGGTGCCGTCGCAAACGCAGTAAGTATTCCACCTGGGGAGTACGTTCGCAAGAATGAAACTCAAAGGAATTGACGGGGACCCGCACAAGCGGTGGAGCATGTGGTTTAATTCGAAGCAACGCGAAGAACCTTACCAAATCTTGACATCCTTCTGACCGGAACTTAATCGTTCCTTTCCTTCG","GATTAGATACCCTTGGTAGTCCACGCAGTAAACGATGATAACTCGCTGTCGGCGATACACAGTCGGCGGCTAAGCGAAAGCGATAAGTTATCCACCTGGGGAGTACGTTCGCAAGAATGAAACTCAAAGGAATTGACGGGGGCCCGCACAAGCGGAGGAACATGTGGTTTAATTCGATGATACGCGAGGAACCTTACCCGGGCTTGAAAGTTACTGACGATTCTGGAAACAGGATTTCCCTTCGGGGCAG","GGATTAGATACCCTTGGTAGTCCACGCCGTAAACGATGACTGCTAGGTGTCGGGTAGCAAAGCTATTCGGTGCCGCAGCTAACGCAATAAGCAGTCCACCTGGGGAGTACGTTCGCAAGAATGAAACTCAAAGGAATTGACGGGGACCCGCACAAGCGGTGGAGCATGTGGTTTAATTCGAAGCAACGCGAAGAACCTTACCTGATCTTGACATCCCGATGACCGCTTCGTAATGGAAGCTTTTCTTCGG","GGATTAGATACCCTGGGTAGTCCACGCCGTAAACGATGAATGCTAGGTGTTGGAGGGCAAAGCCCTTCGGTGCCGCCGCAAACGCAATAAGCATTCCACCTGGGGAGTACGTTCGCAAGAATGAAACTCAAAGGAATTGACGGGGACCCGCACAAGCGGTGGAGCATGTGGTTTAATTCGAAGCAACGCGAAGAACCTTACCAAGTCTTGACATCCCCCTGACCGGACAGTAATGTGTCCTTTCCTTCGG","GGATTAGATACCCTTGGTAGTCCACGCTGTAAACGATGAATACTAGGTGTGGGGGACTGACCCCTTCCGTGCCGCAGTTAACACAATAAGTATTCCACCTGGGGAGTACGACCGCAAGGTTGAAACTCAAAGGAATTGACGGGGCCCGCACAAGCAGTGGATTATGTGGTTTAATTCGACGCAACGCGAAGAACCTTACCAGGATTTGACATCCCACTAACGAAGTAGAGATACATTAGGTACCCTTCGG","GGATTAGATACCCTGGGTAGTCCACGCCGTAAACGATGTCGACTTGGAGGTTGTGCCCTTGAGGCGTGGCTTCCGGAGCTAACGCGTTAAGTCGACCGCCTGGGGAGTACGGCCGCAAGGTTAAAACTCAAATGAATTGACGGGGCCCGCACAAGCGGTGGAGCATGTGGTTTAATTCGATGCAACGCGAAGAACCTTACCTACTCTTGACATCCAGAGAACTTTCCAGAGATGGATTGGTGCCTTCGGG","GGATTAGATACCCTGGGTAGTCCACGCCGTAAACGATGACTACTAGGTGTCGGGTGGCAAAGCCATTCGGTGCCGCAGCCAACGCAATAAGTAGTCCACCTGGGGAGTACGTTCGCAAGAATGAAACTCAAAGGAATTGACGGGGACCCGCACAAGCGGTGGAGCATGTGGTTTAATTCGAAGCAACGCGAAGAACCTTACCTGCTCTTGACATCCCGGTGACGGCAGAGTAATGTCTGCTTTTCTTCGG","GGATTAGATACCCTTGGTAGTCCACGCCGTAAACGATGAGTGCTAGGTGTCGGGGAGGAATCCTCGGTGCCGCAGCTAACGCAATAAGCACTCCACCTGGGGAGTACGACCGCAAGGTTGAAACTCAAAGGAATTGACGGGGCCCGCACAAGCGGTGGAGCATGTGGTTTAATTCGAAGCAACGCGAAGAACCTTACCAAGGCTTGACATCCCGATGACCGCTCTAGAGATAGAGTTTCTCTTCGGAGCA","GGATTAGATACCCTGGGTAGTCCACGCAGTAAACGATGATAACTCGCTGTCGGCGATACACAGTCGGCGGTTAAGCGAAAGCGATAAGTTATCCACCTGGGGAGTACGTTCGCAAGAATGAAACTCAAAGGAATTGACGGGGCCCGCACAAGCGGAGGAACATGTGGTTTAATTCGATGATACGCGAGGAACCTTACCCGGGCTTGAAAGTTACTGACGATTCTGGAAACAGGATTTCCCTTCGGGGCAG","GATTAGATACCCTGGGTAGTCCACGCCGTAAACGATGAATGCTAGGTGTTGGGGGCAAAGCCCTTCGGTGCCGCCGCAAACGCAGTAAGCATTCCACCTGGGGAGTACGTTCGCAAGAATGAAACTCAAAGGAATTGACGGGACCCGCACAAGCGGTGGAGCATGTGGTTTAATTCGAAGCAACGCGAAGAACCTTACCAAGTCTTGACATCCCCCTGACGGGCCGGTAACGCGGCCTTTCCTTCGGGAC","GATTAGATACCCTGGGTAGTCCACGCTGTAAACGATGTCGATTTGGGGATTGGGCTTTGAGCTTGGTGCCCGTAGCTAACGTGATAAATCGACCGCCTGGGGAGTACGGCCGCAAGGTTAAAACTCAAATGAATTGACGGGGCCCGCACAAGCGGTGGAGCATGTGGTTTAATTCGATGCAACGCGAAGAACCTTACCTACTCTTGACATCCATGGAATCTTGTAGAGATACGAGAGTGCCTTCGGGAAC","AGGATTAGATACCCTTGGTAGTCCACGCCGTAAACGATGGATACTAGGTGTGGGAGGTATTGACCCCTTCCGTGCCGCAGTTAACACAATAAGTATCCCACCTGGGGAGTACGGCCGCAAGGTTGAAACTCAAAGGAATTGACGGGGCCCGCACAAGCAGTGGAGTATGTGGTTTAATTCGAAGCAACGCGAAGAACCTTACCAGGTCTTGACATCCCGATGACCGCCTTAGAGATAAGGCTTTTCTTCG","AGGATTAGATACCCTGGGTAGTCCACGCCGTAAACGATGATCACTAGGTGTGGGGAGTTGAACCTTTCCGTGCCGGAGTTAACACAATAAGTGATCCACCTGGGGAGTACGACCGCAAGGTTGAAACTCAAAGGAATTGACGGGGCCCGCACAAGCAGTGGAGTATGTGGTTTAATTCGAAGCAACGCGAAGAACCTTACCAGGTCTTGACATCGAGTGACGTTCCTAGAGATAGGAATTCCCTTCGGGG","AGGATTAGATACCCTTGGTAGTCCGCACAGTAAACGATGGATGCCCGCTGTGTGCCTTCATGGTACGCGGCCAAGCGAAAGCGTTAAGCATCCCACCTGGGGAGTACGCCGGCAACGGTGAAACTCAAAGGAATTGACGGGGCCCGCACAAGCGGAGGAACATGTGGTTTAATTCGATGATACGCGAGGAACCTTACCCGGGCTTGAATTGCAGAAGACGGATCCAGAGATGGTGACTCCCTTCGGGGCT","GATTAGATACCCTTGGTAGTCCATGCCGTAAACGATGATTACTAGGTGTTGGAGGATTGACCCCTTCAGTGCCGCAGTTAACACAATAAGTAATCCACCTGGGGAGTACGACCGCAAGGTTGAAACTCAAAGGAATTGACGGGGCCCGCACAAGCAGTGGAGTATGTGGTTTAATTCGAAGCAACGCGAAGAACCTTACCAGGTCTTGACATCCGATGCATAGCTTAGAGATAAGTGAAGTCCTTCGGGA","AGGATTAGATACCCTTGGTAGTCCACACCGTAAACGATGGATACTAGGTGTAGGCGAGATATCGTCTGTGCCGGCGCAAACGCAATAAGTATCCCACCTGGGGAGTACGGCCGCAAGGTTGAAACTCAAAGGAATTGACGGGGCCCGCACAAGCAGTGGAGTATGTGGTTTAATTCGACGCAACGCGAAGAACCTTACCAAGACTTGACATATACATGAAAGCCTAAGAGATTAGGCCCCTCTTCGGAGC","AGGATTAGATACCCTGGGTAGTCCGCACAGTAAACGATGAATACTCGCGGTTTGCGATAAACAGTAAGCCGCCAAGCGAAAGCGTTAAGTATTCCACCTGGGGAGTACGCCGGCAACGGTGAAACTCAAAGGAATTGACGGGGCCCGCACAAGCGGAGGAACATGTGGTTTAATTCGATGATACGCGAGGAACCTTACCCGGGCTTGAACTGCCAGTGACGGTAGCAGAGACGCTACTTTCTTCGGACAC","GATTAGATACCCTGGGTAGTCCACACAGTAAACGATGAATACTCGCTGTTTGCGATATACAGCAAGCGGCCAAGCGAAAGCATTAAGTATTCCACCTGGGGAGTACGCCGGCAACGGTGAAACTCAAAGGAATTGACGGGGGCCCGCACAAGCGGAGGAACATGTGGTTTAATTCGATGATACGCGAGGAACCTTACCCGGGCTTAAATTGCATTTGAATGTTGGGGAAACCCAACAGCCGCAAGGCAAA","GATTAGATACCCTTGGTAGTCCACGCCGTAAACGATGATTACTAGGTGTGGGGGGATTGACCCCTTCCGTGCCGGAGTAAACACAATAAGTAATCCACCTGGGGAGTACGACCGCAAGGTTGAAACTCAAAGGAATTGACGGGGCCCGCACAAGCAGTGGAGTATGTGGTTTAATTCGACGCAACGCGAAGAACCTTACCAGGTCTTGACATCGAGTGACCGCCTAAGAGATTAGGCTTTCCCTTCGGGG","GATTAGATACCCTTGGTAGTCCACGCCGTAAACGATGAATACTAGGTGTAGGGGTTGTCATGACCTCTGTGCCGCCGCTAACGCATTAAGTATTCCGCCTGGGGAGTACGGTCGCAAGATTAAAACTCAAAGGAATTGACGGGGGCCCGCACAAGCAGCGGAGCATGTGGTTTAATTCGAAGCAACGCGAAGAACCTTACCTAGACTTGACATCTCCTGCATTACTCTTAATCGAGGAAGTCCCTTCGGG","AGGATTAGATACCCTTGGTAGTCCACGCTGTAAACGATGAATACTAGGTGTGGGAGGACTGACCCCTTCCGTGCCGCAGTTAACACAATAAGTATTCCACCTGGGGAGTACGATCGCAAGATTGAAACTCAAAGGAATTGACGGGGGCCCGCACAAGCAGTGGATTATGTGGTTTAATTCGACGCAACGCGAAGAACCTTACCGGGATTTGACATCCTACTAACGAAGCAGAGATGCATTAGGTGCCCTT","GATTAGATACCCTGGGTAGTCCACGCCGTAAACGATGAATACTAGGTGTTGGTGGGCAAAGCCCATCGGTGCCGCAGCAAACGCAATAAGTATTCCACCTGGGGAGTACGTTCGCAAGAATGAAACTCAAAGGAATTGACGGGGACCCGCACAAGCGGTGGAGCATGTGGTTTAATTCGAAGCAACGCGAAGAACCTTACCAAGTCTTGACATCCCGGTGACAAGCTGTGTAATGCAGCCTTACTTCGGT","GGATTAGATACCCTTGGTAGTCCACGCCGTAAACGATGAATACTAGGTGTTGGGGAGCAAAGCTCTTCGGTGCCGTCGCAAACGCAGTAAGTATTCCACCTGGGGAGTACGTTCGCAAGAATGAAACTCAAAGGAATTGACGGGGACCCGCACAAGCGGTGGAGCATGTGGTTTAATTCGAAGCAACGCGAAGAACCTTACCAGGTCTTGACATCGATCCGACGGGGGAGTAACGTCCCCTTCCTTCGGG","GGATTAGATACCCTGGGTAGTCCACGCCGTAAACGATGAATACTAGGTATTGGGAAGCATTGCTTCTCGGTGCCGTCGCAAACGCAGTAAGTATTCCACCTGGGGAGTACGTTCGCAAGAATGAAACTCAAAGGAATTGACGGGGACCCGCACAAGCGGTGGAGCATGTGGTTTAATTCGAAGCAACGCGAAGAACCTTACCAAGTCTTGACATCCTTCTGACCGGTACTTAACCGTACCTTCTCTTCGG","GATTAGATACCCTGGGTAGTCCACGCCGTAAACGATGAATACTAGGTGTCGGGGAGCATAGCTTCTCGGTGCCGCAGCAAACGCAATAAGTATTCCACCTGGGGAGTACGTTCGCAAGAATGAAACTCAAAGGAATTGACGGGGACCCGCACAAGCGGTGGAGCATGTGGTTTAATTCGAAGCAACGCGAAGAACCTTACCAAGTCTTGACATCCCGGTGACCGTTCCGTAATGGGAACTTTTCTTCGGA","GGATTAGATACCCTGGGTAGTCCACGCCGTAAACGATGACTGCTAGGTGTCGGGTAGCAAAGCTATTCGGTGCCGCAGCTAACGCAATAAGCAGTCCACCTGGGGAGTACGTTCGCAAGAATGAAACTCAAAGGAATTGACGGGGACCCGCACAAGCGGTGGAGCATGTGGTTTAATTCGAAGCAACGCGAAGAACCTTACCTGATCTTGACATCCCGATGACCGCTTCGTAATGGAAGTTTTTCTTCGG","GGATTAGATACCCTGGGTAGTCCACGCCGTAAACGATGATTACTAGGTGCTGGTGGGTACGACCCATCGGTGCCGCAGCAAACGCAATAAGTAATCCACCTGGGGAGTACGTTCGCAAGAATGAAACTCAAAGGAATTGACGGGGACCCGCACAAGCGGTGGAGCATGTGGTTTAATTCGAAGCAACGCGAAGAACCTTACCTGGTCTTGACATCCCTATGAATAACGGGCAATGCCGTTAGTACTTCGG","GGATTAGATACCCTTGGTAGTCCGCGCGGTAAACGATGGATGCCCGCCGTTGGGTTTTAGAATTCAGCGGCCAAGCGAAAGCGTTAAGCATCCCACCTGGGGAGTACGCCGGCAACGGTGAAACTCAAAGGAATTGACGGGGCCCGCACAAGCGGAGGAACATGTGGTTTAATTCGATGATACGCGAGGAACCTTACCCGGGCTTGAATTGCAGGAGAACGATCCAGAGATGGTGAGGCCCTTCGGGGCT","GGATTAGATACCCTTGGTAGTCCACACAGTAAACGATGAATACTCGCTGTTTGCGATATACAGTAAGCGGCCAAGCGAAAGCATTAAGTATTCCACCTGGGGAGTACGCCGGCAACGGTGAAACTCAAAGGAATTGACGGGGGCCCGCACAAGCGGAGGAACATGTGGTTTAATTCGATGATACGCGAGGAACCTTACCCGGGCTTAAATTGCAAATGAATAATCTGGAAACAGGTTAGCCGCAAGGCAT","AGGATTAGATACCCTTGGTAGTCCACACCGTAAACGATGATTACTAGGTGTTGGAGGATTGACCCCTTCAGTGCCGCAGTTAACACAATAAGTAATCCACCTGGGGAGTACGACCGCAAGGTTGAAACTCAAAGGAATTGACGGGGCCCGCACAAGCAGTGGAGTATGTGGTTTAATTCGACGCAACGCGAAGAACCTTACCAAGTCTTGACATCCTCTGACGAACATAGAAATATGTTTTCCTTCGGGA","GATTAGATACCCTGGGTAGTCCACGCCGTAAACGATGACTGCTAGGTGTCGGGTAGCAAAGCTATTCGGTGCCGCAGCTAACGCAATAAGCAGTCCACCTGGGGAGTACGTTCGCAAGAATGAAACTCAAAGGAATTGACGGGGACCCGCACAAGCGGTGGAGCATGTGGTTTAATTCGAAGCAACGCGAAGAACCTTACCTGATCTTGACATCCCGATGACCGCTTCGTAATGGAAGTTTTTCTTCGGA","AGGATTAGATACCCTGGGTAGTCCGCACAGTAAACGATGGATGCCCGCTGTGTGCCTTAGTGGTACGCGGCCAAGCGAAAGCGTTAAGCATCCCACCTGGGGAGTACGCCGGCAACGGTGAAACTCAAAGGAATTGACGGGGCCCGCACAAGCGGAGGAACATGTGGTTTAATTCGATGATACGCGAGGAACCTTACCCGGGCTTGAATTGCAGAAGACGGATCCAGAGATGGTGACTCCCTTCGGGGCT","AGGATTAGATACCCTTGGTAGTCCACACTGTAAACGATGAATACTAGGTGTGCGGGGACTGACCCCCTGCGTGCCGCAGTAAACACAATAAGTATTCCACCTGGGGAGTACGATCGCAAGGTTGAAACTCAAAGGAATTGACGGGGCCCGCACAAGCGGTGGATTATGTGGTTTAATTCGAAGCAACGCGAAGAACCTTACCAGGGTTTGACATCCTGCTAACGAAGTAGAGATACATTAGGTGCCCTTC","AGGATTAGATACCCTTGGTAGTCCACGCCGTAAACGATGAATACTAGGTGTCGGGGCGCAAAAGCGCTTCGGTGCCGCAGCAAACGCAATAAGTATTCCACCTGGGGAGTACGTTCGCAAGAATGAAACTCAAAGGAATTGACGGGGACCCGCACAAGCGGTGGAGCATGTGGTTTAATTCGAAGCAACGCGAAGAACCTTACCAAGTCTTGACATCCTCTTGACCGGTCAGTAATGTGACCTTTCCTTC","GATTAGATACCCTGGGTAGTCCACGCAGTAAACGATGATAACTCGTTGTCGGCGATACACAGTCGGTGACTAAGCGAAAGCGATAAGTTATCCACCTGGGGAGTACGTTCGCAAGAATGAAACTCAAAGGAATTGACGGGGGCCCGCACAAGCGGAGGAACATGTGGTTTAATTCGATGATACGCGAGGAACCTTACCCGGGCTTGAAAGTTACTGACGATTCTGGAAACAGGATTTCCCTTTGGGGCAG","AGGATTAGATACCCTTGGTAGTCCACGCCGTAAACGATGAATACTAGGTGTCGGGGAGCGAAGCTCTTCGGTGCCGCAGCAAACGCATTAAGTATTCCACCTGGGGAGTACGTTCGCAAGAATGAAACTCAAAGGAATTGACGGGACCCGCACAAGCGGTGGAGCATGTGGTTTAATTCGAAGCAACGCGAAGAACCTTACCAGGTCTTGACATCCCGATGACCGTTCCGTAATGGGAACTTTTCTTCGG","GATTAGATACCCTTGGTAGTCCACGCCGTAAACGATGAATACTAGGTGTTGGGGAGCAAAGCTCTTCGGTGCCGCCGCAAACGCATTAAGTATTCCACCTGGGGAGTACGTTCGCAAGAATGAAACTCAAAGGAATTGACGGGGACCCGCACAAGCGGTGGAGCATGTGGTTTAATTCGAAGCAACGCGAAGAACCTTACCAAGTCTTGACATCCCTCTGACCGATCCGTAACGGGATCTTTCCTTCGGG","GATTAGATACCCTGGGTAGTCCACGCTGTAAACGATGTCGATTTGGGGGTTGAACTTTGAGTTTGGCGCCCGTAGCTAACGTGATAAATCGACCGCCTGGGGAGTACGGCCGCAAGGTTAAAACTCAAATGAATTGACGGGGCCCGCACAAGCGGTGGAGCATGTGGTTTAATTCGATGCAACGCGAAGAACCTTACCTACTCTTGACATCCAGAGAACATTCCAGAGATGGATTGGTGCCTTCGGGAAC","GATTAGATACCCTTGGTAGTCCACACGGTAAACGATGAATACTCGCTGTTTGCGATATACAGCAAGCGGCCAAGCGAAAGCGTTAAGTATTCCACCTGGGGAGTACGCCGGCAACGGTGAAACTCAAAGGAATTGACGGGGCCCGCACAAGCGGAGGAACATGTGGTTTAATTCGATGATACGCGAGGAACCTTACCCGGGCTTAAATTGCAACCGAATATATCGGAAACGTTATAGCTAGCAATAGCGG","AGGATTAGATACCCTTGGTAGTCCACGCCGTAAACGATGAATACTAGGTGTCAGGGAGCACAGCTCTTTGGTGCCGCCGCAAACGCATTAAGTATTCCACCTGGGGAGTACGTTCGCAAGAATGAAACTCAAAGGAATTGACGGGGACCCGCACAAGCGGTGGAGCATGTGGTTTAATTCGAAGCAACGCGAAGAACCTTACCAAATCTTGACATCCCTCTGACCGGAACTTAACCGTTCCTTTCCTTCG","GATTAGATACCCTTGGTAGTCCACGCCGTAAACGATGACTACTAGGTGTCGGGCAGCAAAGCTGTTCGGTGCCGCAGCAAACGCAATAAGTAGTCCACCTGGGGAGTACGTTCGCAAGAATGAAACTCAAAGGAATTGACGGGGACCCGCACAAGCGGTGGAGCATGTGGTTTAATTCGAAGCAACGCGAAGAACCTTACCTGCTCTTGACATCTCCCTGACCGGCAAGTAATGTTGCCTTTCCTTCAGG","GGATTAGATACCCTTGGTAGTCCACGCCGTAAACGATGAATACTAGGTGTCGGGGCCCACAGGGCTTCGGTGCCGCAGCAAACGCATTAAGTATTCCACCTGGGGAGTACGTTCGCAAGAATGAAACTCAAAGGAATTGACGGGACCCGCACAAGCGGTGGAGCATGTGGTTTAATTCGAAGCAACGCGAAGAACCTTACCAAGTCTTGACATCCTTCTGACCGTTCCTTAGCCGGAACTTCTCTTCGGA","GGATTAGATACCCTGGGTAGTCCACGCCGTAAACGGTGGATGCTGGATGTGGGGCCCGTTCCACGGGTTCCGTGTCGGAGCTAACGCGTTAAGCATCCCGCCTGGGGAGTACGGCCGCAAGGCTAAAACTCAAAGAAATTGACGGGGCCCGCACAAGCGGCGGAGCATGCGGATTAATTCGATGCAACGCGAAGAACCTTACCTGGGCTTGACATGTTCCCGACGGCCGTAGAGATACGGCTTCCCTTCG","AGGATTAGATACCCTGGGTAGTCCACACCGTAAACGATGGATACTAGGTGTAGGCGAGATATCGTCTGTGCCGGCGCAAACGCAATAAGTATCCCACCTGGGGAGTACGGCCGCAAGGTTGAAACTCAAAGGAATTGACGGGGCCCGCACAAGCAGTGGAGTATGTGGTTTAATTCGACGCAACGCGAAGAACCTTACCAAGACTTGACATATACATGAAAGCCTAAGAGATTAGGCCCCTCTTCGGAGC","GATTAGATACCCTTGGTAGTCCACGCCGTAAACGATGGATACTAGGTGTGGGGGGTCTGACCCCCTCCGTGCCGCAGTTAACACAATAAGTATCCCACCTGGGGAGTACGATCGCAAGGTTGAAACTCAAAGGAATTGACGGGGCCCGCACAAGCGGTGGAGTATGTGGTTTAATTCGAAGCAACGCGAAGAACCTTACCAGGGCTTGACATCCCACTAACGAAGCAGAGATGCATTAGGTGCCCTTCGG","AGGATTAGATACCCTTGGTAGTCCACGCCGTAAACGATGAGTACTAGCTGTCGGAGGTTACCCCCTTCGGTGGCGCAGCTAACGCATTAAGTACTCCGCCTGGGAAGTACGCTCGCAAGAGTGAAACTCAAAGGAATTGACGGGGACCCGCACAAGTAGCGGAGCATGTGGTTTAATTCGAAGCAACGCGAAGAACCTTACCTAAGCTTGACATCCTTTTGACCGATGCCTAATCGCATCTTTCCCTTCG","GATTAGATACCCTGGGTAGTCCACGCTGTAAACGATGAATACTAGGTGTGGGAGGACTGACCCCTTCCGTGCCGCAGTTAACACAATAAGTATTCCACCTGGGGAGTACGATCGCAAGATTGAAACTCAAAGGAATTGACGGGGGCCCGCACAAGCAGTGGATTATGTGGTTTAATTCGACGCAACGCGAAGAACCTTACCGGGATTTGACATCCTACTAACGAAGTAGAGATACATTAGGTGCCCTTCG","GATTAGATACCCTGGGTAGTCCACGCCGTAAACGATGAATACTAGGTGTTGGGTTCCAAAGGGACTCGGTGCCGTCGCAAACGCATTAAGTATTCCACCTGGGGAGTACGTTCGCAAGAATGAAACTCAAAGGAATTGACGGGACCCGCACAAGCGGTGGAGCATGTGGTTTAATTCGAAGCAACGCGAAAACCTTACCAAGTCTTGACATCCTGATGACCGTTCCTTAACCGGAACTTTTCTTCGGAAC","AGGATTAGATACCCTGGGTAGTCCACGCTGTAAACGATGATTACTAGGTGTGGGGGGTCTGACCCCTTCCGTGCCGGAGTTAACACAATAAGTAATCCACCTGGGGAGTACGGCCGCAAGGTTGAAACTCAAAGGAATTGACGGGGCCCGCACAAGCAGTGGAGTATGTGGTTTAATTCGAAGCAACGCGAAGAACCTTACCAGGTCTTGACATCCTACTAACGAGATAGAGATATGTTAGGTGCCCTTC","GATTAGATACCCTGGGTAGTCCACGCCGTAAACGATGAATACTAGGTGTTGGTGAGCAAAGCTCATCGGTGCCGCCGCAAACGCAATAAGTATTCCACCTGGGGAGTACGTTCGCAAGAATGAAACTCAAAGGAATTGACGGGGACCCGCACAAGCGGTGGAGCATGTGGTTTAATTCGAAGCAACGCGAAGAACCTTACCAAATCTTGACATCCCTCTGAAAAGCCTTTAATCGGGCTCCTCCTTCGGG","AGGATTAGATACCCTTGGTAGTCCACACCGTAAACGATGATTACTAGGTGTTGGGAGATTGACCCTCTCAGTGCCGCAGTTAACACAATAAGTAATCCACCTGGGGAGTACGACCGCAAGGTTGAAACTCAAAGGAATTGACGGGGGCCCGCACAAGCAGTGGAGTATGTGGTTTAATTCGACGCAACGCGAAGAACCTTACCAAGTCTTGACATCCCTTGACGATGCTGGAAACAGTATTTCTCTTCGG","GGATTAGATACCCTTGGTAGTCCACGCCGTAAACGATGAATGCTAGGTGTTGGGGAGCAAAGCTCTTCGGTGCCGCCGCAAACGCATTAAGCATTCCACCTGGGGAGTACGTTCGCAAGAATGAAACTCAAAGGAATTGACGGGGACCCGCACAAGCGGTGGAGCATGTGGTTTAATTCGAAGCAACGCGAAGAACCTTACCAAGTCTTGACATCCCTTTGAAAAGCCCGTAATGGGGCTCCCTCTTCGG","GATTAGATACCCTTGGTAGTCCACGCCGTAAACGATGATTACTAGGTGCTGGTGGGTATGACCCATCGGTGCCGCAGCAAACGCAATAAGTAATCCACCTGGGGAGTACGTTCGCAAGAATGAAACTCAAAGGAATTGACGGGGACCCGCACAAGCGGTGGAGCATGTGGTTTAATTCGAAGCAACGCGAAGAACCTTACCTGGTCTTGACATCCCTATGAATAACGGGCAATGCCGTTAGTACTTCGGT","GATTAGATACCCTGGGTAGTCCACACCGTAAACGATGATTACTAGGTGTTGGAGGATTGACCCCTTCAGTGCCGCAGTTAACACAATAAGTAATCCACCTGGGGAGTACGACCGCAAGGTTGAAACTCAAAGGAATTGACGGGGCCCGCACAAGCAGTGGAGTATGTGGTTTAATTCGACGCAACGCGAAGAACCTTACCAAGTCTTGACATCCTGCGACGATGCTAGAAATAGTATTTTCCTTCGGGAC","GGATTAGATACCCTGGGTAGTCCACGCAGTAAACGATGATAACTCGTTGTCGGCAATACACAGTCGGTGACTAAGCGAAAGCGATAAGTTATCCACCTGGGGAGTACGTTCGCAAGAATGAAACTCAAAGGAATTGACGGGGCCCGCACAAGCGGAGGAACATGTGGTTTAATTCGATGATACGCGAGGAACCTTACCCGGGCTTGAAAGTTAGTGACGATTCTGGAAACAGGATTTCCCTTCGGGGCAC","GGATTAGATACCCTTGGTAGTCCACGCCGTAAACGATGAATACTAGGTGTTGGGGAGCAAAGCTCTTCGGTGCCGCCGCAAACGCATTAAGTATTCCACCTGGGGAGTACGTTCGCAAGAATGAAACTCAAAGGAATTGACGGGACCCGCACAAGCGGTGGAGCATGTGGTTTAATTCGAAGCAACGCGAAGAACCTTACCAAGTCTTGACATCCCTCTGACCGTTCCTTAACCGGAACTTTCCTTCGGG","GGATTAGATACCCTGGGTAGTCCACGCGGTAAACGATGAATGCTAGGTGTCGGGTGACGAAGTCATTCGGTGCCGCCGCAAACGCATTAAGCATTCCACCTGGGGAGTACGTTCGCAAGAATGAAACTCAAAGGAATTGACGGGGACCCGCACAAGCGGTGGAGCATGTGGTTTAATTCGAAGCAACGCGAAGAACCTTACCAAGTCTTGACATCCCTCTGACCGGAACTTAACCGTTCCTTTCCTTCGG","GGATTAGATACCCTGGGTAGTCCACGCCGTAAACGATGAATACTAGGTGTCGGGGCCCATAAGGGCTTCGGTGCCGCAGCAAACGCAATAAGTATTCCACCTGGGGAGTACGTTCGCAAGAATGAAACTCAAAGGAATTGACGGGACCCGCACAAGCGGTGGAGCATGTGGTTTAATTCGAAGCAACGCGAAGAACCTTACCAAGTCTTGACATCCTCTTGACCGGACAGTAATGTGTCCTTTCCTTCGG","GGATTAGATACCCTGGGTAGTCCACACGGTAAACGATGAATACTCGCTGTTTGCGATATACAGCAAGCGGCCAAGCGAAAGCGTTAAGTATTCCACCTGGGGAGTACGCCGGCAACGGTGAAACTCAAAGGAATTGACGGGGCCCGCACAAGCGGAGGAACATGTGGTTTAATTCGATGATACGCGAGGAACCTTACCCGGGCTTAAATTGCAGATGAATTACGGTGAAAGCCGTAAGCCGCAAGGCATC","AGGATTAGATACCCTTGGTAGTCCACGCAGTAAACGATGATAACTCGCTGTCGGCGATACACAGTCGGTGGCTAAGCGAAAGCGATAAGTTATCCACCTGGGGAGTACGTTCGCAAGAATGAAACTCAAAGGAATTGACGGGGGCCCGCACAAGCGGAGGAACATGTGGTTTAATTCGATGATACGCGAGGAACCTTACCCGGGCTTGAAAGTTAGCGACGGATCTGGAAACAGGTCTTCCCTTCGGGGC","GGATTAGATACCCTGGGTAGTCCACGCCGTAAACGATGACTACTAGGTGTCGGGGAGCAAAGCTCTTCGGTGCCGCAGCAAACGCAATAAGTAGTCCACCTGGGGAGTACGTTCGCAAGAATGAAACTCAAAGGAATTGACGGGGACCCGCACAAGCGGTGGAGCATGTGGTTTAATTCGAAGCAACGCGAAGAACCTTACCTGCTCTTGACATCCCGGTGACCGGCATGTAATGATGCCTTTTCTTCGG","GGATTAGATACCCTTGGTAGTCCACGCCGTAAACGATGAATACTAGGTGTCGGGGAGCATTGCTCTTCGGTGCCGCAGCAAACGCAATAAGTATTCCACCTGGGGAGTACGTTCGCAAGAATGAAACTCAAAGGAATTGACGGGGACCCGCACAAGCGGTGGAGCATGTGGTTTAATTCGAAGCAACGCGAAGAACCTTACCAAGTCTTGACATCCCGATGACAGAACATGTAATGTGTTTTCTCTTCGG","AGGATTAGATACCCTTGGTAGTCCGCACGGTAAACGATGGATGCCCGCTATTCGCCCACCTGGGCGAGTGGCCAAGCGAAAGCGTTAAGCATCCCACCTGGGGAGTACGCCGGCAACGGTGAAACTCAAAGGAATTGACGGGGCCCGCACAAGCGGAGGAACATGTGGTTTAATTCGATGATACGCGAGGAACCTTACCCGGGCTTGAATTGCAGAGGAAGGATTTAGAGATAATGACGCCCTTCGGGGC","AGGATTAGATACCCTGGGTAGTCCACGCGGTAAACGATGGATGCTCGCTGTTTGCGTCTGACGTAAGCGGCCAAGCGAAAGCGTTAAGCATCCCACCTGGGGAGTACGCCGGCAACGGTGAAACTCAAAGGAATTGACGGGGCCCGCACAAGCGGAGGAACATGTGGTTTAATTCGATGATACGCGAGGAACCTTACCCGGGCTTGAACTGTAGGCGAACGATTCAGAGATGATGAGGTCCTTCGGGACG","GATTAGATACCCTTGGTAGTCCACGCTGTAAACGCTGTCGATTTGGGGATTGGGCTTAATGCTTGGTGCCCGTAGCTAACGTGATAAATCGACCGCCTGGGGAGTACGGCCGCAAGGTTAAAACTCAAATGAATTGACGGGGCCCGCACAAGCGGTGGAGCATGTGGTTTAATTCGATGCAACGCGAAGAACCTTACCTACTCTTGACATCCAGAGAACTTTTCAGAGATGAATTGGTGCCTTCGGGAGC","GATTAGATACCCTGGGTAGTCCACGCCGTAAACGATGAATACTAGGTGTCGGGGAGCAAAGCTCTTCGGTGCCGCCGCAAACGCAATAAGTATTCCACCTGGGGAGTACGTTCGCAAGAATGAAACTCAAAGGAATTGACGGGACCCGCACAAGCGGTGGAGCATGTGGTTTAATTCGAAGCAACGCGAAGAACCTTACCAAGCCTTGACATCCCATTGACAGAGCATGTAATGTGCTTTCCCTTCGGGG","AGGATTAGATACCCTTGGTAGTCCACGCCGTAAACGATGATTACTAGGTGTTGGGGATTTATAAATCCTCGGTGCCGTCGCAAACGCAATAAGTAATCCACCTGGGGAGTACGTTCGCAAGAATGAAACTCAAAGGAATTGACGGGACCCGCACAAGCGGTGGAGCATGTGGTTTAATTCGAAGCAACGCGAAGAACCTTACCTGGTCTTGACATCCCGATGCATAACGGGTAATGCCGTTCGTACTTCG","AGGATTAGATACCCTTGGTAGTCCACACTGTAAACGATGGATACTAGGTGTAGGGGGTATTAAGCCTTCTGTGCCGTCGCTAACGCAGTAAGTATCCCACCTGGGGAGTACGACCGCAAGGTTGAAACTCAAAGGAATTGACGGGGCCCGCACAAGCAGTGGAGTATGTGGTTTAATTCGAAGCAACGCGAAGAACCTTACCAGGGCTTGACATATACAGGAATATATAAGAGATTATATAGCTCTTCGG","AGGATTAGATACCCTGGGTAGTCCACGCGGTAAACGATGGATGCTCGCTGTTTGCGTCTGACGTAAGCGGCCAAGCGAAAGCGTTAAGCATCCCACCTGGGGAGTACGCCGGCAACGGTGAAACTCAAAGGAATTGACGGGGCCCGCACAAGCGGAGGAACATGTGGTTTAATTCGATGATACGCGAGGAACCTTACCCGGGCTTGAACTGTAGGCGAACGATTCAGAGATGAAGAGGCCCTTCGGGGCG","GATTAGATACCCTTGGTAGTCCACGCCGTAAACGATGAATACTAGGTGTTGGTGGGCAAAGCCCATCGGTGCCGCAGCAAACGCAATAAGTATTCCACCTGGGGAGTACGTTCGCAAGAATGAAACTCAAAGGAATTGACGGGGACCCGCACAAGCGGTGGAGCATGTGGTTTAATTCGAAGCAACGCGAAGAACCTTACCAAGTCTTGACATCCCGGTGACAAGCTGTGTAATGCAGCCTTACTTCGGT","GATTAGATACCCTTGGTAGTCCACGCCGTAAACGATGAATGCTAGGTGCTGGGGAGCAAAGCTCTTCGGTGCCGCCGCAAACGCATTAAGCATTCCACCTGGGGAGTACGTTCGCAAGAATGAAACTCAAAGGAATTGACGGGGACCCGCACAAGCGGTGGAGCATGTGGTTTAATTCGAAGCAACGCGAAGAACCTTACCAGGTCTTGACATCCCGATGACCGGCCCGTAACGGGGCCTTCTCTTCGGA","GATTAGATACCCTGGGTAGTCCACGCGGTAAACGATGAATGCTAGGTGTTGGTGAGCAAAGCTCATCGGTGCCGCCGCAAACGCATTAAGCATTCCACCTGGGGAGTACGTTCGCAAGAATGAAACTCAAAGGAATTGACGGGGACCCGCACAAGCGGTGGAGCATGTGGTTTAATTCGAAGCAACGCGAAGAACCTTACCAAGTCTTGACATCCCGATGAAAGATCCTTAACCGGATTCCCTCTTCGGA","GATTAGATACCCTTGGTAGTCCACGCGGTAAACGATGGATGCTCGCTGTTTGCGTCTGACGTAAGCGGCCAAGCGAAAGCGTTAAGCATCCCACCTGGGGAGTACGCCGGCAACGGTGAAACTCAAAGGAATTGACGGGGGCCCGCACAAGCGGAGGAACATGTGGTTTAATTCGATGATACGCGAGGAACCTTACCCGGGCTTGAACTGCCGGCGAACGATACAGAGATGTTGAGGCCCTTCGGGGCGC","AGGATTAGATACCCTTGGTAGTCCACACTGTAAACGATGATTACTAGGTGTTGGAGGATTGACCCCTTCAGTGCCGCAGTTAACACAATAAGTAATCCACCTGGGGAGTACGACCGCAAGGTTGAAACTCAAAGGAATTGACGGGGGCCCGCACAAGCAGTGGAGTATGTGGTTTAATTCGACGCAACGCGAAGAACCTTACCAAGTCTTGACATCCTGCGACGATGCTGGAAACAGTATTTTCCTTCGG","GGATTAGATACCCTGGGTAGTCCACGCCGTAAACGATGGATACTAGGTGTGGGAGGTATTGACCCCTTCTGTGCCGCAGTTAACACAATAAGTATCCCACCTGGGGAGTACGGCCGCAAGGTTGAAACTCAAAGGAATTGACGGGGCCCGCACAAGCAGTGGAGTATGTGGTTTAATTCGAAGCAACGCGAAGAACCTTACCAGGTCTTGACATCCCGATGACCGGTTCAGAGATGAGCCTTTTCTTCGG","GGATTAGATACCCTTGGTAGTCCACGCCGTAAACGATGAGTGCTAGGTGTTGGGTCCTTTCCGGGACTCAGTGCCGCAGCTAACGCATTAAGCACTCCGCCTGGGGAGTACGACCGCAAGGTTGAAACTCAAAGGAATTGACGGGGGCCCGCACAAGCGGTGGAGCATGTGGTTTAATTCGAAGCAACGCGAAGAACCTTACCAGGTCTTGACATCCCTCTGACCGCTCTAGAGATAGAGTTTTCCTTCG","GGATTAGATACCCTTGGTAGTCCACGCCGTAAACGATGAATGCTAGGTGTCGGGGGCAAAGCCCTTCGGTGCCGCCGCTAACGCAATAAGCATTCCACCTGGGGAGTACGTTCGCAAGAATGAAACTCAAAGGAATTGACGGGGACCCGCACAAGCGGTGGAGCATGTGGTTTAATTCGAAGCAACGCGAAGAACCTTACCAAGTCTTGACATCCCCCTGACCGGCACGTAACGGTGCCCTTCCTTCGGG","GATTAGATACCCTGGGTAGTCCGCACAGTAAACGATGAATACTCGCGGTTGGCGATACAATGTCAGCCGCCAAGCGAAAGCGTTAAGTATTCCACCTGGGGAGTACGCCGGCAACGGTGAAACTCAAAGGAATTGACGGGGGCCCGCACAAGCGGAGGAACATGTGGTTTAATTCGATGATACGCGAGGAACCTTACCCGGGCTTGAACTGCTAGTGACGTATGCAGAGACGCATATTTCTTCGGACACT","GGATTAGATACCCTGGGTAGTCCACGCCCTAAACGATGTCTACTAGTTGTTGGGGACGATAGTCCTTGGTAACGCAGCTAACGCGTGAAGTAGACCGCCTGGGGAGTACGGTCGCAAGATTAAAACTCAAAGGAATTGACGGGACCCGCACAAGCGGTGGATGATGTGGATTAATTCGATGCAACGCGAAAACCTTACCTAGCCTTGACATGCCAGGAAGGCCTGAGAGATCAGGCCGTGCCCGCAAGGG","GGATTAGATACCCTTGGTAGTCCACGCCGTAAACGATGAATACTAGGTGTCGGGGAGCACAGCTCTTCGGTGCCGCCGCAAACGCAATAAGTATTCCACCTGGGGAGTACGTTCGCAAGAATGAAACTCAAAGGAATTGACGGGACCCGCACAAGCGGTGGAGCATGTGGTTTAATTCGAAGCAACGCGAAGAACCTTACCAAGTCTTGACATCCCGATGACCGGTTTGCAATGGAACCTTTTCTTCGGA","GGATTAGATACCCTTGGTAGTCCACGCTGTAAACGATGAATACTAGGTGTGGGGGACTGACCCCTTCCGTGCCGCAGTTAACACAATAAGTATTCCACCTGGGGAGTACGACCGCAAGGTTGAAACTCAAAGGAATTGACGGGGCCCGCACAAGCAGTGGATTATGTGGTTTAATTCGACGCAACGCGAAGAACCTTACCGGGATTTGACATCCTACTAACGAAGTAGAGATACATTAGGTGCCCTTCGG","AGGATTAGATACCCTTGGTAGTCCACGCAGTAAACGATGATAACTCGTTGTCGGCGATACACAGTCGGTGACCCAGCGAAAGCGATAAGTTATCCACCTGGGGAGTACGACCGCAAGGTTGAAACTCAAAGGAATTGACGGGGCCCGCACAAGCGGAGGAACATGTGGTTTAATTCGATGATACGCGAGGAACCTTACCCGGGCTTGAAAGTTAGCGACCGCCTTTGAAAGAGGGCTTCTCTTCGGAGCG","GGATTAGATACCCTTGGTAGTCCACGCCGTAAACGATGACTACTAGGTGTCGGTGTGCAAAGCACATCGGTGCCGCAGCAAACGCAATAAGTAGTCCACCTGGGGAGTACGTTCGCAAGAATGAAACTCAAAGGAATTGACGGGGACCCGCACAAGCGGTGGAGCATGTGGTTTAATTCGAAGCAACGCGAAGAACCTTACCTGGTCTTGACATCCGGATGACGGGCGAGTAATGTCGCCGTCCCTTCGG","GGATTAGATACCCTGGGTAGTCCACGCAGTAAACGATGATAACTCGTTGTCGGCGATATACAGTCGGTGACCAAGCGAAAGCGATAAGTTATCCACCTGGGGAGTACGTTCGCAAGAATGAAACTCAAAGGAATTGACGGGGCCCGCACAAGCGGAGGAACATGTGGTTTAATTCGATGATACGCGAGGAACCTTACCCGGGCTTGAAAGTTAGTGACGGATGCCGAAAGGTGTCTTCCCTTCGGGGCAC","AGGATTAGATACCCTTGGTAGTCCGCACAGTCAACTATGCACACTAGGTGTCTGGGTCTAAGCCCGGGTGCCGCAGCAAACGCGATAAGTGTGCCGCCTGGGGAGTATGCCCGCAAGGGTGAAACTCAAAGGAATTGACGGGGGCCCGCACAAGCGGTGGAGCATGTGGTTTAATTCGATGGTACGCGAGGAACCTTACCTGGGTTTGACATGCATAGGAATGGCCTGGAGACAGGCCAGCGCAGCAATG","AGGATTAGATACCCTTGGTAGTCCACGCCGTAAACGATGAATACTAGGTGTCGGGGAGCAAAGCTCTTCGGTGCCGTCGCAAACGCAGTAAGTATTCCACCTGGGGAGTACGTTCGCAAGAATGAAACTCAAAGGAATTGACGGGACCCGCACAAGCGGTGGAGCATGTGGTTTAATTCGAAGCAACGCGAAGAACCTTACCAAGTCTTGACATCCGCCTGACCGATCCTTAACCGGATCTTTCCTTCGG","GATTAGATACCCTTGGTAGTCCACGCGGTAAACGATGAATGCTAGGTGTCGGGGAGCAAAGCTCTTCGGTGCCGCCGCAAACGCATTAAGCATTCCACCTGGGGAGTACGTTCGCAAGAATGAAACTCAAAGGAATTGACGGGACCCGCACAAGCGGTGGAGCATGTGGTTTAATTCGAAGCAACGCGAAGAACCTTACCAAGTCTTGATATCCCTCTGACCGACTCTTAACCGAGTCTTTCCTTCGGGA","GATTAGATACCCTTGGTAGTCCACGCAGTAAACGATGATAGCTCGTTGTCGGCGATACACAGTCGGTGACTAAGAGAAATCGATAAGCTATCCACCTGGGGAGTACGTTCGCAAGAATGAAACTCAAAGGAATTGACGGGGGCCCGCACAAGCGGAGGAACATGTGGTTTAATTCGATGATACGCGAGGAACCTTACCCGGGCTTGAAAGTTACTGACGATTCTGGAAACAGGATTTCCCTTCGGGGCAG","GATTAGATACCCTTGGTAGTCCACGCCGTAAACGATGAATACTAGGTGTCGGGGAGCATTGCTCTTCGGTGCCGCAGCAAACGCAATAAGTATTCCACCTGGGGAGTACGTTCGCAAGAATGAAACTCAAAGGAATTGACGGGGACCCGCACAAGCGGTGGAGCATGTGGTTTAATTCGAAGCAACGCGAAGAACCTTACCAAGTCTTGACATCCCGATGAAAGAGTATGTAATGTACTTTCTCTTCGGA","GATTAGATACCCTTGGTAGTCCACGCCGTAAACGATGAATGCTAGGTGTTGGGGAGCAAAGCTCTTCGGTGCCGCCGCAAACGCATTAAGCATTCCACCTGGGGAGTACGTTCGCAAGAATGAAACTCAAAGGAATTGACGGGGACCCGCACAAGCGGTGGAGCATGTGGTTTAATTCGAAGCAACGCGAAGAACCTTACCAGGTCTTGACATCCCGATGACCGGTTCGTAATGGAACCTTCTCTTCGGA","GATTAGATACCCTTGGTAGTCCACACAGTAAACGATGAATACTCGCTGTTTGCGATATACAGTAAGCGGCCAAGCGAAAGCATTAAGTATTCCACCTGGGGAGTACGCCGGCAACGGTGAAACTCAAAGGAATTGACGGGGGCCCGCACAAGCGGAGGAACATGTGGTTTAATTCGATGATACGCGAGGAACCTTACCCGGGCTTAAATTGCAAATGAATTATGGGGAAACCCATACGCCGCAAGGCATT","GATTAGATACCCTTGGTAGTCCACGCCGTAAACGATGAATACTAGGTGTCGGGGCTCATAAGAGCTTCGGTGCCGCAGCAAACGCAATAAGTATTCCACCTGGGGAGTACGTTCGCAAGAATGAAACTCAAAGGAATTGACGGGGACCCGCACAAGCGGTGGAGCATGTGGTTTAATTCGAAGCAACGCGAAGAACCTTACCAAGTCTTGACATCCTCTTGGCCGGTCAGTAATGTGACCTTTTCTTCGG","AGGATTAGATACCCTTGGTAGTCCACGCCGTAAACGATGAATACTAGGTGTCGGGGCCCATAAGGGCTTCGGTGCCGCAGCAAACGCAATAAGTATTCCACCTGGGGAGTACGTTCGCAAGAATGAAACTCAAAGGAATTGACGGGGACCCGCACAAGCGGTGGAGCATGTGGTTTAATTCGAAGCAACGCGAAGAACCTTACCAAGTCTTGACATCCCACTGACCGGATAGTAATGTATCCTTTCCTTC","GATTAGATACCCTTGGTAGTCCACGCCGTAAACGATGAATACTAGGTGTCGGGTGGCAAAGCCATTCGGTGCCGTCGCAAACGCAGTAAGTATTCCACCTGGGGAGTACGTTCGCAAGAATGAAACTCAAAGGAATTGACGGGACCCGCACAAGCGGTGGAGCATGTGGTTTAATTCGAAGCAACGCGAAGAACCTTACCAAATCTTGACATCCCTCTGACCGGTCTTTAATCGGACCTTTCCTTCGGGA","AGGATTAGATACCCTTGGTAGTCCACGCAGTAAACGATGGACACTAGCTGTTCGGGCCGAGTGAGGCTTGAGTGGCACAGCGAAAGCGTTAAGTGTCCCACCTGGGGAGTACGCCGGCAACGGTGAAACTCAAAGGAATTGACGGGGGCCCGCACAAGCGGAGGAACATGTGGTTTAATTCGATGATACGCGAGGAACCTTACCCGGGCTCAAACGCACTATGGCGACACGAGAAATCGTGTTTTCCTTA","AGGATTAGATACCCTGGGTAGTCCGCACGGTAAACGATGGATGCCCGCTGTTGGTCTGAATAGGTCAGCGGCCAAGCGAAAGCATTAAGCATCCCACCTGGGGAGTACGCCGGCAACGGTGAAACTCAAAGGAATTGACGGGGCCCGCACAAGCGGAGGAACATGTGGTTTAATTCGATGATACGCGAGGAACCTTACCCGGGCTTGAATTGCAGAAGACGGATCCAGAGATGGTGACTCCCTTCGGGGC","GATTAGATACCCTGGGTAGTCCACGCTGTAAACGATGGATACTAGGTGTGCGGGGACTGACCCCCTGCGTGCCGCAGTTAACACAATAAGTATCCCACCTGGGGAGTACGATCGCAAGGTTGAAACTCAAAGGAATTGACGGGGCCCGCACAAGCGGTGGATTATGTGGTTTAATTCGAAGCAACGCGAAGAACCTTACCAGGTCTTGACATCCTGCTAACGAAGTAGAGATACATTAGGTGCCCTTCGG","GATTAGATACCCTGGGTAGTCCACGCCGTAAACGATGACTGCTAGGTGTCGGGTGGCAAAGCCATTCGGTGCCGCAGCAAACGCAATAAGCAGTCCACCTGGGGAGTACGTTCGCAAGAATGAAACTCAAAGGAATTGACGGGGACCCGCACAAGCGGTGGAGCATGTGGTTTAATTCGAAGCAACGCGAAGAACCTTACCTGATCTTGACATCCCGATGACCGCTTCGTAATGGAAGCTTTTCTTCGGA","GATTAGATACCCTGGGTAGTCCACGCCGTAAACGGTGGATGCTGGATGTGGGGCCCGTTCCACGGGTTCCGTGTCGGAGCTAACGCGTTAAGCATCCCGCCTGGGGAGTACGGCCGCAAGGCTAAAACTCAAAGAAATTGACGGGGCCCGCACAAGCGGCGGAGCATGCGGATTAATTCGATGCAACGCGAAGAACCTTACCTGGGCTTGACATGTTCCCGACGACGCCAGAGATGGCGTTTCCCTTCGG","GGATTAGATACCCTGGGTAGTCCATGCCGTAAACGATGATTACTAGGTGTGGGAGGATTGACCCCTTCCGTGCCGCAGTTAACACAATAAGTAATCCACCTGGGGAGTACGACCGCAAGGTTGAAACTCAAAGGAATTGACGGGGCCCGCACAAGCAGTGGAGTATGTGGTTTAATTCGAAGCAACGCGAAGAACCTTACCAGGTCTTGACATCGGATGCATACCTAAGAGATTAGGGAAGTCCTTCGGG","GGATTAGATACCCTTGGTAGTCCACGCTGTAAACGATCAATACTAGGTGTGCGGGGACTGACCCCCTGCGTGCCGCAGTTAACACAATAAGTATTGCACCTGGGGAGTACGATCGCAAGGTTGAAACTCAAAGGAATTGACGGGGGCCCGCACAAGCGGTGGATTATGTGGTTTAATTCGAAGCAACGCGAAGAACCTTACCAGGGCTTGACATCCTGCTAACGAAGTAGAGATACATCAGGTGCCCTTC","GGATTAGATACCCTTGGTAGTCCACACAGTAAACGATGAATACTCGCTGTTGGCGATATACAGTCAGCGGCCAAGCGAAAGCATTAAGTATTCCACCTGGGGAGTACGCCGGCAACGGTGAAACTCAAAGGAATTGACGGGGGCCCGCACAAGCGGAGGAACATGTGGTTTAATTCGATGATACGCGAGGAACCTTACCCGGGCTTAAATTGCAACTGACGGAATCGGAAACGGTTCTTTCTTCGGACAG","GGATTAGATACCCTTGGTAGTCCACGCCGTAAACGATGAATACTAGGTGTCGGGGAGCACAGCTCTTCGGTGCCGCCGCAAACGCAATAAGTATTCCACCTGGGGAGTACGTTCGCAAGAATGAAACTCAAAGGAATTGACGGGGACCCGCACAAGCGGTGGAGCATGTGGTTTAATTCGAAGCAACGCGAAGAACCTTACCAAGTCTTGACATCCCGATGACCGGTCTGTAATGGGGCCTTCTCTTCGG","AGGATTAGATACCCTTGGTAGTCCGCGCGGTAAACGATGGATGCCCGCTATTTGCGCATTAGCGCAAGTGGCCAAGTGAAACGTTAAGCATCCCACCTGGGGAGTACGCCGGCAACGGTGAAACTCAAAGGAATTGACGGGGCCCGCACAAGCGGAGGAACATGTGGTTTAATTCGATGATACGCGAGGAACCTTACCCGGGCTTGAATTGCAGAGGAAAGATCCAGAGATGGTGATGCCCTTCGGGGCC","AGGATTAGATACCCTGGGTAGTCCACGCCGTAAACGATGGATACTAGGTGTGGGAGGTATTGACCCCTTCCGTGCCGCAGTTAACACAATAAGTATCCCACCTGGGGAGTACGGCCGCAAGGTTGAAACTCAAAGGAATTGACGGGGCCCGCACAAGCAGTGGAGTATGTGGTTTAATTCGAAGCAACGCGAAGAACCTTACCAGGTCTTGACATCCCGATGACCGCCTTAGAGATAAGGCTTTTCTTCG","AGGATTAGATACCCTGGGTAGTCCACACTGTAAACGATGATTACTAGGTGTTGGAGGATTGACCCCTTCAGTGCCGCAGTTAACACAATAAGTAATCCACCTGGGGAGTACGACCGCAAGGTTGAAACTCAAAGGAATTGACGGGGCCCGCACAAGCAGTGGAGTATGTGGTTTAATTCGACGCAACGCGAAGAACCTTACCAAGTCTTGACATCCTGCGACGAACATAGAAATATGTTTTTCCTTCGGG","GATTAGATACCCTGGGTAGTCCACGCCGTAAACGATGAATACTAGGTGTCGGGGAGCATTGCTCTTCGGTGCCGCAGCAAACGCAATAAGTATTCCACCTGGGGAGTACGTTCGCAAGAATGAAACTCAAAGGAATTGACGGGGACCCGCACAAGCGGTGGAGCATGTGGTTTAATTCGAAGCAACGCGAAGAACCTTACCAAGTCTTGACATCCCGATGAAAGAGTATGTAATGTACTTTCTCTTCGGA","AGGATTAGATACCCTTGGTAGTCCACGCTGTAAACGATGGATACTAGGTGTGCGGGGACTGACCCCCTGCGTGCCGCAGTTAACACAATAAGTATCCCACCTGGGGAGTACGATCGCAAGGTTGAAACTCAAAGGAATTGACGGGGCCCGCACAAGCGGTGGATTATGTGGTTTAATTCGAAGCAACGCGAAGAACCTTACCAGGTCTTGACATCCTGCTAACGAAGTAGAGATACATTAGGTGCCCTTC","AGGATTAGATACCCTGGGTAGTCCACACCGTAAACGATGAGTGCTAGGTGTTTGAGGGTTTCCGCCCTTAAGTGCCGCAGCTAACGCATTAAGCACTCCGCCTGGGGAGTACGACCGCAAGGTTGAAACTCAAAGGAATTGACGGGACCCGCACAAGCGGTGGAGCATGTGGTTTAATTCGAAGCAACGCGAAGAACCTTACCAGGTCTTGACATCCCTTGACAACTCCAGAGATGGAGCGTTCCCTTCG","GATTAGATACCCTGGGTAGTCCATGCCGTAAACGATGATAGCTAGGTGTGGGGGGACTGACCCCTTCCGTGCCGGAGTAAACACAATAAGCTATCCACCTGGGGAGTACGACCGCAAGGTTGAAACTCAAAGGAATTGACGGGGCCCGCACAAGCAGTGGAGTATGTGGTTTAATTCGAAGCAACGCGAAGAACCTTACCAGGTCTTGACATCCAACTAACGAAGTAGAGATACATTAGGTGCCCTTCGG","GATTAGATACCCTTGGTAGTCCACGCCGTAAACGATGAATACTAGGTGTCGGGGGACAAAGTCTTTCGGTGCCGCCGCAAACGCAATAAGTATTCCACCTGGGGAGTACGTTCGCAAGAATGAAACTCAAAGGAATTGACGGGACCCGCACAAGCGGTGGAGCATGTGGTTTAATTCGAAGCAACGCGAAGAACCTTACCAAATCTTGACATCCCTCTGAAACACTCTTAATCGAGTGCCTCCTTCGGGA","GATTAGATACCCTTGGTAGTCCACGCTGTAAACGATGATTACTAGGTGTGGGGGACTGACCCCTTCCGTGCCGCAGTTAACACAATAAGTAATCCACCTGGGGAGTACGGCCGCAAGGTTGAAACTCAAAGGAATTGACGGGGCCCGCACAAGCAGTGGAGTATGTGGTTTAATTCGAAGCAACGCGAAGAACCTTACCGGGTCTTGACATCTACAGAATCCTTTAGAGATAAGGGAGTGCCCTTCGGGG","GATTAGATACCCTTGGTAGTCCACACTGTAAACGATGATTGCTAGGTGTGGGGGGTCTGACCCCTTCCGTGCCGCAGCTAACGCAATAAGCAATCCACCTGGGGAGTACGACCGCAAGGTTGAAACTCAAAGGAATTGACGGGACCCGCACAAGCAGTGGATTATGTGGTTTAATTCGAAGCAACGCGAAGAACCTTACCAGCACTTGACATCCAACTAACGAAATAGAGATATATTAGGTGCCCTTCGG","GGATTAGATACCCTTGGTAGTCCACGCCGTAAACGATGAATACTAGGTGTCGGGGAGCACAGCTCTTCGGTGCCGCCGCAAACGCAATAAGTATTCCACCTGGGGAGTACGTTCGCAAGAATGAAACTCAAAGGAATTGACGGGGACCCGCACAAGCGGTGGAGCATGTGGTTTAATTCGAAGCAACGCGAAGAACCTTACCAAATCTTGACATCCCGATGACCGTTCCGTAATGGGGACTTCCCTTCGG","GGATTAGATACCCTGGGTAGTCCACGCCGTAAACGATGAATACTAGGTGTCGGGGCCCAAAAGGGCTTCGGTGCCGCAGCAAACGCAATAAGTATTCCACCTGGGGAGTACGTTCGCAAGAATGAAACTCAAAGGAATTGACGGGACCCGCACAAGCGGTGGAGCATGTGGTTTAATTCGAAGCAACGCGAAGAACCTTACCAAGTCTTGACATCCCACTGACCGGACAGTAATGTGTCCTTTCCTTCGG","AGGATTAGATACCCTGGGTAGTCCGCACAGTAAACGATGAATACTCGCGATTTGCGATACACAGTAAGTCGCCAAGCGAAAGCGTTAAGTATTCCACCTGGGGAGTACGCCGGCAACGGTGAAACTCAAAGGAATTGACGGGGCCCGCACAAGCGGAGGAACATGTGGTTTAATTCGATGATACGCGAGGAACCTTACCCGGGCTTGAACTGCCAGTGACGTATGCAGAGACGCATATTTCTTCGGACAC","AGGATTAGATACCCTTGGTAGTCCATGCCGTAAACGATGATTACTAGGTGTTGGAGGATTGACCCCTTCAGTGCCGCAGTTAACACAATAAGTAATCCACCTGGGGAGTACGACCGCAAGGTTGAAACTCAAAGGAATTGACGGGGCCCGCACAAGCAGTGGAGTATGTGGTTTAATTCGAAGCAACGCGAAGAACCTTACCAGGTCTTGACATCCGATGCATAGCGCAGAGATGCGTGAAGTCCTTCGG","AGGATTAGATACCCTTGGTAGTCCACGCGGTAAACGATGGATGCCCGCTGTTTGCGTCTGACGCAAGCGGCCAAGCGAAAGCGTTAAGCATCCCACCTGGGGAGTACGCCGGCAACGGTGAAACTCAAAGGAATTGACGGGGCCCGCACAAGCGGAGGAACATGTGGTTTAATTCGATGATACGCGAGGAACCTTACCCGGGCTTGAACTGCAGCGGACGGATACAGAGATGTTGACTCCCTTCGGGGTC","GATTAGATACCCTTGGTAGTCCACACCGTAAACGATGATTACTAGGTGTTGGAGGATTGACCCCTTCAGTGCCGCAGTTAACACAATAAGTAATCCACCTGGGGAGTACGACCGCAAGGTTGAAACTCAAAGGAATTGACGGGGCCCGCACAAGCAGTGGAGTATGTGGTTTAATTCGACGCAACGCGAAGAACCTTACCAAGTCTTGACATCCCTTGACAGACATAGAAATGTGTTTTCTCTTCGGAGC","GATTAGATACCCTGGGTAGTCCACGCAGTAAACGATGATAACTCGTTGCCGGCGATACACAGTCGGTGACTTAGCGAAAGCGTTAAGTTATCCACCTGGGGAGTACGTTCGCAAGAATGAAACTCAAAGGAATTGACGGGGCCCGCACAAGCGGAGGAACATGTGGTTTAATTCGATGATACGCGAGGAACCTTACCCGGGCTTGAAAGTTAGCGACGGACCGAGAAATCGGTCTTCCCTTCGGGGCGCG","AGGATTAGATACCCTGGGTAGTCCACGCGGTAAACGATGGATGCTCGCTGTTTGCGTCTGACGTAAGCGGCCAAGCGAAAGCGTTAAGCATCCCACCTGGGGAGTACGCCGGCAACGGTGAAACTCAAAGGAATTGACGGGGCCCGCACAAGCGGAGGAACATGTGGTTTAATTCGATGATACGCGAGGAACCTTACCCGGGCTTGAACTGTAGGCGAACGATTCAGAGATGATGAGGCCCTTCGGGGCG","AGGATTAGATACCCTTGGTAGTCCACACTGTAAACGATGATTGCTAGGTGTGGGGGTCTGACCCCCTCCGTGCCGGAGTTAACGCAATAAGCAATCCACCTGGGGAGTACGGCCGCAAGGTTGAAACTCAAAGGAATTGACGGGACCCGCACAAGCAGTGGATTATGTGGTTTAATTCGAAGCAACGCGAAGAACCTTACCAGGTCTTGACATCCGACTAACGAGATAGAGATATGTCAGGTGCCCTTCG","AGGATTAGATACCCTGGGTAGTCCACGCGGTAAACGATGAATGCTAGGTGTAGGAGGTATCGACCCCTTCTGTGCCGCAGTAAACACAATAAGCATTCCGCCTGGGGAGTACGGCCGCAAGGTTGAAACTCAAAGGAATTGACGGGGCCCGCACAAGCAGCGGAGCATGTGGTTTAATTCGAAGCAACGCGAAGAACCTTACCAGGTCTTGACATCCGTGTAAAGCCGCAGAGATGCGGTGTGAGCTTGC","GATTAGATACCCTGGGTAGTCCGCACAGTAAACGATGAATACTCGCGATTTGCGATACACAGTAAGTCGCCAAGCGAAAGCGTTAAGTATTCCACCTGGGGAGTACGCCGGCAACGGTGAAACTCAAAGGAATTGACGGGGGCCCGCACAAGCGGAGGAACATGTGGTTTAATTCGATGATACGCGAGGAACCTTACCCGGGCTTGAACTGCCAGTGACGGTAGCAGAGACGCTACTTTCTTCGGACACT","GATTAGATACCCTGGGTAGTCCACGCAGTAAACGATGATAACTCGTTGTCGGCGATATACAGTCGGTGACCAAGCGAAAGCGATAAGTTATCCACCTGGGGAGTACGTTCGCAAGAATGAAACTCAAAGGAATTGACGGGGCCCGCACAAGCGGAGGAACATGTGGTTTAATTCGATGATACGCGAGGAACCTTACCCGGGCTTGAAAGTTAGTGACGGATGCCGAAAGGTGTCTTCCCTTCGGGGCACG","GATTAGATACCCTGGGTAGTCCACACGGTAAACGATGAATACTCGCTGTAGGCGATATACGGTCTGCGGCCAAGCGAAAGCATTAAGTATTCCACCTGGGGAGTACGCCGGCAACGGTGAAACTCAAAGGAATTGACGGGGCCCGCACAAGCGGAGGAACATGTGGTTTAATTCGATGATACGCGAGGAACCTTACCCGGGCTTAAATTGCAACCGAATATGGCGGAAACGCCATAGCTAGCAATAGCGG","AGGATTAGATACCCTTGGTAGTCCACGCCGTAAACGATGAATGCTAGGTGTTGGGGAGCAAAGCTCTTCGGTGCCGCCGCAAACGCATTAAGCATTCCACCTGGGGAGTACGTTCGCAAGAATGAAACTCAAAGGAATTGACGGGGACCCGCACAAGCGGTGGAGCATGTGGTTTAATTCGAAGCAACGCGAAGAACCTTACCAGGTCTTGACATCCCGATGACCGGCCCGTAACGGGGCCTTCTCTTCG","AGGATTAGATACCCTTGGTAGTCCATGCCGTAAACGATGATTACTAGGTGTTGGAGGATTGACCCCTTCAGTGCCGCAGTTAACACAATAAGTAATCCACCTGGGGAGTACGACCGCAAGGTTGAAACTCAAAGGAATTGACGGGGGCCCGCACAAGCAGTGGAGTATGTGGTTTAATTCGAAGCAACGCGAAGAACCTTACCAGGTCTTGACATCCGATGCATAGCGCAGAGATGCGTGAAGTCCTTCG","GATTAGATACCCTGGGTAGTCCATGCCGTAAACGATGATTACTAGGTGTTGGAGGATTGACCCCTTCAGTGCCGCAGTTAACACAATAAGTAATCCACCTGGGGAGTACGACCGCAAGGTTGAAACTCAAAGGAATTGACGGGGCCCGCACAAGCAGTGGAGTATGTGGTTTAATTCGAAGCAACGCGAAGAACCTTACCAGGTCTTGACATCCGATGCATAGCACAGAGATGTGTGAAGTCCTTCGGGA","GGATTAGATACCCTGGGTAGTCCACGCCGTAAACGATGAATACTAGGTGTTGGGGAGCATTGCTTCTCGGTGCCGTCGCAAACGCAGTAAGTATTCCACCTGGGGAGTACGTTCGCAAGAATGAAACTCAAAGGAATTGACGGGGACCCGCACAAGCGGTGGAGCATGTGGTTTAATTCGAAGCAACGCGAAGAACCTTACCAAGTCTTGACATCCTTCTGACCGGTACTTAATCGTACCTTCTCTTCGG","GGATTAGATACCCTGGGTAGTCCACGCGGTAAACGATGAATACTAGATGTCGGGTAGCAAAGCTACTCGGTGTCGTCGCAAACGCAATAAGTATTCCACCTGGGGAGTACGTTCGCAAGAATGAAACTCAAAGGAATTGACGGGGACCCGCACAAGCGGTGGAGCATGTGGTTTAATTCGAAGCAACGCGAAGAACCTTACCTGCTCTTGACATCCCATTCGATAGAGGGTAATGCCTCTAGCCCTTCGG","GGATTAGATACCCTGGGTAGTCCACGCGGTAAACGATGAATGCTAGGTGTCGGGGAGCAAAGCTCTTCGGTGCCGCCGCAAACGCATTAAGCATTCCACCTGGGGAGTACGTTCGCAAGAATGAAACTCAAAGGAATTGACGGGGACCCGCACAAGCGGTGGAGCATGTGGTTTAATTCGAAGCAACGCGAAGAACCTTACCAAGTCTTGACATCCCTCTGACCGGAACTTAACCGTTCCTTTCCTTCGG","GGATTAGATACCCTTGGTAGTCCACGCCGTAAACGATGAATACTAGGTGTTGGTGAGCAAAGCTCATCGGTGCCGCCGCAAACGCAATAAGTATTCCACCTGGGGAGTACGTTCGCAAGAATGAAACTCAAAGGAATTGACGGGGACCCGCACAAGCGGTGGAGCATGTGGTTTAATTCGAAGCAACGCGAAGAACCTTACCAAATCTTGACATCCCTCTGAAAAGTCCTTAATCGGGCTCCTCCTTCGG","GGATTAGATACCCTGGGTAGTCCACGCGGTAAACGATGAATGCTAGGTGTAGGAGGTATCGACCCCTTCTGTGCCGCAGTAAACACAATAAGCATTCCGCCTGGGGAGTACGGCCGCAAGGTTGAAACTCAAAGGAATTGACGGGGCCCGCACAAGCAGCGGAGCATGTGGTTTAATTCGAAGCAACGCGAAGAACCTTACCAGGTCTTGACATCCGTGTAAAGCCGCAGAGATGCGGTGTGAGCTTGCT","GGATTAGATACCCTTGGTAGTCCACGCCGTAAACGATGAATACTAGGTGTCGGGGAACAATCGTTCTTCGGTGCCGCAGCAAACGCAATAAGTATTCCACCTGGGGAGTACGTTCGCAAGAATGAAACTCAAAGGAATTGACGGGACCCGCACAAGCGGTGGAGCATGTGGTTTAATTCGAAGCAACGCGAAGAACCTTACCTGGTCTTGACATCCGTGTGACCGGTCAGTAATGTGACCTTTCCTTCGG","GGATTAGATACCCTTGGTAGTCCACGCCGTAAACGATGAATACTAGGTGTTGGGGAGCACAGCTCTTCGGTGCCGCAGCAAACGCAATAAGTATTCCACCTGGGGAGTACGTTCGCAAGAATGAAACTCAAAGGAATTGACGGGGACCCGCACAAGCGGTGGAGCATGTGGTTTAATTCGAAGCAACGCGAAGAACCTTACCAAGTCTTGACATCCCGGTGACCGGTCGGTAATGCGGCCTTCTCTTCGG","GGATTAGATACCCTGGGTAGTCCACGCCGTAAACGATGAATACTAACTGTTTGCGATATAATGTAAGCGGTACAGCGAAAGCGTTAAGTATTCCACCTGGGGAGTACGCCGGCAACGGTGAAACTCAAAGGAATTGACGGGGCCCGCACAAGCGGAGGAACATGTGGTTTAATTCGATGATACGCGAGGAACCTTACCCGGGCTCAAACGACAGGGGAATAATCCCGAAAAGGATTAGCCAGCAATGGTC","AGGATTAGATACCCTTGGTAGTCCACGCAGTAAACGATGAATACTAACTGTTTGCGATACAATGTAAGCGGTACAGCGAAAGCGTTAAGTATTCCACCTGGGGAGTACGCCGGCAACGGTGAAACTCAAAGGAATTGACGGGGCCCGCACAAGCGGAGGAACATGTGGTTTAATTCGATGATACGCGAGGAACCTTACCCGGGCTCAAACGCAGGGGGAATATATATGAAAGTATATAGCTAGCAATAGT","AGGATTAGATACCCTTGGTAGTCCACGCAGTAAACGATGATAGCTCGTTGTCGGCGATACACAGTCGGTGACTAAGAGAAATCGATAAGCTATCCACCTGGGGAGTACGTTCGCAAGAATGAAACTCAAAGGAATTGACGGGGGCCCGCACAAGCGGAGGAACATGTGGTTTAATTCGATGATACGCGAGGAACCTTACCCGGGCTTGAAAGTTACTGACGATTCTGGAAACAGGATTTCCCTTCGGGGC","GGATTAGATACCCTTGGTAGTCCACGCTGTAAACGATGAATGCTAGGTGTTGGGTCCGAGGGACTCGGTGCCGAAGTGAACGCATTAAGCATTCCACCTGGGGAGTACGACCGCAAGGTTGAAACTCAAAGGAATTGACGGGGCCCGCACAAGCGGTGGAGCATGTGGTTTAATTCGAAGCAACGCGAAGAACCTTACCAAGTCTTGACATCCCTCTGAATATCGTAGAAATAGGATAGCTTTTCGGAGC","GGATTAGATACCCTTGGTAGTCCACGCCGTAAACGATGAATACTAGGTGTCAGGGAGCACAGCTCTTTGGTGCCGCCGCAAACGCATTAAGTATTCCACCTGGGGAGTACGTTCGCAAGAATGAAACTCAAAGGAATTGACGGGGACCCGCACAAGCGGTGGAGCATGTGGTTTAATTCGAAGCAACGCGAAGAACCTTACCAAATCTTGACATCCCTCTGACCGGGACTTAGCCGTCCCTTTCCTTCGG","AGGATTAGATACCCTGGGTAGTCCACGCCGTAAACGATGTCGACTTGGAGGTTGTGCCCTTGAGGCGTGGCTTCCGGAGCTAACGCGTTAAGTCGACCGCCTGGGGAGTACGGCCGCAAGGTTAAAACTCAAATGAATTGACGGGGCCCGCACAAGCGGTGGAGCATGTGGTTTAATTCGATGCAACGCGAAGAACCTTACCTGGTCTTGACATCCACGGAAGTTTTCAGAGATGAGAATGTGCCTTCGG","AGGATTAGATACCCTGGGTAGTCCACGCCGTAAACGATGAATGCTAGGTGTTGGGGAGCAAAGCTCTTCGGTGCCGCCGCAAACGCATTAAGCATTCCACCTGGGGAGTACGTTCGCAAGAATGAAACTCAAAGGAATTGACGGGACCCGCACAAGCGGTGGAGCATGTGGTTTAATTCGAAGCAACGCGAAGAACCTTACCAGGTCTTGACATCCCGATGACCGGTTCGTAATGGAACCTTCTCTTCGG","AGGATTAGATACCCTTGGTAGTCCACGCCGTAAACGATGAATACTAGGTGTCGGGGAGCACAGCTCTTCGGTGCCGCCGCAAACGCAATAAGTATTCCACCTGGGGAGTACGTTCGCAAGAATGAAACTCAAAGGAATTGACGGGGACCCGCACAAGCGGTGGAGCATGTGGTTTAATTCGAAGCAACGCGAAGAACCTTACCAAATCTTGACATCCCGATGACCGTTCCGTAATGGGAACTTCTCTTCG","GATTAGATACCCTTGGTAGTCCACGCCGTAAACGATGAATACTAGGTGTCGGGGAGCATGGCTCTTCGGTGCCGTCGCAAACGCAGTAAGTATTCCACCTGGGGAGTACGTTCGCAAGAATGAAACTCAAAGGAATTGACGGGACCCGCACAAGCGGTGGAGCATGTGGTTTAATTCGAAGCAACGCGAAGAACCTTACCAAGTCTTGACATCCCTCTGACCGACTCTTAACCGAGTCTTTCCTTCGGGA","GATTAGATACCCTGGGTAGTCCACACCGTAAACGATGATTACTAGGTGTTGGAGGATTGACCCCTTCAGTGCCGCAGTTAACACAATAAGTAATCCACCTGGGGAGTACGACCGCAAGGTTGAAACTCAAAGGAATTGACGGGGCCCGCACAAGCAGTGGAGTATGTGGTTTAATTCGACGCAACGCGAAGAACCTTACCAAGTCTTGACATCCCTTGACAGACATAGAAATGTGTTTTCTCTTCGGAGC","AGGATTAGATACCCTGGGTAGTCCACGCCGTAAACGATGAATGCTAGGTGTTGGGGAGCAAAGCTCTTCGGTGCCGCCGCAAACGCATTAAGCATTCCACCTGGGGAGTACGTTCGCAAGAATGAAACTCAAAGGAATTGACGGGGACCCGCACAAGCGGTGGAGCATGTGGTTTAATTCGAAGCAACGCGAAGAACCTTACCAGGTCTTGACATCCCGATGACCGGTTCGTAATGGAACCTTCTCTTCG","AGGATTAGATACCCTGGGTATTCCACGCCGTAAACGATGATGGCTAACCGCCGGCGACAGACTGTCGGTGGCCAAGCGAAAGCGATAAGCCATCCACCTGGGGAGTACGTCGGCAACGATGAAACTCAAAGGAATTGACGGGGCCCGCACAAGCGGAGGAACATGTGGTTTAATTCGATGATACGCGAGGAACCTTACCCGGGCTCGAACGGCAGATGAATCAGTCAGAGATGGTTGAGTCTTCGGACAT","GATTAGATACCCTGGGTAGTCCACGCCGTAAACGATGAATACTAGGTGTCGGGGCTCATAAGAGCTTCGGTGCCGCAGCAAACGCAATAAGTATTCCACCTGGGGAGTACGTTCGCAAGAATGAAACTCAAAGGAATTGACGGGGACCCGCACAAGCGGTGGAGCATGTGGTTTAATTCGAAGCAACGCGAAGAACCTTACCAGGCCTTGACATCCCGGTGACCGTCCCGTAATGGGGACCTCTCTTCGG","GATTAGATACCCTGGGTAGTCCACGCCGTAAACGATGAATACTAGGTGTCGGGGGACAAAGTCCTTCGGTGCCGCCGCAAACGCAATAAGTATTCCACCTGGGGAGTACGTTCGCAAGAATGAAACTCAAAGGAATTGACGGGGACCCGCACAAGCGGTGGAGCATGTGGTTTAATTCGAAGCAACGCGAAGAACCTTACCAAGTCTTGACATCCCTCTGAAAAGCCTTTAATCGGGCTCCTCCTTCGGG","AGGATTAGATACCCTGGGTAGTCCGCGCGGTAAACGATGGATGCCCGCTATTTGCCGATTTTCGGCAAGTGGCCAAGTGAAAACGTTAAGCATCCCACCTGGGGAGTACGCCGGCAACGGTGAAACTCAAAGGAATTGACGGGGCCCGCACAAGCGGAGGAACATGTGGTTTAATTCGATGATACGCGAGGAACCTTACCCGGGCTTGAATTGCAGAGGAAAGATCCAGAGATGGTGATGCCCTTCGGGG","AGGATTAGATACCCTTGGTAGTCCACGCGGTAAACGATGAATGCTAGGTGTCGGGGAGCAGAGCTCTTCGGTGCCGCCGCAAACGCATTAAGCATTCCACCTGGGGAGTACGTTCGCAAGAATGAAACTCAAAGGAATTGACGGGGACCCGCACAAGCGGTGGAGCATGTGGTTTAATTCGAAGCAACGCGAAGAACCTTACCAAGTCTTGACATCCTTCTGACCGGAACTTAACCGTTCCTTCCCTTCG","GATTAGATACCCTTGGTAGTCCACGCCCTAAACGATGTCTACTAGTTGTTGGACCGGATGGTTTAGTAACACAGCTAACGCGAGAAGTAGACCGCCTGGGGAGTACGGTCGCAAGATTAAAACTCAAAGGAATTGACGGGGACCCGCACAAGCGGTGGATGATGTGGATTAATTCGATGCAACGCGAAAAACCTTACCTAGCCTTGACATGCCAGGAATCCTGATGAAAGTTGGGAGTGCCCGCAAGGGA","GATTAGATACCCTTGGTAGTCCACACCGTAAACGATGATTACTAGGTGTTGGAGGATTGACCCCTTCAGTGCCGCAGTTAACACAATAAGTAATCCACCTGGGGAGTACGACCGCAAGGTTGAAACTCAAAGGAATTGACGGGGCCCGCACAAGCAGTGGAGTATGTGGTTTAATTCGACGCAACGCGAAGAACCTTACCAAGTCTTGACATCCTGCGACGGTTCTGGAAACAGAACTTTCCTTCGGGAC","AGGATTAGATACCCTGGGTAGTCCGCACAGTAAACGATGAATACTCGCGGTTTGCGATAAACAGTAAGCCGCCAAGCGAAAGCGTTAAGTATTCCACCTGGGGAGTACGCCGGCAACGGTGAAACTCAAAGGAATTGACGGGGCCCGCACAAGCGGAGGAACATGTGGTTTAATTCGATGATACGCGAGGAACCTTACCCGGGCTTGAATTGCAGAGGAAGGATTTGGAGACAATGACGCCCTTCGGGCC","GATTAGATACCCTGGGTAGTCCACGCCGTAAACGATGAATACTAGGTGTCGGGGCACATAAGTGCTTCGGTGCCGCAGCAAACGCAATAAGTATTCCACCTGGGGAGTACGTTCGCAAGAATGAAACTCAAAGGAATTGACGGGGACCCGCACAAGCGGTGGAGCATGTGGTTTAATTCGAAGCAACGCGAAGAACCTTACCAAGTCTTGACATCCCACTGACCGGACAGTAATGTGTCCTTCCCTTCGG","GATTAGATACCCTGGGTAGTCCACACCGTAAACGATGATTACTAGGTGTTGGAGGATTGACCCCTTCAGTGCCGCAGTTAACACAATAAGTAATCCACCTGGGGAGTACGACCGCAAGGTTGAAACTCAAAGGAATTGACGGGGCCCGCACAAGCAGTGGAGTATGTGGTTTAATTCGACGCAACGCGAAGAACCTTACCAAGTCTTGACATCCGTTGACCGACATAGAAATATGTTTTTCCTTCGGGAC","GATTAGATACCCTTGGTAGTCCACACCGTAAACGATGATTACTAGGTGTTGGAGGATTGACCCCTTCAGTGCCGCAGTTAACACAATAAGTAATCCACCTGGGGAGTACGACCGCAAGGTTGAAACTCAAAGGAATTGACGGGGCCCGCACAAGCAGTGGAGTATGTGGTTTAATTCGACGCAACGCGAAGAACCTTACCAAGTCTTGACATCCGTTGACCGACATAGAAATATGTTTTCCTTCGGGACA","GATTAGATACCCTTGGTAGTCCACGCCGTAAACGATGAATACTAGGTGTTGGCAACCAAAGGTTGTCAGTGCCGCCGCAAACGCATTAAGTATTCCACCTGGGGAGTACGTTCGCAAGAATGAAACTCAAAGGAATTGACGGGGACCCGCACAAGCGGTGGAGCATGTGGTTTAATTCGAAGCAACGCGAAGAACCTTACCAAGTCTTGACATCCCACTGACCGGTTCGTAAATGAACCTTCTCTTCGGA","AGGATTAGATACCCTTGGTAGTCCACGCCGTAAACGATGACTGCTAGGTGTCGGGTGGCAAAGCCATTCGGTGCCGCAGCTAACGCAATAAGCAGTCCACCTGGGGAGTACGTTCGCAAGAATGAAACTCAAAGGAATTGACGGGGACCCGCACAAGCGGTGGAGCATGTGGTTTAATTCGAAGCAACGCGAAGAACCTTACCTGATCTTGACATCCCGATGACCGCTTCGTAATGGAAGCTTTTCTTCG","GGATTAGATACCCTTGGTAGTCCACACCGTAAACGATGGATACTAGGTGTAGGAAATGATTTCATTTTCTGTGCCGTCGCAAACGCAATAAGTATCCCACCTGGGGAGTACGGCCGCAAGGTTGAAACTCAAAGGAATTGACGGGGCCCGCACAAGCAGTGGAGTATGTGGTTTAATTCGAAGCAACGCGAAGAACCTTACCAGGGCTTGACATATAGATGAATAACTAAGAGATTAGTTAGTCCTTCGG","GGATTAGATACCCTGGGTAGTCCACACAGTAAACGATGAATACTCGCTGTTTGCGATATACAGTAAGCGGCCAAGCGAAAGCATTAAGTATTCCACCTGGGGAGTACGCCGGCAACGGTGAAACTCAAAGGAATTGACGGGGCCCGCACAAGCGGAGGAACATGTGGTTTAATTCGATGATACGCGAGGAACCTTACCCGGGCTTAAATTGCAGTGGAATGATGTGGAAACATGTCAGTGAGCAATCACC","GGATTAGATACCCTGGGTAGTCCACGCCGTAAACGATGAATGCTAGGTGTTGGGGAGCAAAGCTCTTCGGTGCCGCCGCAAACGCATTAAGCATTCCACCTGGGGAGTACGTTCGCAAGAATGAAACTCAAAGGAATTGACGGGGACCCGCACAAGCGGTGGAGCATGTGGTTTAATTCGAAGCAACGCGAAGAACCTTACCAAGTCTTGACATCCCCTTGAAAAGCCCGTAACGGGGCTCCCTCTTCGG","GGATTAGATACCCTTGGTAGTCCACGCCGTAAACGATGAATACTAGGTGTTGGGGAGCACAGCTCTTCGGTGCCGCAGCAAACGCAATAAGTATTCCACCTGGGGAGTACGTTCGCAAGAATGAAACTCAAAGGAATTGACGGGGACCCGCACAAGCGGTGGAGCATGTGGTTTAATTCGAAGCAACGCGAAGAACCTTACCAAGTCTTGACATCCCGGTGACCAGAGGGTAATGCCTCTTTCTCTTCGG","GGATTAGATACCCTTGGTAGTCCACGCCGTAAACGATGAATACTAGGTGTTGGTGGGCAAAGCCCATCGGTGCCGCCGCAAACGCAATAAGTATTCCACCTGGGGAGTACGTTCGCAAGAATGAAACTCAAAGGAATTGACGGGACCCGCACAAGCGGTGGAGCATGTGGTTTAATTCGAAGCAACGCGAAGAACCTTACCAAGTCTTGACATCGTAGCGACCGGAACTTAACCGTTCCTTCCCTTCGGG","GGATTAGATACCCTTGGTAGTCCACGCCCTAAACGATGTCTACTAGTTGTTGGGGACGATAGTCCTTGGTAACGCAGCTAACGCGTGAAGTAGACCGCCTGGGGAGTACGGTCGCAAGATTAAAACTCAAAGGAATTGACGGGACCCGCACAAGCGGTGGATGATGTGGATTAATTCGATGCAACGCGAAAACCTTACCTAGCCTTGACATGCCAGGAAGGCCTGAGAGATCAGGCCGTGCCCGCAAGGG","GGATTAGATACCCTGGGTAGTCCACACTGTAAACGATGATAACTAGGTGTAGGGGGTCTGACCCCTTCTGTGCCGCAGCTAACGCAATAAGTTATCCACCTGGGGAGTACGACCGCAAGGTTGAAACTCAAAGGAATTGACGGGACCCGCACAAGCAGTGGATTATGTGGTTTAATTCGAAGCAACGCGAAGAACCTTACCAGCACTTGACATCCAACTAACGAAATAGAGATATATTAGGTGCCCTTCG","GGATTAGATACCCTTGGTAGTCCACGCTGTAAACGATGATTACTAGGTGTGGGGGGACTGACCCCTTCCGTGCCGCAGTTAACACAATAAGTAATCCACCTGGGGAGTACGGCCGCAAGGTTGAAACTCAAAGGAATTGACGGGGCCCGCACAAGCAGTGGAGTATGTGGTTTAATTCGAAGCAACGCGAAGAACCTTACCGGGTCTTGACATCTACAGAATCCTTTAGAGATAAGGGAGTGCCCTTCGG","GGATTAGATACCCTTGGTAGTCCACGCCGTAAACGATGAATACTAGGTGTTGGGGAGCATAAGCTCTTCGGTGCCGGCGCAAACGCATTAAGTATTCCACCTGGGGAGTACGTTCGCAAGAATGAAACTCAAAGGAATTGACGGGGACCCGCACAAGCGGTGGAGCATGTGGTTTAATTCGACGCAACGCGAAGAACCTTACCAAGTCTTGACATCCCGGTGACCGGATGGTAACGCATCCTTTTCTTCG","GGATTAGATACCCTGGGTAGTCCACGCAGTAAACGATGATCACTAGCTGTTTGCGATACACGGTAAGCGGCACAGCGAAAGCGTTAAGTGATCCACCTGGGGAGTACGCCGGCAACGGTGAAACTCAAAGGAATTGACGGGGGCCCGCACAAGCGGAGGAACATGTGGTTTAATTCGATGATACGCGAGGAACCTTACCCGGGTTTGAACGCATTTCGACCGCTCTGGAAACAGAGCCTCTAGCAATAGC","AGGATTAGATACCCTTGGTAGTCCGCACCGTAAACGATGAGCGCCCGTCATTGGCGACACACAGTCAGTGACCAAGGGAAACCGTTAAGCGCTCCACCTGGGGAGTACGCCGGCAACGGTGAAACTCAAAGGAATTGACGGGGCCCGCACAAGCGGAGGAACATGTGGTTTAATTCGATGATACGCGAGGAACCTTACCCGGGCTTGAATTGCAGAGGAAGGAACTGGAGACAGTGACGCCCTTCGGGGC","GATTAGATACCCTTGGTAGTCCACGCCGTAAACGATGAATACTAGGTGTAGGGGTTGTCATGACCTCTGTGCCGCCGCTAACGCATTAAGTATTCCGCCTGGGGAGTACGGTCGCAAGATTAAAACTCAAAGGAATTGACGGGGCCCGCACAAGTAGCGGAGCATGTGGTTTAATTCGAAGCAACGCGAAGAACCTTACCTAGACTTGACATCTCCTGAATTACCATGTAATGTGGGAAGTCCTTTCGGG","AGGATTAGATACCCTGGGTAGTCCATGCCGTAAACGATGAGTGCTAGGTGTTGGAGGGTTTCCGCCCTTCAGTGCCGGAGCTAACGCATTAAGCACTCCGCCTGGGGAGTACGACCGCAAGGTTGAAACTCAAAGGAATTGACGGGGGCCCGCACAAGCGGTGGAGCATGTGGTTTAATTCGAAGCTACGCGAAGAACCTTACCAGGTCTTGACATCTTGCGCCAACCCTAGAGATAGGGCGTTTCCTTC","GATTAGATACCCTTGGTAGTCCACACCGTAAACGATGATTACTAGGTGTTGGGAGATTGACCCTCTCAGTGCCGCAGTTAACACAATAAGTAATCCACCTGGGGAGTACGACCGCAAGGTTGAAACTCAAAGGAATTGACGGGGCCCGCACAAGCAGTGGAGTATGTGGTTTAATTCGACGCAACGCGAAGAACCTTACCAAGTCTTGACATCCCTTGACGATGCTGGAAACAGTATTTCTCTTCGGAGC","AGGATTAGATACCCTGGGTAGTCCACGCCGTAAACGATGACTACTAGGTGTCGGGTGGCAAAGCCATTCGGTGCCGCAGCTAACGCAATAAGTAGTCCACCTGGGGAGTACGTTCGCAAGAATGAAACTCAAAGGAATTGACGGGGACCCGCACAAGCGGTGGAGCATGTGGTTTAATTCGAAGCAACGCGAAGAACCTTACCTGCTCTTGACATCCCGGTGACCGCTCCGTAATGGGAGCTTTTCTTCG","AGGATTAGATACCCTGGGTAGTCCACGCCGTAAACGATGGATACTAGGTGTGGGAGGTATTGACCCCTTCCGTGCCGCAGTTAACACATTAAGTATCCCACCTGGGGAGTACGACCGCAAGGTTGAAACTCAAAGGAATTGACGGGGCCCGCACAAGCAGTGGAGTATGTGGTTTAATTCGAAGCAACGCGAAGAACCTTACCTGGTCTTGACATCCCGATGACCGGCCTAGAGATAGGCTTTTCTCTTC","AGGATTAGATACCCTTGGTAGTCCACGCCGTAAACGATGAATACTAGGTGTAGGGGTTGTCATGACCTCTGTGCCGCCGCTAACGCATTAAGTATTCCGCCTGGGGAGTACGGTCGCAAGATTAAAACTCAAAGGAATTGACGGGGCCCGCACAAGCAGCGGAGCATGTGGTTTAATTCGAAGCAACGCGAAGAACCTTACCTAGACTTGACATCTCCTGCATTACCCTTAATCGGGGAAGTTCCTTCGG","AGGATTAGATACCCTGGGTAGTCCACGCCGTAAACGATGAATACTAGGTGTCGGGGAGCAAAGCTCTTCGGTGCCGTCGCAAACGCAGTAAGTATTCCACCTGGGGAGTACGTTCGCAAGAATGAAACTCAAAGGAATTGACGGGACCCGCACAAGCGGTGGAGCATGTGGTTTAATTCGAAGCAACGCGAAGAACCTTACCAAGTCTTGACATCCTTCTGACGGATGCTTAATCGTATCTTCTCTTCGG","AGGATTAGATACCCTTGGTAGTCCACGCGGTAAACGATGAATACTAGATGTCGGGAAGCAAAGCTTCTCGGTGTCGTCGCAAACGCAATAAGTATTCCACCTGGGGAGTACGTTCGCAAGAATGAAACTCAAAGGAATTGACGGGACCCGCACAAGCGGTGGAGCATGTGGTTTAATTCGAAGCAACGCGAAGAACCTTACCTGCTCTTGACATCCCATTCGATAGAGGGTAATGCCTCTAGCCCTTCGG","AGGATTAGATACCCTGGGTAGTCCACGCCGTAAACGATGACTACTAGGTGTCGGGTGGCAAAGCCATTCGGTGCCGCAGCTAACGCAATAAGTAGTCCACCTGGGGAGTACGTTCGCAAGAATGAAACTCAAAGGAATTGACGGGACCCGCACAAGCGGTGGAGCATGTGGTTTAATTCGAAGCAACGCGAAGAACCTTACCTGCTCTTGACATCCCGGTGACCGCTCCGTAATGGGAGCTTTTCTTCGG","AGGATTAGATACCCTGGGTAGTCCACACTGTAAACGATGATAGCTAGGTGTGGGGGGTCTGACCCCTTCCGTGCCGGAGTTAACGCAATAAGCTATCCACCTGGGGAGTACGACCGCAAGGTTGAAACTCAAAGGAATTGACGGGGCCCGCACAAGCAGTGGATTATGTGGTTTAATTCGAAGCAACGCGAAGAACCTTACCAGGTCTTGACATCCAACTAACGAGATAGAGATATGTTAGGTGCCCTTC","AGGATTAGATACCCTGGGTAGTCCACGCTGTAAACGATGAATACTAGGTGTGGGAGGACTGACCCCTTCCGTGCCGCAGTTAACACAATAAGTATTCCACCTGGGGAGTACGATCGCAAGATTGAAACTCAAAGGAATTGACGGGGCCCGCACAAGCAGTGGATTATGTGGTTTAATTCGACGCAACGCGAAGAACCTTACCGGGATTTGACATCCTACTAACGAAGTAGAGATACATTAGGTGCCCTTC","GATTAGATACCCTTGGTAGTCCACGCCGTAAACGATGGATACTAGGTGTGGGAGGTATTGACCCCTTCCGTGCCGCAGTTAACACAATAAGTATCCCACCTGGGGAGTACGGCCGCAAGGTTGAAACTCAAAGGAATTGACGGGGCCCGCACAAGCAGTGGAGTATGTGGTTTAATTCGAAGCAACGCGAAGAACCTTACCAGGTCTTGACATCCCGATGACCGGTTCAGAGATGAGCCTTTTCTTCGGA","AGGATTAGATACCCTTGGTAGTCCACACTGTAAACGATGAATACTAGGTGTGCGGGGACTGACCCCCTGCGTGCCGCAGTAAACACAATAAGTATTCCACCTGGGGAGTACGATCGCAAGGTTGAAACTCAAAGGAATTGACGGGGGCCCGCACAAGCGGTGGATTATGTGGTTTAATTCGAAGCAACGCGAAGAACCTTACCAGGGTTTGACATCCTGCTAACGAAGTAGAGATACATTAGGTGCCCTT","GGATTAGATACCCTGGGTAGTCCACACAGTAAACGATGAATACTCGCTGTTTGCGATATACAGTAAGCGGCCAAGCGAAAGCATTAAGTATTCCACCTGGGGAGTACGCCGGCAACGGTGAAACTCAAAGGAATTGACGGGGGCCCGCACAAGCGGAGGAACATGTGGTTTAATTCGATGATACGCGAGGAACCTTACCCGGGCTTAAATTGCAAATGAATAATCTGGAAACAGGTTAGCCGCAAGGCAT","GGATTAGATACCCTTGGTAGTCCACGCCGTAAACGATGAATACTAGGTGTTGGTGAGCAAAGCTCATCGGTGCCGCCGCAAACGCAATAAGTATTCCACCTGGGGAGTACGTTCGCAAGAATGAAACTCAAAGGAATTGACGGGGACCCGCACAAGCGGTGGAGCATGTGGTTTAATTCGAAGCAACGCGAAGAACCTTACCAAATCTTGACATCCCTCTGAAACACTCTTAATCGAGTGCCTCCTTCGG","GATTAGATACCCTGGGTAGTCCACGCTGTAAACGATGATTACTAGGTGTGGGGGATTGACCCCTTCCGTGCCGCAGTTAACACAATAAGTAATCCACCTGGGGAGTACGACCGCAAGGTTGAAACTCAAAGGAATTGACGGGGCCCGCACAAGCAGTGGAGTATGTGGTTTAATTCGAAGCAACGCGAAGAACCTTACCAGGTCTTGACATCGAGTGACGTATCCAGAGATGGATATTTCCTTCGGGACA","GGATTAGATACCCTTGGTAGTCCACGCAGTAAACGATGATTACTAGGAGTTTGCGATACAATGTAAGCTCTACAGCGAAAGCGTTAAGTAATCCACCTGGGGAGTACGCCGGCAACGGTGAAACTCAAAGGAATTGACGGGGCCCGCACAAGCGGAGGAACATGTGGTTTAATTCGATGATACGCGAGGAACCTTACCCGGGTTTGAACGTAGTCTGACCGGAGTGGAAACACTCTTTCTAGCAATAGCA","AGGATTAGATACCCTTGGTAGTCCACGCCGTAAACGATGAATACTAGGTGTTGGGGAGCAAAGCTCTTCGGTGCCGCCGCAAACGCATTAAGTATTCCACCTGGGGAGTACGTTCGCAAGAATGAAACTCAAAGGAATTGACGGGACCCGCACAAGCGGTGGAGCATGTGGTTTAATTCGAAGCAACGCGAAGAACCTTACCAAGTCTTGACATCCCTCTGACCGACTCTTAACCGAGTCTTTCCTTCGG","AGGATTAGATACCCTTGGTAGTCCACGCCGTAAACGATGAATACTAGGTGTCGGGGCCGTAGAGGCTTCGGTGCCGCAGCCAACGCAGTAAGTATTCCACCTGGGGAGTACGTTCGCAAGAATGAAACTCAAAGGAATTGACGGGACCCGCACAAGCGGTGGAGCATGTGGTTTAATTCGAAGCAACGCGAAGAACCTTACCTGGTCTTGACATCCTTCTGACCGACTCTTAACCGAGTCTTTCCTTCGG","AGGATTAGATACCCTTGGTAGTCCACGCCGTAAACGATGAATACTAGGTGTTGGGGAGCAAAGCTCTTCGGTGCCGCAGCAAACGCAATAAGTATTCCACCTGGGGAGTACGTTCGCAAGAATGAAACTCAAAGGAATTGACGGGACCCGCACAAGCGGTGGAGCATGTGGTTTAATTCGAAGCAACGCGAAGAACCTTACCAAGTCTTGACATCGATCTGACCGGTTCGTAATGGGACCTTTCCTTCGG","AGGATTAGATACCCTGGGTAGTCCACGCCGTAAACGATGAATACTAGGTGTTGGGGAGCATTGCTCTTCGGTGCCGTCGCAAACGCAGTAAGTATTCCACCTGGGGAGTACGTTCGCAAGAATGAAACTCAAAGGAATTGACGGGACCCGCACAAGCGGTGGAGCATGTGGTTTAATTCGAAGCAACGCGAAGAACCTTACCAAGTCTTGACATCCTTCTGACCGGTACTTAACCGTACCTTCTCTTCGG","GATTAGATACCCTTGGTAGTCCACGCCGTAAACGATGAATACTAGGTGTTGGGGAGCAAAGCTCTTCGGTGCCGTCGCAAACGCAGTAAGTATTCCACCTGGGGAGTACGTTCGCAAGAATGAAACTCAAAGGAATTGACGGGACCCGCACAAGCGGTGGAGCATGTGGTTTAATTCGAAGCAACGCGAAGAACCTTACCAGGTCTTGACATCGATCCGACGGGGGAGTAACGTCCCCTTCCCTTCGGGG","GATTAGATACCCTGGGTAGTCCACGCTGTAAACGATGTCGATTTGGGGGTTGAGCTTTAAGCTTGGCGCCCGTAGCTAACGTGATAAATCGACCGCCTGGGGAGTACGGCCGCAAGGTTAAAACTCAAATGAATTGACGGGGCCCGCACAAGCGGTGGAGCATGTGGTTTAATTCGATGCAACGCGAAGAACCTTACCTACTCTTGACATCCAGAGAACATTCCAGAGATGGATTGGTGCCTTCGGGAAC","GATTAGATACCCTTGGTAGTCCACGCCGTAAACGATGAATACTAGGTGTCGGGGCCGTAGAGGCTTCGGTGCCGCAGCCAACGCAGTAAGTATTCCACCTGGGGAGTACGTTCGCAAGAATGAAACTCAAAGGAATTGACGGGACCCGCACAAGCGGTGGAGCATGTGGTTTAATTCGAAGCAACGCGAAGAACCTTACCTGGTCTTGACATCCTTCTGACCGGTCCTTAACCGGACCTTTCCTTCGGGA","GATTAGATACCCTTGGTAGTCCACGCTGTAAACGATGATTACTAGGTGTGGGGGATTTCGGTCCTCCGTGCCGGAGCAAACGCAATAAGTAATCCACCTGGGGAGTACGGCCGCAAGGCTGAAACTCAAAGGAATTGACGGGGCCCGCACAAGCAGTGGATTATGTGGTTTAATTCGAAGCAACGCGAAGAACCTTACCAGGTCTTGACATCCGATGCATAGCTTAGAGATAAGTGAAATCCCTTCGGGG","AGGATTAGATACCCTTGGTAGTCCGCACAGTAAACGATGAATACTCGCGGTTGGCGATACAATGTCAGCCGCCAAGCGAAAGCGTTAAGTATTCCACCTGGGGAGTACGCCGGCAACGGTGAAACTCAAAGGAATTGACGGGGCCCGCACAAGCGGAGGAACATGTGGTTTAATTCGATGATACGCGAGGAACCTTACCCGGGCTTGAACTGCTAGTGACGTATGCAGAGACGCATATTTCTTCGGACAC","AGGATTAGATACCCTGGGTAGTCCGCACGGTAAACGATGGATGCTCGCTGTGTGCCCCTGGGTACGCGGCCAAGCGAAAGCGTTAAGCATCCCACCTGGGGAGTACGCCGGCAACGGTGAAACTCAAAGGAATTGACGGGGCCCGCACAAGCGGAGGAACATGTGGTTTAATTCGATGATACGCGAGGAACCTTACCCGGGCTTGAATTGCAGGAGAACGAAACAGAGATGTTGAGGTCCTTCGGGACTC","AGGATTAGATACCCTTGGTAGTCCACGCCGTAAACGATGATTACTAGGTGTTGGGGATTTATAAATCTTCGGTGCCGTCGCAAACGCAATAAGTAATCCACCTGGGGAGTACGTTCGCAAGAATGAAACTCAAAGGAATTGACGGGACCCGCACAAGCGGTGGAGCATGTGGTTTAATTCGAAGCAACGCGAAGAACCTTACCTGGTCTTGACATCCCGATGAATACAGGGTAATGCCTGTAGTACTTCG","GATTAGATACCCTTGGTAGTCCACACAGTAAACGATGAATACTCGCTGTTTGCGATATACAGTAAGCGGCCAAGCGAAAGCATTAAGTATTCCACCTGGGGAGTACGCCGGCAACGGTGAAACTCAAAGGAATTGACGGGGCCCGCACAAGCGGAGGAACATGTGGTTTAATTCGATGATACGCGAGGAACCTTACCCGGGCTTAAATTGCAACAGAATATATTGGAAACAGTATAGCCGTAAGGCTGTT","GATTAGATACCCTGGGTAGTCCACGCGGTAAACGATGATTGCTAGGTGTAGGTGGGTATGGACCCATCGGTGCCGCAGCTAACGCAATAAGCAATCCACCTGGGGAGTACGTTCGCAAGAATGAAACTCAAAGGAATTGACGGGGACCCGCACAAGCGGTGGAGCATGTGGTTTAATTCGAAGCAACGCGAAGAACCTTACCAAGTCTTGACATCCCAATGACGTGTCCGTAACGGGGCATTCTCTTCGG","GGATTAGATACCCTGGGTAGTCCACGCCGTAAACGATGGATACTAGATGCGGGGAGTATCGACTCTTTCCGTGTCGGAGCAAACGCAATAAGTATCCCGCCTGGGGAGTACGGCCGCAAGGTTGAAACTCAAAGGAATTGACGGGACCCGCACAAGCAGCGGAGCATGTGGTTTAATTCGAAGCAACGCGAAAAACCTTACCAAGACTTGACATCCTCTGACGGATACAGAAATGTAAACATCTTTTCGG","GGATTAGATACCCTGGGTAGTCCACGCTGTAAACGATGGATACTAGGTGTGCGGGGACTGACCCCCTGCGTGCCGCAGTTAACACAATAAGTATCCCACCTGGGGAGTACGATCGCAAGGTTGAAACTCAAAGGAATTGACGGGGCCCGCACAAGCGGTGGATTATGTGGTTTAATTCGAAGCAACGCGAAGAACCTTACCAGGGCTTGACATCCTACTAACGAAGTAGAGATACATTAGGTGCCCTTCG","AGGATTAGATACCCTGGGTAGTCCACGCCGTAAACGATGATTACTAGGTGTCGGGGGACCAAGGTCCTTCGGTGCCGCCGCAAACGCAATAAGTAATCCACCTGGGGAGTACGTTCGCAAGAATGAAACTCAAAGGAATTGACGGGACCCGCACAAGCGGTGGAGCATGTGGTTTAATTCGAAGCAACGCGAAGAACCTTACCTGGTCTTGACATCCCGATGACCGCTCTGTAATGAGAGCTTTTCTTCG","GATTAGATACCCTTGGTAGTCCACGCCGTAAACGATGAATACTAGGTGTCGGGGAGCATTGCTCTTCGGTGCCGCAGCAAACGCAATAAGTATTCCACCTGGGGAGTACGTTCGCAAGAATGAAACTCAAAGGAATTGACGGGGACCCGCACAAGCGGTGGAGCATGTGGTTTAATTCGAAGCAACGCGAAGAACCTTACCAAGTCTTGACATCCCGATGACAAGCTATGTAATGTAGCCTCTCTTCGGA","GATTAGATACCCTTGGTAGTCCACGCCGTAAACGATGAATACTAGGTGTCGGGGCCGTATAGGCTCCGGTGCCGCCGCTAACGCAGTAAGTATTCCACCTGGGGAGTACGTTCGCAAGAATGAAACTCAAAGGAATTGACGGGACCCGCACAAGCGGTGGAGCATGTGGTTTAATTCGAAGCAACGCGAAGAACCTTACCAGGTCTTGACATCCTTCTGACCGCACCTTAATCGGTGCTTTCCTTCGGGA","GATTAGATACCCTTGGTAGTCCACGCAGTAAACGATGATCACTAGCTGTTTGCGATACATTGTAAGCGGCACAGCGAAAGCGTTAAGTGATCCACCTGGGGAGTACGCCGGCAACGGTGAAACTCAAAGGAATTGACGGGGGCCCGCACAAGCGGAGGAACATGTGGTTTAATTCGATGATACGCGAGGAACCTTACCCGGGTTTGAACGCATTTCGACCGCTCTGGAAACAGAGCCTCTAGCAATAGCG","AGGATTAGATACCCTTGGTAGTCCACGCCGTAAACGATGAATACTAGGTGTTGGGGAGCAAAGCTCTTCGGTGCCGCCGCAAACGCATTAAGTATTCCACCTGGGGAGTACGTTCGCAAGAATGAAACTCAAAGGAATTGACGGGGACCCGCACAAGCGGTGGAGCATGTGGTTTAATTCGAAGCAACGCGAAGAACCTTACCAAGTCTTGACATCCCTCTGACCGTTCCTTAACCGGAACTTTCCTTCG","AGGATTAGATACCCTGGGTAGTCCACGCCGTAAACGATGAATACTAGGTGTTGGGGTCTATAAGACTTCGGTGCCGTCGCAAACGCAGTAAGTATTCCACCTGGGGAGTACGTTCGCAAGAATGAAACTCAAAGGAATTGACGGGACCCGCACAAGCGGTGGAGCATGTGGTTTAATTCGAAGCAACGCGAAGAACCTTACCAGGTCTTGACATCCTTCTGACAGCTTTTTAATCGAAGTTTTCCTTCGG","AGGATTAGATACCCTGGGTAGTCCACGCCGTAAACGATGAATACTAGGTGTCGGGGAGCATGGCTCTTCGGTGCCGCCGCAAACGCAATAAGTATTCCACCTGGGGAGTACGTTCGCAAGAATGAAACTCAAAGGAATTGACGGGGACCCGCACAAGCGGTGGAGCATGTGGTTTAATTCGAAGCAACGCGAAGAACCTTACCAAGTCTTGACATCCCGATGACCGGTTCGTAATGGAACCTTTTCTTCG","GATTAGATACCCTGGGTAGTCCACGCCGTAAACGATGTATGCTAGGTGTAGGGGGTATCGACTCCCTCTGTGCCGACGTTAACACATTAAGCATACCGCCTGGGGAGTACGGCCGCAAGGTTGAAACTCAAAGAAATTGACGGGACCCGCACAAGCAGCGGAGCATGTGGTTTAATTCGACGCAACGCGAAAAACCTTACCAGGACTTGACATCGAGTGAAAGCCTAAGAGATTAGGCCCTCCTTCGGGA","GATTAGATACCCTGGGTAGTCCACGCCGTAAACGATGAATACTAGGTGTCGGGGAGCACAGCTCTTCGGTGCCGCCGCAAACGCAATAAGTATTCCACCTGGGGAGTACGTTCGCAAGAATGAAACTCAAAGGAATTGACGGGACCCGCACAAGCGGTGGAGCATGTGGTTTAATTCGAAGCAACGCGAAGAACCTTACCAAATCTTGACATCCCGATGACCGTTCCGTAATGGGAACTTCTCTTCGGAG","GATTAGATACCCTGGGTAGTCCACGCCGTAAACGATGTCAATTAGGAGCTTGGGCAGAAGTCTGGGTTCCGCAGCTAACGCAATAAATTGACCGCCTGGGGAGTACGGCCGCAAGGTTAAAACTCAAATGAATTGACGGGGCCCGCACAAGCGGTGGAGCATGTGGTTTAATTCGACGCAACGCGAAGAACCTTACCTGATCTTGACATCGTAAGAACCTCACTGAAGGGTGAGGGTGCCTTCGGGAACT","GATTAGATACCCTGGGTAGTCCGCACAGTAAACGATGAATACTCGCGGTTTGCGATACACAGTAAGCCGCCAAGCGAAAGCGTTAAGTATTCCACCTGGGGAGTACGCCGGCAACGGTGAAACTCAAAGGAATTGACGGGGCCCGCACAAGCGGAGGAACATGTGGTTTAATTCGATGATACGCGAGGAACCTTACCCGGGCTTGAACTGCCAGTGACGTATGCAGAGACGCATATTTCTTCGGACACTG","GATTAGATACCCTTGGTAGTCCACGCCGTAAACGATGAATACTAGGTGTCGGGGAGCACAGCTCTTCGGTGCCGCCGCAAACGCAATAAGTATTCCACCTGGGGAGTACGTTCGCAAGAATGAAACTCAAAGGAATTGACGGGGACCCGCACAAGCGGTGGAGCATGTGGTTTAATTCGAAGCAACGCGAAGAACCTTACCAAATCTTGACATCCCGATGACCGTTCCGTAATGGGAACTTCTCTTCGGA","GGATTAGATACCCTGGGTAGTCCTAGCCGTAAACGATGGATACTAGGTGTGGGGGGCTCCGCCCTCCGTGCCGCAGCCAACGCATTAAGTATCCCGCCTGGGGAGTACGGCCGCAAGGCTAAAACTCAAAGGAATTGACGGGGCCCGCACAAGCAGCGGAGCATGTGGCTTAATTCGAAGCAACGCGAAGAACCTTACCAGGGCTTGACATGGACGTGAAGCCGGGGAAACCCGGTGGCCGAGAGGAGCG","GGATTAGATACCCTGGGTAGTCCACGCCGTAAACGATGAATACTAGGTGTCGGGTGGCAGAGCCATTCGGTGCCGTCGCAAACGCAGTAAGTATTCCACCTGGGGAGTACGTTCGCAAGAATGAAACTCAAAGGAATTGACGGGGACCCGCACAAGCGGTGGAGCATGTGGTTTAATTCGAAGCAACGCGAAGAACCTTACCAAATCTTGACATCCCTCTGACCGGTCCTTAATCGGACCTTCTCTTCGG","GGATTAGATACCCTGGGTAGTCCACGCCGTAAACGATGAATGCTAGGTGTCGGGGGCAAAGCCCTTCGGTGCCGCCGCTAACGCAATAAGCATTCCACCTGGGGAGTACGTTCGCAAGAATGAAACTCAAAGGAATTGACGGGGACCCGCACAAGCGGTGGAGCATGTGGTTTAATTCGAAGCAACGCGAAGAACCTTACCAAGTCTTGACATCCCCCTGACCGGTCCGTAACGGGGCCCTTCCTTCGGG","GATTAGATACCCTTGGTAGTCCACGCGGTAAACGATGAATGCTAGGTGTCGGGTGACGAAGTCATTCGGTGCCGCCGCAAACGCATTAAGCATTCCACCTGGGGAGTACGTTCGCAAGAATGAAACTCAAAGGAATTGACGGGGACCCGCACAAGCGGTGGAGCATGTGGTTTAATTCGAAGCAACGCGAAGAACCTTACCAAGTCTTGACATCCTTCTGACCGGAACTTAACCGTTCCTTCCCTTCGGG","GATTAGATACCCTGGGTAGTCCACGCCGTAAACGATGAATACTAGGTGTTGGGGAGCATGGCTCTTCGGTGCCGCAGCAAACGCAATAAGTATTCCACCTGGGGAGTACGTTCGCAAGAATAAAACTCAAAGGAATTGACGGGGGCCCGCACAAGCGGAGGAACATGTGGTTTAATTCGATGATACGCGAGGAACCTTACCCGGGCTTGAATTGCAGAGGAAGGATTTGGAGACAATGACGCCCTTCGGG","GGATTAGATACCCTGGGTAGTCCACGCCGTAAACGATGATTACTAGGTGTGGGGGACTGACCCCTTCCGTGCCGCAGTTAACACAATAAGTAATCCACCTGGGGAGTACGGCCGCAAGGTTGAAACTCAAAGGAATTGACGGGGCCCGCACAAGCAGTGGAGTATGTGGTTTAATTCGAAGCAACGCGAAGAACCTTACCAGGTCTTGACATCGAGTGACGTACCTAGAGATAGGTATTTTCTTCGGAAC","GGATTAGATACCCTTGGTAGTCCACGCCGTAAACGATGAGTACTAGCTGTCGGAGGTTACCCCCTTCGGCGGCGCAGCTAACGCATTAAGTACTCCGCCTGGGAAGTACGCTCGCAAGAGTGAAACTCAAAGGAATTGACGGGACCCGCACAAGTAGCGGAGCATGTGGTTTAATTCGAAGCAACGCGAAGAACCTTACCTAAGCTTGACATCCTTTTGACCGATGCCTAATCGCATCTTTCCCTTCGGG","GGATTAGATACCCTTGGTAGTCCACGCCGTAAACGATGAATACTAGGTGTCGGGGAGCATGGCTCTTCGGTGCCGTCGCAAACGCAGTAAGTATTCCACCTGGGGAGTACGTTCGCAAGAATGAAACTCAAAGGAATTGACGGGGACCCGCACAAGCGGTGGAGCATGTGGTTTAATTCGAAGCAACGCGAAGAACCTTACCAAGTCTTGACATCCCTCTGACCGGAACTTAACCGTTCCTTTCCTTCGG","AGGATTAGATACCCTGGGTAGTCCACGCCGTAAACGATGAATACTAGGTGTGGGGGGACTGACCCCTTCCGTGCCGCAGTTAACACAATAAGTATTCCACCTGGGGAGTACGACCGCAAGGTTGAAACTCAAAGGAATTGACGGGGCCCGCACAAGCAGTGGATTATGTGGTTTAATTCGAAGCAACGCGAAGAACCTTACCAGGGCTTGACATCCAACTAACGAAGCAGAGATGCATTAGGTGCCCTTC","AGGATTAGATACCCTGGGTAGTCCACGCCGTAAACGATGAATACTAGGTGTCGGGGCCGTAGAGGCTTCGGTGCCGCAGCCAACGCAGTAAGTATTCCACCTGGGGAGTACGTTCGCAAGAATGAAACTCAAAGGAATTGACGGGACCCGCACAAGCGGTGGAGCATGTGGTTTAATTCGAAGCAACGCGAAGAACCTTACCTGGTCTTGACATCCTTCTGACCGGTCCTTAACCGGACCTTTCCTTCGG","AGGATTAGATACCCTTGGTAGTCCACGCCGTAAACGATGAATACTAGGTGTCGGGTGGCAAAGCCATTCGGTGCCGTCGCAAACGCAGTAAGTATTCCACCTGGGGAGTACGTTCGCAAGAATGAAACTCAAAGGAATTGACGGGACCCGCACAAGCGGTGGAGCATGTGGTTTAATTCGAAGCAACGCGAAGAACCTTACCAAATCTTGACATCCCTCTGACCGGCTCTTAATCGAGTCTTTCCTTCGG","AGGATTAGATACCCTTGGTAGTCCACGCGGTAAACGATGGATGCTCGCTGTTTGCGTCTGACGTAAGCGGCCAAGCGAAAGCGTTAAGCATCCCACCTGGGGAGTACGCCGGCAACGGTGAAACTCAAAGGAATTGACGGGGCCCGCACAAGCGGAGGAACATGTGGTTTAATTCGATGATACGCGAGGAACCTTACCCGGGCTTGAACTGTAGGCGAACGAATCAGAGATGATGAGGTCCTTCGGGACG","AGGATTAGATACCCTGGGTAGTCCACGCTGTAAACGATGAACACTAGGTGTAGGGGCGCAAGCTTCTGTGCCGGAGTTAACACAATAAGTGTTCCACCTGGGGAGTACGGCCGCAAGGTTGAAACTCAAAGGAATTGACGGGAGCCCGCACAAGCAGTGGAGTATGTGGTTTAATTCGATGCAACGCGAAGAACCTTACCAAAACTTGACATCCTGAGAAGACTGATGTAATGTCGGTTGTGCCCTTCGG","GATTAGATACCCTGGGTAGTCCACGCCGTAAACGATGAATACTAGGTGTTGGGGAGCAAAGCTCTTCGGTGCCGCCGCAAACGCATTAAGTATTCCACCTGGGGAGTACGTTCGCAAGAATGAAACTCAAAGGAATTGACGGGACCCGCACAAGCGGTGGAGCATGTGGTTTAATTCGAAGCAACGCGAAGAACCTTACCAAGTCTTGACATCCCTCTGACCGTTCCTTAACCGGAACTTTCCTTCGGGA","AGGATTAGATACCCTTGGTAGTCCACGCCCTAAACGATGTACACTAGTTGTTGGGGTGCTAGCCATCTCAGTAATGCAGCTAACGCATTAAGTGTACCGCCTGGGGAGTACGGTCGCAAGATTAAAACTCAAAGGAATAGACGGGGACCCGCACAAGCGGTGGAGCATGTGGTTTAATTCGAAGATACGCGAAGAACCTTACCTGGGCTTGATATCCTAAGAACCTTATAGAGATATGAGGGTGCTAGCT","AGGATTAGATACCCTGGGTAGTCCACGCGGTAAACGATGAATACTAGATGTCGGGTAGCATAGCTATTCGGTGTCGTCGCAAACGCAATAAGTATTCCACCTGGGGAGTACGTTCGCAAGAATGAAACTCAAAGGAATTGACGGGGACCCGCACAAGCGGTGGAGCATGTGGTTTAATTCGAAGCAACGCGAAGAACCTTACCTGCTCTTGACATCCCATTCGATAGAGGGTAATGCCTCTAGCCCTTCG","AGGATTAGATACCCTGGGTAGTCCACGCTGTAAACGATGATTACTAGGTGTGGGGGGACTGACCCCTTCCGTGCCGCAGTTAACACAATAAGTAATCCACCTGGGGAGTACGGCCGCAAGGTTGAAACTCAAAGGAATTGACGGGGCCCGCACAAGCAGTGGAGTATGTGGTTTAATTCGAAGCAACGCGAAGAACCTTACCAGGTCTTGACATCGAGTGAATAACTAAGAGATTAGTTAGTCCTTCGGG","AGGATTAGATACCCTTGGTAGTCCACGCCGTAAACGATGAATACTAGGTGTTGGAAGGCAAAGCCTTTCAGTGCCGTCGCAAACGCATTAAGTATTCCACCTGGGGAGTACGTTCGCAAGAATGAAACTCAAAGGAATTGACGGGGACCCGCACAAGCGGTGGAGCATGTGGTTTAATTCGAAGCAACGCGAAGAACCTTACCAGACCTTGACATCCCTCTGAATACAGTGTAATGACTGTAGGCCTTCG","AGGATTAGATACCCTGGGTAGTCCACGCTGTAAACGATGAATACTAGGTGTGGGAGGACTGACCCCTTCCGTGCCGCAGTTAACACAATAAGTATTCCACCTGGGGAGTACGATCGCAAGATTGAAACTCAAAGGAATTGACGGGGCCCGCACAAGCAGTGGATTATGTGGTTTAATTCGACGCAACGCGAAGAACCTTACCGGGATTTGACATCCTACTAACGAAGCAGAGATGCATTAGGTGCCCTTC","AGGATTAGATACCCTGGGTAGTCCGCACGGTAAACGATGGATGCTCGCTGTGTGCCTTTGGGTACGCGGCCAAGCGAAAGCGTTAAGCATCCCACCTGGGGAGTACGCCGGCAACGGTGAAACTCAAAGGAATTGACGGGGCCCGCACAAGCGGAGGAACATGTGGTTTAATTCGATGATACGCGAGGAACCTTACCCGGGCTTGAATTGCAGGAGAACGAAACAGAGATGTTGAGGTCCTTCGGGACTC","GATTAGATACCCTGGGTAGTCCACACCGTAAACGATGATTACTAGGTGTTGGAGGATTGACCCCTTCAGTGCCGCAGTTAACACAATAAGTAATCCACCTGGGGAGTACGACCGCAAGGTTGAAACTCAAAGGAATTGACGGGGCCCGCACAAGCAGTGGAGTATGTGGTTTAATTCGACGCAACGCGAAGAACCTTACCAAGTCTTGACATCCTGTGACAGACGTAGAAATACGTTCTTCCTTCGGGAC","GATTAGATACCCTGGGTAGTCCACGCTGTAAACGATGAATACTAGGTGTGGGGGGACTGACCCCTTCCGTGCCGCAGTTAACACAATAAGTATTCCACCTGGGGAGTACGACCGCAAGGTTGAAACTCAAAGGAATTGACGGGGCCCGCACAAGCAGTGGATTATGTGGTTTAATTCGACGCAACGCGAAGAACCTTACCAGGATTTGACATCCCACTAACGAAGTAGAGATACATTAGGTACCCTTCGG","GATTAGATACCCTGGGTAGTCCACGCTGTAAACGATGAATACTAGGTGTGGGAGGACTGACCCCTTCCGTGCCGCAGTTAACACAATAAGTATTCCACCTGGGGAGTACGATCGCAAGATTGAAACTCAAAGGAATTGACGGGGCCCGCACAAGCAGTGGATTATGTGGTTTAATTCGACGCAACGCGAAGAACCTTACCGGGATTTGACATCCTACTAACGAAGCAGAGATGCATTAGGTGCCCTTCGG","GATTAGATACCCTGGGTAGTCCACGCCGTAAACGATGAATACTAGGTGTCGGGGAGCACAGCTCTTCGGTGCCGCCGCAAACGCAATAAGTATTCCACCTGGGGAGTACGTTCGCAAGAATGAAACTCAAAGGAATTGACGGGGACCCGCACAAGCGGTGGAGCATGTGGTTTAATTCGAAGCAACGCGAAGAACCTTACCAAATCTTGACATCCCGATGACCGTTCCGTAATGGGAACTTCCCTTCGGG","AGGATTAGATACCCTTGGTAGTCCACGCGGTAAACGATGAATACTAGATGTCGGGTAGCAAAGCTATTCGGTGTCGTCGCAAACGCAATAAGTATTCCACCTGGGGAGTACGTTCGCAAGAATGAAACTCAAAGGAATTGACGGGGACCCGCACAAGCGGTGGAGCATGTGGTTTAATTCGAAGCAACGCGAAGAACCTTACCTGCTCTTGACATCCCATTCGATAGAAGGTAATGCTTCTAGCCCTTCG","GATTAGATACCCTTGGTAGTCCGCACGGTAAACGATGGATGCCCGCTGTTGGTCTGAATAGGTCAGCGGCCAAGCGAAAGCATTAAGCATCCCACCTGGGGAGTACGCCGGCAACGGTGAAACTCAAAGGAATTGACGGGGGCCCGCACAAGCGGAGGAACATGTGGTTTAATTCGAAGCAACGCGAAGAACCTTACCTAAGCTTGACATCCTTTTGACCGATGCTTAATCGCATCTTTCCCTTCGGGGA","GATTAGATACCCTGGGTAGTCCGCACGGTAAACGATGGATGCTCGCTGTGTGCCTTTGGGTATGCGGCCAAGCGAAAGCGTTAAGCATCCCACCTGGGGAGTACGCCGGCAACGGTGAAACTCAAAGGAATTGACGGGGCCCGCACAAGCGGAGGAACATGTGGTTTAATTCGATGATACGCGAGGAACCTTACCCGGGCTTGAATTGCAGAGGAAGGATTTAGAGATAATGACGCCCTTCGGGGCCTCT","GATTAGATACCCTGGGTAGTCCACGCCGTAAACGATGACTACTAGGTGTCGGGTGGCAAAGCCATTCGGTGCCGCAGCTAACGCAATAAGTAGTCCACCTGGGGAGTACGTTCGCAAGAATGAAACTCAAAGGAATTGACGGGGACCCGCACAAGCGGTGGAGCATGTGGTTTAATTCGAAGCAACGCGAAGAACCTTACCTGCTCTTGACATCCCGGTGACCGCTCCGTAATGGGAGCTTTTCTTCGGA","GGATTAGATACCCTGGGTAGTCCACGCCGTAAACGATGAATACTAGGTGTCGGGGAGCATTGCTCTTCGGTGCCGCAGCAAACGCAATAAGTATTCCACCTGGGGAGTACGTTCGCAAGAATGAAACTCAAAGGAATTGACGGGGACCCGCACAAGCGGTGGAGCATGTGGTTTAATTCGAAGCAACGCGAAGAACCTTACCAAGTCTTGACATCCCGATGACAAGCTATGTAATGTAGCCTCTCTTCGG","GGATTAGATACCCTGGGTAGTCCACGCCGTAAACGATGTCGACTTGGAGGTTGTGCCCTTGAGGCGTGGCTTCCGGAGCTAACGCGTTAAGTCGACCGCCTGGGGAGTACGGCCGCAAGGTTAAAACTCAAATGAATTGACGGGGCCCGCACAAGCGGTGGAGCATGTGGTTTAATTCGATGCAACGCGAAGAACCTTACCTACTCTTGACATCCACGGAATTTAGCAGAGATGCTTTAGTGCCTTCGGG","AGGATTAGATACCCTTGGTAGTCCACGCCGTAAACGATGAATACTAGGTGTCGGGGAGCATTGCTCTTCGGTGCCGCAGCAAACGCAATAAGTATTCCACCTGGGGAGTACGTTCGCAAGAATGAAACTCAAAGGAATTGACGGGGACCCGCACAAGCGGTGGAGCATGTGGTTTAATTCGAAGCAACGCGAAGAACCTTACCAAGTCTTGACATCCCACTGACCTAACATGTAATGTGTTATCTCTTCG","AGGATTAGATACCCTTGGTAGTCCACGCCGTAAACGATGAGTGCTAGGTGTTGGGTCCTTTCCGGGATTCAGTGCCGCAGCTAACGCATTAAGCACTCCGCCTGGGGAGTACGACCGCAAGGTTGAAACTCAAAGGAATTGACGGGGGCCCGCACAAGCGGTGGAGCATGTGGTTTAATTCGAAGCAACGCGAAGAACCTTACCAGGTCTTGACATCCCGATGCTATTTCTAGAGATAGGAAGTTACTTC","AGGATTAGATACCCTTGGTAGTCCCAGCCGTAAACGATGGACGCTAGGTGTGGGGGGAACCGTCCCCCGTGCCGCAGCCAACGCATTAAGCGTCCCGCCTGGGGAGTACGGCCGCAAGGCTAAAACTCAAAGGAATTGACGGGGCCCGCACAAGCAGCGGAGCATGTGGCTTAATTCGAAGCAACGCGAAGAACCTTACCGGGGCTTGACATGGCGGTGAAGCGGGGGAGACCCCGTGGCCGAGAGGAGC","AGGATTAGATACCCTTGGTAGTCCCAGCCGTAAACGATGGACGCTAGGTGTGGGGGGGACGCCCCTCCGTGCCGCAGCCAACGCATTAAGCGTCCCGCCTGGGGAGTACGGCCGCAAGGCTAAAACTCAAAGGAATTGACGGGGCCCGCACAAGCAGCGGAGCATGTGGCTTAATTCGAAGCAACGCGAAGAACCTTACCTGGGCTTGACATCACGGTGAAGCGGCGGAGACGTCGTGGCCGAGAGGAGC","GATTAGATACCCTGGGTAGTCCACGCCGTAAACGATGAATACTAGGTGTCGGGGCTCATAAGAGCTTCGGTGCCGCAGCAAACGCAATAAGTATTCCACCTGGGGAGTACGTTCGCAAGAATGAAACTCAAAGGAATTGACGGGGACCCGCACAAGCGGTGGAGCATGTGGTTTAATTCGAAGCAACGCGAAGAACCTTACCAAGTCTTGACATCCTCTTGCCCGGTCAGTAATGTGACCTTTTCTTCGG","AGGATTAGATACCCTTGGTAGTCCACGCCGTAAACGATGAATACTAGGTGTCGGGGTCTCATGAGACTTCGGTGCCGCAGCAAACGCAATAAGTATTCCACCTGGGGAGTACGTTCGCAAGAATGAAACTCAAAGGAATTGACGGGGACCCGCACAAGCGGTGGAGCATGTGGTTTAATTCGAAGCAACGCGAAGAACCTTACCAGGTCTTGACATCCCACTGACCGGTTCGTAATGGAACCTTTCCTTC","AGGATTAGATACCCTGGGTAGTCCACGCGGTAAACGATGAATACTAGATGTCGGGAAGCAAAGCTTCTCGGTGTCGTCGCAAACGCAATAAGTATTCCACCTGGGGAGTACGTTCGCAAGAATGAAACTCAAAGGAATTGACGGGGACCCGCACAAGCGGTGGAGCATGTGGTTTAATTCGAAGCAACGCGAAGAACCTTACCTGCTCTTGACATCCCATTCGATAGAGGGTAATGCCTCTAGCCCTTCG","AGGATTAGATACCCTGGGTAGTCCACACTGTAAACGATGGATACTAGGTGTAGGGTGTATTAAGCACTCTGTGCCGCCGCAAACGCATTAAGTATCCCACCTGGGGAGTACGACCGCAAGGTTGAAACTCAAAGGAATTGACGGGGGCCCGCACAAGCAGTGGAGTATGTGGTTTAATTCGAAGCAACGCGAAGAACCTTACCAGGGCTTGACATAAACAGGAATAAGTAAGAGATTACTTAGCTCTTCG","AGGATTAGATACCCTTGGTAGTCCACGCCGTAAACGATGAATACTAGGTGTCGGGGAGCACAGCTCTTCGGTGCCGCCGCAAACGCAATAAGTATTCCACCTGGGGAGTACGTTCGCAAGAATGAAACTCAAAGGAATTGACGGGGACCCGCACAAGCGGTGGAGCATGTGGTTTAATTCGAAGCAACGCGAAGAACCTTACCAAATCTTGACATCCCGATGACCGTTCCGTAATGGGAACTTCCCTTCG","AGGATTAGATACCCTGGGTAGTCCGCACAGTAAACGATGAATACTCGCGATTTGCGATACACAGTAAGTCGCCAAGCGAAAGCGTTAAGTATTCCACCTGGGGAGTACGCCGGCAACGGTGAAACTCAAAGGAATTGACGGGGCCCGCACAAGCGGAGGAACATGTGGTTTAATTCGATGATACGCGAGGAACCTTACCCGGGCTTGAACTGCCAGCGACGGTAGCAGAGACGCTACTTTCTTCGGACGC","AGGATTAGATACCCTGGGTAGTCCACGCCGTAAACGATGAATGCTAGGTGTTGGGGAGCAAAGCTCTTCGGTGCCGCCGCAAACGCATTAAGCATTCCACCTGGGGAGTACGTTCGCAAGAATGAAACTCAAAGGAATTGACGGGGACCCGCACAAGCGGTGGAGCATGTGGTTTAATTCGAAGCAACGCGAAGAACCTTACCAAGTCTTGACATCCCGATGAAAATCCTTAACCGGATTCCCTCTTCGG","AGGATTAGATACCCTTGGTAGTCCATGCCGTAAACGATGATTACTAGGTGTTGGAGGATTGACCCCTTCAGTGCCGCAGTTAACACAATAAGTAATCCACCTGGGGAGTACGACCGCAAGGTTGAAACTCAAAGGAATTGACGGGGCCCGCACAAGCAGTGGAGTATGTGGTTTAATTCGAAGCAACGCGAAGAACCTTACCAGGTCTTGACATCCGATGCATAGCACAGAGATGTGTGAAGTCCTTCGG","GATTAGATACCCTTGGTAGTCCACGCCGTAAACGATGAATACTAGGTGTCAGGGAGCACAGCTCTTTGGTGCCGCCGCAAACGCATTAAGTATTCCACCTGGGGAGTACGTTCGCAAGAATGAAACTCAAAGGAATTGACGGGGACCCGCACAAGCGGTGGAGCATGTGGTTTAATTCGAAGCAACGCGAAGAACCTTACCAAATCTTGACATCCCTCTGACCGGGACTTAACCGTCCCCTTTCTTCGGA","GATTAGATACCCTGGGTAGTCCACGCCGTAAACGATGAATACTAGGTGTTGGGTTTCATAAGAAGCTCGGTGCCGGCGCAAACGCATTAAGTATTCCACCTGGGGAGTACGTTCGCAAGAATGAAACTCAAAGGAATTGACGGGACCCGCACAAGCGGTGGAGCATGTGGTTTAATTCGAAGCAACGCGAAGAACCTTACCAAGTCTTGACATCCCGTTGACCTGTTATGTAATGTAACATCTCTTCGGA","GATTAGATACCCTTGGTAGTCCACGCGGTAAACGATGAATGCTAGGTGTCGGGTGACAAAGTCATTCGGTGCCGCCGCAAACGCATTAAGCATTCCACCTGGGGAGTACGTTCGCAAGAATGAAACTCAAAGGAATTGACGGGGACCCGCACAAGCGGTGGAGCATGTGGTTTAATTCGAAGCAACGCGAAGAACCTTACCAAGTCTTGACATCCTTCTGACCGGAACTTAACCGTTCCTTCCCTTCGGG","GATTAGATACCCTGGGTAGTCCACACCGTAAACGATGATTACTAGGTGTTGGGAGATTGACCCTCTCAGTGCCGCAGTTAACACAATAAGTAATCCACCTGGGGAGTACGACCGCAAGGTTGAAACTCAAAGGAATTGACGGGGCCCGCACAAGCAGTGGAGTATGTGGTTTAATTCGACGCAACGCGAAGAACCTTACCAAGTCTTGACATCCTCTGACGAACGTAGAAATACGTTTTCTCTTCGGAGC","GATTAGATACCCTGGGTAGTCCACGCCGTAAACGATGAATGCTAGGTGTAGGAGGTATCGACCCCTTCTGTGCCGGAGTTAACGCAATAAGCATTCCGCCTGGGGAGTACGGCCGCAAGGCTGAAACTCAAAGGAATTGACGGGGGCCCGCACAAGCGGTGGAGTATGTGGTTTAATTCGACGCAACGCGAAGAACCTTACCAGGGCTTGACATTGAGTGAAAGGACAAGAGATTGTCCCCTCTCTTCGG","GATTAGATACCCTTGGTAGTCCACACCGTAAACGATGGATACTAGGTGTAGGGAATATTAAAATTCTCTGTGCCGCCGCTAACGCAATAAGTATCCCACCTGGGGAGTACGGCCGCAAGGTTGAAACTCAAAGGAATTGACGGGGCCCGCACAAGCAGTGGAGTATGTGGTTTAATTCGACGCAACGCGAAGAACCTTACCAGGGCTTGACATATAAGTGAATAATTAAGAGATTAGTTAGCTCTTCGGA","GATTAGATACCCTGGGTAGTCCACGCCGTAAACGATGAATACTAGGTGTTGGGTAGCAAAGCTATTCGGTGCCGCAGCAAACGCAATAAGTATTCCACCTGGGGAGTACGTTCGCAAGAATGAAACTCAAAGGAATTGACGGGGACCCGCACAAGCGGTGGAGCATGTGGTTTAATTCGAAGCAACGCGAAGAACCTTACCAAATCTTGACATCGATCCGACCGGACCGTAATGGGTCTTTTCCCTTCGG","GGATTAGATACCCTGGGTAGTCCACGCCGTAAACGATGATTACTAGGTGTTGGTGGGTATGACCCATCGGTGCCGCAGCAAACGCAATAAGTAATCCACCTGGGGAGTACGTTCGCAAGAATGAAACTCAAAGGAATTGACGGGACCCGCACAAGCGGTGGAGCATGTGGTTTAATTCGAAGCAACGCGAAGAACCTTACCTGGTCTTGACATCCCTATGAATAACGGGCAATGCCGTTAGTACTTCGGT","GGATTAGATACCCTGGGTAGTCCACGCCGTAAACGATGAATACTAGGTGTCGGGGAGCATGGCTCTTCGGTGCCGTCGCAAACGCAGTAAGTATTCCACCTGGGGAGTACGTTCGCAAGAATGAAACTCAAAGGAATTGACGGGACCCGCACAAGCGGTGGAGCATGTGGTTTAATTCGAAGCAACGCGAAGAACCTTACCAAGTCTTGACATCCGCCTGACCGATCCTTAACCGGATCTTTCCTTCGGG","GGATTAGATACCCTTGGTAGTCCACGCCGTAAACGATGAATACTAGGTGTCGGGGGACAAAGTCCTTCGGTGCCGCCGCAAACGCAATAAGTATTCCACCTGGGGAGTACGTTCGCAAGAATGAAACTCAAAGGAATTGACGGGACCCGCACAAGCGGTGGAGCATGTGGTTTAATTCGAAGCAACGCGAAGAACCTTACCAAATCTTGACATCCCTCTGAAACACTTTTAATCGAGTGCCTCCTTCGGG","GGATTAGATACCCTTGGTAGTCCACGCCGTAAACGATGAATACTAGGTGTAGGGGTTGTCATGACCTCTGTGCCGCCGCTAACGCATTAAGTATTCCGCCTGGGGAGTACGGTCGCAAGATTAAAACTCAAAGGAATTGACGGGGCCCGCACAAGCAGCGGAGCATGTGGTTTAATTCGAAGCAACGCGAAGAACCTTACCTAGACTTGACATCTCCTGCATTACTCTTAATCGAGGAAGTCCCTTCGGG","GGATTAGATACCCTTGGTAGTCCACGCCGTAAACGATGCTCACTGGATCTTGGCGATACACTGCCAGGGTTCAAGCGAAAGTATTAAGTGAGCCACCTGGGGAGTACGTCGGCAACGATGAAACTCAAAGGAATTGACGGGGGCCCGCACAAGCGGAGGAACATGTGGTTTAATTCGATGATACGCGAGGAACCTTACCCGGGTTTAAATGTATTTTGCATTTCTTGGAAACAGGAATTCCCTTCGGGGC","AGGATTAGATACCCTGGGTAGTCCACGCCGTAAACGATGACTACTAGGTGTCGGGTGGCAAAGCCATTCGGTGCCGCAGCCAACGCAATAAGTAGTCCACCTGGGGAGTACGTTCGCAAGAATGAAACTCAAAGGAATTGACGGGACCCGCACAAGCGGTGGAGCATGTGGTTTAATTCGAAGCAACGCGAAGAACCTTACCTGCTCTTGACATCCCGATGACCGCAGAGTAATGTCTGCTTTTCTTCGG","AGGATTAGATACCCTGGGTAGTCCACGCCGTAAACGATGAATACTAGGTGTCGGGGCCCATAAGGGCTTCGGTGCCGCAGCAAACGCAATAAGTATTCCACCTGGGGAGTACGTTCGCAAGAATGAAACTCAAAGGAATTGACGGGACCCGCACAAGCGGTGGAGCATGTGGTTTAATTCGAAGCAACGCGAAGAACCTTACCAAGTCTTGACATCCTCTTGACCGGTCAGTAATGTGACCTTTTCTTCG","AGGATTAGATACCCTGGGTAGTCCCAGCCGTAAACGATGGACGCTAGGTGTGGGGGGACGAGCCCCCCGTGCCGCAGCCAACGCACTAAGCGTCCCGCCTGGGGAGTACGGCCGCAAGGCTAAAACTCAAAGGAATTGACGGGGCCCGCACAAGCAGCGGAGCATGTGGCTTAATTCGAAGCAACGCGAAGAACCTTACCTGGGCTTGACATCGCCGTGAAGCCGGGGAGACCCGGTGGCCGAGAGGAGC","GATTAGATACCCTGGGTAGTCCACGCCGTAAACGATGTCGACTTGGAGGTTGTGCCCTTGAGGCGTGGCTTCCGGAGCTAACGCGTTAAGTCGACCGCCTGGGGAGTACGGCCGCAAGGTTAAAACTCAAATGAATTGACGGGGCCCGCACAAGCGGTGGAGCATGTGGTTTAATTCGATGCAACGCGAAGAACCTTACCTGGTCTTGACATCCACAGAACATTCCAGAGATGGGATGGTGCCTTCGGGA","GATTAGATACCCTTGGTAGTCCACGCCGTAAACGATGAATACTAGGTGTCGGGGAGCATTGCTCTTCGGTGCCGCAGCAAACGCAATAAGTATTCCACCTGGGGAGTACGTTCGCAAGAATGAAACTCAAAGGAATTGACGGGGACCCGCACAAGCGGTGGAGCATGTGGTTTAATTCGAAGCAACGCGAAGAACCTTACCAAGTCTTGACATCCCGATGACAGAGTATGTAATGTATTTTCCCTTCGGG","GATTAGATACCCTTGGTAGTCCACGCCGTAAACGATGAATACTAGGTGTCGGGTGGCAGAGCCATTCGGTGCCGTCGCAAACGCAGTAAGTATTCCACCTGGGGAGTACGTTCGCAAGAATGAAACTCAAAGGAATTGACGGGGACCCGCACAAGCGGTGGAGCATGTGGTTTAATTCGAAGCAACGCGAAGAACCTTACCAAGTCTTGACATCCGCCTGACTGATCCTTAACCGGATCTTTCCTTCGGG","GATTAGATACCCTGGGTAGTCCACGCCGTAAACGATGAATACTAGGTGTCGGGGCCCATAAGGGCTTCGGTGCCGCAGCAAACGCAATAAGTATTCCACCTGGGGAGTACGTTCGCAAGAATGAAACTCAAAGGAATTGACGGGGACCCGCACAAGCGGTGGAGCATGTGGTTTAATTCGAAGCAACGCGAAGAACCTTACCAAGTCTTGACATCCTCTTGACCGGTCAGTAATGTGACCTTTTCTTCGG","GATTAGATACCCTGGGTAGTCCACGCCGTAAACGATGAATACTAGGTGTCGGGGAGCACAGCTCTTCGGTGCCGCCGCAAACGCAATAAGTATTCCACCTGGGGAGTACGTTCGCAAGAATGAAACTCAAAGGAATTGACGGGGACCCGCACAAGCGGTGGAGCATGTGGTTTAATTCGAAGCAACGCGAAGAACCTTACCAAATCTTGACATCCCGATGACCGTTCCGTAATGGGGACTTCCCTTCGGG","GATTAGATACCCTTGGTAGTCCACGCCGTAAACGATGATTACTAGGTGTGGGGGATTGACCCCTTCCGTGCCGGAGTAAACACAATAAGTAATCCACCTGGGGAGTACGACCGCAAGGTTGAAACTCAAAGGAATTGACGGGGCCCGCACAAGCAGTGGAGTATGTGGTTTAATTCGACGCAACGCGAAGAACCTTACCAGGTCTTGACATCGAGTGACCGCCTAAGAGATTAGGCTTTCCCTTCGGGGA","GATTAGATACCCTTGGTAGTCCACGCAGTAAACGATGATGGCTAACTGTCGGGCCTACGGGTTCGGCGGCCAAGCGAAAGCGATAAGCCATCCACCTGGGGAGTACGACCGCAAGGTTGAAACTCAAAGGAATTGACGGGGCCCGCACAAGCGGAGGAACATGTGGTTTAATTCGATGATACGCGAGGAACCTTACCCAGGCTCGAACGGCATCTGAATTGTCCAGAGATGGACAAGTCTTCGGACAGAT","GGATTAGATACCCTTGGTAGTCCACACCGTAAACGATGATTACTAGGTGTTGGGAGATTGACCCTCTCAGTGCCGCAGTTAACACAATAAGTAATCCACCTGGGGAGTACGACCGCAAGGTTGAAACTCAAAGGAATTGACGGGGCCCGCACAAGCAGTGGAGTATGTGGTTTAATTCGACGCAACGCGAAGAACCTTACCAAGTCTTGACATCCCTTGACGATGCTGGAAACAGTATTTCTCTTCGGAG","GGATTAGATACCCTGGGTAGTCCACGCGGTAAACGATGAATGCTAGGTGTCGGGTGACAAAGTCATTCGGTGCCGCCGCAAACGCATTAAGCATTCCACCTGGGGAGTACGTTCGCAAGAATGAAACTCAAAGGAATTGACGGGGACCCGCACAAGCGGTGGAGCATGTGGTTTAATTCGAAGCAACGCGAAGAACCTTACCAAGTCTTGACATCCTTCTGACCGGAACTTAACCGTTCCTTCTCTTCGG","GGATTAGATACCCTTGGTAGTCCACACAGTAAACGATGAATACTCGCTGTTTGCGATATACAGTAAGCGGCCAAGCGAAAGCATTAAGTATTCCACCTGGGGAGTACGCCGGCAACGGTGAAACTCAAAGGAATTGACGGGGGCCCGCACAAGCGGAGGAACATGTGGTTTAATTCGATGATACGCGAGGAACCTTACCCGGGCTTAAATTGCATTTGAATATATTGGAAACAGTATAGTCGTAAGACAA","GGATTAGATACCCTTGGTAGTCCACGCCGTAAACGATGAATACTAGGTGTCGGGGGACAAAGTCCTTCGGTGCCGCCGCAAACGCAATAAGTATTCCACCTGGGGAGTACGTTCGCAAGAATGAAACTCAAAGGAATTGACGGGACCCGCACAAGCGGTGGAGCATGTGGTTTAATTCGAAGCAACGCGAAGAACCTTACCAAATCTTGACATCCCTCTGAAACACTCTTAATCGAGTGCCTCCTTCGGG","AGGATTAGATACCCTTGGTAGTCCGCGCGGTAAACGATGGATGCCCGCTGTGGCGCGCCTGGCGTGCCGCGGCTAAGCGAAAGCATTAAGCATCCCACCTGGGGAGTACGCCGGCAACGGTGAAACTCAAAGGAATTGACGGGGCCCGCACAAGCGGAGGAACATGTGGTTTAATTCGATGATACGCGAGGAACCTTACCCGGGCTTGAACTGCAGGAGAACGATTCAGAGATGATGAGGTCCTTCGGGA","AGGATTAGATACCCTTGGTAGTCCGCGCGGTAAACGATGGATGCCCGCTATTTGCCGATTTTCGGCAAGTGGCCAAGTGAAAACGTTAAGCATCCCACCTGGGGAGTACGCCGGCAACGGTGAAACTCAAAGGAATTGACGGGGCCCGCACAAGCGGAGGAACATGTGGTTTAATTCGATGATACGCGAGGAACCTTACCCGGGCTTGAATTGCAGAGGAAAGATCCAGAGATGGTGATGCCCTTCGGGG","AGGATTAGATACCCTGGGTAGTCCACGCCGTAAACGATGACTACTAGGTGTCGGGTGGCAAAGCCATTCGGTGCCGCAGCCAACGCAATAAGTAGTCCACCTGGGGAGTACGTTCGCAAGAATGAAACTCAAAGGAATTGACGGGGACCCGCACAAGCGGTGGAGCATGTGGTTTAATTCGAAGCAACGCGAAGAACCTTACCTGCTCTTGACATCCCGATGACCGCAGAGTAATGTCTGCTTTTCTTCG","GATTAGATACCCTTGGTAGTCCGCACGGTAAACGATGAATGCTCGCTATGGGCGATATATTGTCCGTGGCCAAGCGAAAGCGTTAAGCATTCCACCTGGGGAGTACGCCGGCAACGGTGAAACTCAAAGGAATTGACGGGGGCCCGCACAAGCGGAGGAACATGTGGTTTAATTCGATGATACGCGAGGAACCTTACCCGGGCTTGAATTGCAGGTGCATGAGTCAGAGACGGCTCTTTCCTTCGGGACT","AGGATTAGATACCCTTGGTAGTCCACGCCGTAAACGATGAATACTAGGTGTCGGGTGGCATGGCCATTCGGTGCCGTCGCAAACGCAGTAAGTATTCCACCTGGGGAGTACGTTCGCAAGAATGAAACTCAAAGGAATTGACGGGGACCCGCACAAGCGGTGGAGCATGTGGTTTAATTCGAAGCAACGCGAAGAACCTTACCAAGTCTTGACATCCGCCTGACCGATCCTTAACCGGATCTTTCCTTCG","AGGATTAGATACCCTTGGTAGTCCACGCGGTAAACGATGAATGCTAGGTGTAGGAGGTATCGACCCCTTCTGTGCCGCAGTAAACACAATAAGCATTCCGCCTGGGGAGTACGGCCGCAAGGTTGAAACTCAAAGGAATTGACGGGGGCCCGCACAAGCAGCGGAGCATGTGGTTTAATTCGAAGCAACGCGAAGAACCTTACCAGGTCTTGACATCCGTGTAAAGCCGAAGAGATTCGGTGTGAGCTTG","AGGATTAGATACCCTTGGTAGTCCGCGCGGTAAACGATGGATGCCCGCTGTTCGCCTTTGAGGTGAGCGGCCAAGCGAAAGCGTTAAGCATCCCACCTGGGGAGTACGCCGGCAACGGTGAAACTCAAAGGAATTGACGGGGCCCGCACAAGCGGAGGAACATGTGGTTTAATTCGATGATACGCGAGGAACCTTACCCGGGCTTGAATTGCAGAAGACGGATCCAGAGATGGTGACTCCCTTCGGGGCT","AGGATTAGATACCCTGGGTAGTCCACGCAGTAAACGATGACTACTAGCTTTCCGGGGCGACTGAGCCCTGGGAGGCACAGCGAAAGCGTTAAGTAGTCCACCTGGGGAGTACGCCGGCAACGGTGAAACTCAAAGGAATTGACGGGGCCCGCACAAGCGGAGGAACATGTGGTTTAATTCGATGATACGCGAGGAACCTTACCCGGGCTCAAACGACAGCGGACAGCACCCGAAAGGGTGTCTCCGGCAA","AGGATTAGATACCCTGGGTAGTCCGCACGGTAAACGATGGATGCTCGCTGTGTGCCCTTGGGTACGCGGCCAAGCGAAAGCGTTAAGCATCCCACCTGGGGAGTACGCCGGCAACGGTGAAACTCAAAGGAATTGACGGGGCCCGCACAAGCGGAGGAACATGTGGTTTAATTCGATGATACGCGAGGAACCTTACCCGGGCTTGAATTGCAGGAGAACGATACAGAGATGTTGAGGTCCTTCGGGACTC","GATTAGATACCCTGGGTAGTCCACGCGGTAAACGATGAATACTAGGTGTTGGGGGACAAAGTCCTTCGGTGCCGCCGCAAACGCATTAAGTATTCCACCTGGGGAGTACGTTCGCAAGAATGAAACTCAAAGGAATTGACGGGACCCGCACAAGCGGTGGAGCATGTGGTTTAATTCGAAGCAACGCGAAGAACCTTACCAAGTCTTGACATCGATTCGACGGGAGTGTAATGACTCCTTTCCCTTCGGG","GATTAGATACCCTTGGTAGTCCACGCCGTAAACGATGAATACTAGGTGTCGGGGAGCATTGCTCTTCGGTGCCGCAGCAAACGCAATAAGTATTCCACCTGGGGAGTACGTTCGCAAGAATGAAACTCAAAGGAATTGACGGGGACCCGCACAAGCGGTGGAGCATGTGGTTTAATTCGAAGCAACGCGAAGAACCTTACCAAGTCTTGACATCCCGATGACAAGCTATGTAATGTAGTCTCTCTTCGGA","GATTAGATACCCTGGGTAGTCCACGCCGTAAACGATGAATACTAGGTGTCGGGGCCCACAGGGCTTCGGTGCCGCAGCAAACGCATTAAGTATTCCACCTGGGGAGTACGTTCGCAAGAATGAAACTCAAAGGAATTGACGGGGACCCGCACAAGCGGTGGAGCATGTGGTTTAATTCGAAGCAACGCGAAGAACCTTACCAAGTCTTGACATCCTTCTGACCGTTCCTTAGCCGGAACTTCTCTTCGGA","GATTAGATACCCTGGGTAGTCCACGCTGTAAACGATGGATACTAGGTGTGCGGGGACTGACCCCCTGCGTGCCGCAGTTAACACAATAAGTATCCCACCTGGGGAGTACGATCGCAAGGTTGAAACTCAAAGGAATTGACGGGGGCCCGCACAAGCGGTGGATTATGTGGTTTAATTCGAAGCAACGCGAAGAACCTTACCAGGGCTTGACATCCTACTAACGAAGTAGAGATACATCAGGTGCCCTTCG","GATTAGATACCCTTGGTAGTCCACGCCGTAAACGATGAATACTAGGTGTTGGTGAGCAAAGCTCATCGGTGCCGCCGCAAACGCAATAAGTATTCCACCTGGGGAGTACGTTCGCAAGAATGAAACTCAAAGGAATTGACGGGGACCCGCACAAGCGGTGGAGCATGTGGTTTAATTCGAAGCAACGCGAAGAACCTTACCAAATCTTGACATCCCTCTGAAACACTTTTAATCGAGTGCCTCCTTCGGG","GATTAGATACCCTGGGTAGTCCACGCCGTAAACGATGAGTGCTAGGTGTTAGGCCCTTTCCGGGGCTTAGTGCCGCAGCTAACGCATTAAGCACTCCGCCTGGGGAGTACGACCGCAAGGTTGAAACTCAAAGGAATTGACGGGGGCCCGCACAAGCGGTGGAGCATGTGGTTTAATTCGAAGCAACGCGAAGAACCTTACCAGGTCTTGACATCCCGATGCTATTTCTAGAGATAGAAAGTTTCTTCGG","AGGATTAGATACCCTTGGTAGTCCACGCCGTAAACGATGAATACTAGGTGTCGGGGCTCATAAGAGCTTCGGTGCCGCAGCAAACGCAATAAGTATTCCACCTGGGGAGTACGTTCGCAAGAATGAAACTCAAAGGAATTGACGGGGACCCGCACAAGCGGTGGAGCATGTGGTTTAATTCGAAGCAACGCGAAGAACCTTACCAGGCCTTGACATCCCGGTGACCGTCCCGTAATGGGGACCTCTCTTC","GATTAGATACCCTTGGTAGTCCACGCGGTAAACGATGAATGCTAGGTGTTGGTGAGCAAAGCTCATCGGTGCCGCCGCAAACGCATTAAGCATTCCACCTGGGGAGTACGTTCGCAAGAATGAAACTCAAAGGAATTGACGGGGACCCGCACAAGCGGTGGAGCATGTGGTTTAATTCGAAGCAACGCGAAGAACCTTACCAAGTCTTGACATCCCCTTGAAAAACCAGTAACGTGGTTCCCTCTTCGGA","GGATTAGATACCCTGGGTAGTCCACGCCGTAAACGATGAATACTAGGTGTTGGGGAGCAAAGCTCTTCGGTGCCGCAGCAAACGCAATAAGTATTCCACCTGGGGAGTACGTTCGCAAGAATGAAACTCAAAGGAATTGACGGGGACCCGCACAAGCGGTGGAGCATGTGGTTTAATTCGAAGCAACGCGAAGAACCTTACCAAATCTTGACATCGATCTGACCGGACCGTAATGGGTCCTTTCCCTTCG","GGATTAGATACCCTGGGTAGTCCACGCCGTAAACGATGAATACTAGGTGTCGGAAAGCATGGCTTTTCGGTGCCGCCGCAAACGCATTAAGTATTCCACCTGGGGAGTACGTTCGCAAGAATGAAACTCAAAGGAATTGACGGGACCCGCACAAGCGGTGGAGCATGTGGTTTAATTCGAAGCAACGCGAAGAACCTTACCAAGTCTTGACATCCCGGTGACCGGACAGTAATGTGTCCTTTTCTTCGGA","GGATTAGATACCCTTGGTAGTCCACGCTGTAAACGATGAATGCTAGGTGTTGGGTCCGAAGGACTCGGTGCCGAAGTTAACGCATTAAGCATTCCACCTGGGGAGTACGACCGCAAGGTTGAAACTCAAAGGAATTGACGGGGCCCGCACAAGCGGTGGAGCATGTGGTTTAATTCGAAGCAACGCGAAGAACCTTACCAAGTCTTGACATCCCTCTGAATGGAGTAGAAATACTGCAGGCTCGAAAGAG","AGGATTAGATACCCTTGGTAGTCCACGCCCTAAACGATGTTAACTAGTTGTTGGGAAGTAAAATTCTCAGTAACGCAGCCAACGCGAGAAGTTAACCGCCTGGGAAGTACGGTCGCAAGACTAAAACTCAAAGGAATTGACGGGACCCGCACAAGCGGTGGATGATGTGGATTAATTCGATGCAACGCGAAAAACCTTACCTACCCTTGACATGTCAGGAAGCTCTTGTAATGAGAGCGTGCCCGCAAGG","GGATTAGATACCCTTGGTAGTCCACGCCGTAAACGATGATTACTAGGTGTGGGGGATTGACCCCTTCCGCGCCGGAGTAAACACAATAAGTAATCCACCTGGGGAGTACGACCGCAAGGTTGAAACTCAAAGGAATTGACGGGGCCCGCACAAGCAGTGGAGTATGTGGTTTAATTCGACGCAACGCGAAGAACCTTACCAGGTCTTGACATCAAGTGACCGCCTAAGAGATTAGGCCTTCCCTTCGGGG","GGATTAGATACCCTTGGTAGTCCACGCCGTAAACGATGAATACTAGGTGTCGGGGCTCATAAGAGCTTCGGTGCCGCAGCAAACGCAATAAGTATTCCACCTGGGGAGTACGTTCGCAAGAATGAAACTCAAAGGAATTGACGGGGACCCGCACAAGCGGTGGAGCATGTGGTTTAATTCGAAGCAACGCGAAGAACCTTACCAAGTCTTGACATCCTCTTGACCGGTCAGTAATGTGGCCTTTTCTTCG","AGGATTAGATACCCTTGGTAGTCCACGCAGTAAACGATGATCACTAGCTGTTTGCGATAGACAGTAAGCGGCACAGCGAAAGCGTTAAGTGATCCACCTGGGGAGTACGCCGGCAACGGTGAAACTCAAAGGAATTGACGGGGGCCCGCACAAGCGGAGGAACATGTGGTTTAATTCGATGATACGCGAGGAACCTTACCCGGGTTTGAACGCAGGGGGACAGGCCGTGAAAGCGGCCTTCTAGCAATAG","GATTAGATACCCTGGGTAGTCCACGCCGTAAACGATGGATACTAGGTGTGGGAGGTATTGACCCCTTCCGTGCCGGAGTTAACACAATAAGTATCCCACCTGGGGAGTACGGCCGCAAGGTTGAAACTCAAAGGAATTGACGGGGCCCGCACAAGCAGTGGAGTATGTGGTTTAATTCGAAGCAACGCGAAGAACCTTACCAAGTCTTGACATCCCGATGACCGCTCTAGAGATAGGGCTTCTCTTCGGA","GATTAGATACCCTTGGTAGTCCACGCCGTAAACGATGTCGACTTGGAGGTTGTGCCCTTGAGGCGTGGCTTCCGGAGCTAACGCGTTAAGTCGACCGCCTGGGGAGTACGGCCGCAAGGTTAAAACTCAAATGAATTGACGGGGCCCGCACAAGCGGTGGAGCATGTGGTTTAATTCGATGCAACGCGAAGAACCTTACCTGGTCTTGACATCCACAGAACATTCCAGAGATGGGATGGTGCCTTCGGGA","AGGATTAGATACCCTTGGTAGTCCACACCGTAAACGATGGATACTAGGTGTAGGGAATATTAAGTTCTCTGTGCCGTCGCAAACGCAGTAAGTATCCCACCTGGGGAGTACGACCGCAAGGTTGAAACTCAAAGGAATTGACGGGGCCCGCACAAGCAGTGGAGTATGTGGTTTAATTCGAAGCAACGCGAAGAACCTTACCAGGGCTTGACATATAAGTGAAAATCTAAGAGATTAGATTCCTCTTCGG","AGGATTAGATACCCTTGGTAGTCCACGCCGTAAACGATGAATACTAGGTGTCTGGGAGCACAGCTCTTAGGTGCCGCCGCAAACGCATTAAGTATTCCACCTGGGGAGTACGTTCGCAAGAATGAAACTCAAAGGAATTGACGGGGACCCGCACAAGCGGTGGAGCATGTGGTTTAATTCGAAGCAACGCGAAGAACCTTACCAAATCTTGACATCCCTCTGACAGAGTATGTAATGTACTTTTCCTTCG","AGGATTAGATACCCTTGGTAGTCCACGCCGTAAACGATGAGTGCTAAGTGTTGGAGGGTTTCCGCCCTTCAGTGCTGCAGCAAACGCATTAAGCACTCCGCCTGGGGAGTACGACCGCAAGGTTGAAACTCAAAGGAATTGACGGGGGCCCGCACAAGCGGTGGAGCATGTGGTTTAATTCGAAGCAACGCGAAGAACCTTACCAGGTCTTGACATCCTTTGACCACTCTAGAGATAGAGCTTTCCCTTC","GATTAGATACCCTTGGTAGTCCACGCCGTAAACGATGAATACTAGGTGTCGGGGAGCATGGCTCTTCGGTGCCGTCGCAAACGCAGTAAGTATTCCACCTGGGGAGTACGTTCGCAAGAATGAAACTCAAAGGAATTGACGGGGACCCGCACAAGCGGTGGAGCATGTGGTTTAATTCGAAGCAACGCGAAGAACCTTACCAAGTCTTGACATCCGCCTGACCGATCCTTAATCGGATCTTTCCTTCGGG","GATTAGATACCCTTGGTAGTCCACGCGGTAAACGATGAATGCTAGGTGTCGGGTGACAAAGTCATTCGGTGCCGCCGCAAACGCATTAAGCATTCCACCTGGGGAGTACGTTCGCAAGAATGAAACTCAAAGGAATTGACGGGGACCCGCACAAGCGGTGGAGCATGTGGTTTAATTCGAAGCAACGCGAAGAACCTTACCAAGTCTTGACATCCTTCTGACCGGAACTTAACCGTTCCTTTCCTTCGGG","GATTAGATACCCTGGGTAGTCCACACCGTAAACGATGGATACTAGGTGTAGGAGGTATCGACCCCTTCTGTGCCGCAGTTAACACAATAAGTATCCCACCTGGGGAGTACGACCGCAAGGTTGAAACTCAAAGGAATTGACGGGGCCCGCACAAGCAGTGGAGTATGTGGTTTAATTCGAAGCAACGCGAAGAACCTTACCTGGGCTTGACATCCCTGGAATCGAGTAGAGATACTTGAGTGCCTTTGGG","GATTAGATACCCTGGGTAGTCCACGCCGTAAACGATGCTCACTGGATCTTGGCGATACACTGCCAGGGTTCAAGCGAAAGTATTAAGTGAGCCACCTGGGGAGTACGTCGGCAACGATGAAACTCAAAGGAATTGACGGGGGCCCGCACAAGCGGAGGAACATGTGGTTTAATTCGATGATACGCGAGGAACCTTACCCGGGTTTAAATGTGGAGTGCATGAGCTGGAAACAGTTCTTTCCCTCGGGACT","GATTAGATACCCTTGGTAGTCCACGCTGTAAACGATGATTACTAGGTGTGGGGGATTGACCCCTTCCGTGCCGCAGTTAACACAATAAGTAATCCACCTGGGGAGTACGACCGCAAGGTTGAAACTCAAAGGAATTGACGGGGCCCGCACAAGCAGTGGAGTATGTGGTTTAATTCGAAGCAACGCGAAGAACCTTACCAGGTCTTGACATCGAGTGACGTATCCAGAGATGGATATTTCCTTCGGGACA","GATTAGATACCCTGGGTAGTCCATGCCGTAAACGATGATTACTAGGTGTGGGGGGTCTGACCCCCTCCGTGCCGGAGTTAACACAATAAGTAATCCACCTGGGGAGTACGGCCGCAAGGTTGAAACTCAAAGGAATTGACGGGGCCCGCACAAGCAGTGGAGTATGTGGTTTAATTCGAAGCAACGCGAAGAACCTTACCAGGTCTTGACATCCGACTAACGAAGTAGAGATACATTAGGTGCCTTTCGG","GATTAGATACCCTGGGTAGTCCGCACAGTAAACGATGGATGCCCGCTGTGTGCCTTGATGGTACGCGGCCAAGCGAAAGCGTTAAGCATCCCACCTGGGGAGTACGCCGGCAACGGTGAAACTCAAAGGAATTGACGGGGGCCCGCACAAGCGGAGGAACATGTGGTTTAATTCGATGATACGCGAGGAACCTTACCCGGGCTTGAATTGCAGAAGACGGATCCAGAGATGGTGACTCCCTTCGGGGCTT","GATTAGATACCCTGGGTAGTCCGCGCGGTAAACGATGGATGCCCGCTGTTCGCCTATTAGGTGAGCGGCCAAGCGAAAGCGTTAAGCATCCCACCTGGGGAGTACGCCGGCAACGGTGAAACTCAAAGGAATTGACGGGGCCCGCACAAGCGGAGGAACATGTGGTTTAATTCGATGATACGCGAGGAACCTTACCCGGGCTTGAATTGCAGAAGACGGATCCAGAGATGGTGACTCCCTTCGGGGCTTC","GGATTAGATACCCTGGGTAGTCCTAGCCGTAAACGATGGATACTAGGTGTGGGAGGTATCGACCCCTTCCGTGCCGGAGTTAACGCAATAAGTATCCCGCCTGGGGAGTACGGCCGCAAGGTTGAAACTCAAAGGAATTGACGGGGCCCGCACAAGCGGTGGAGTATGTGGTTTAATTCGACGCAACGCGAAGAACCTTACCAAGACTTGACATTGATTGAAAGACTTAGAGATAAGTCCCTTCTCTTCG","GGATTAGATACCCTGGGTAGTCCACGCCGTAAACGATGAATACTAGGTGTCGGGGCCCACAGGGCTTCGGTGCCGCAGCAAACGCATTAAGTATTCCACCTGGGGAGTACGTTCGCAAGAATGAAACTCAAAGGAATTGACGGGGACCCGCACAAGCGGTGGAGCATGTGGTTTAATTCGAAGCAACGCGAAGAACCTTACCAAGTCTTGACATCCTTCTGACCGTTCCTTAGCCGGAACTTCTCTTCGG","GGATTAGATACCCTTGGTAGTCCATGCCGTAAACGATGAATGCTGGTTGTCGGACGAATGTTCGGTGACGAAGTTAACGCGATAAGCATTCCGCCTGGGGAGTACGGCCGCAAGGTTAAAACTCAAAGGAATTGACGGGACCCGCACAAGCGGTGGAGCATGTGGTTTAATTCGATGCAACGCGAAGAACCTTACCAACTCTTGACATCCTCATCGGGGAGGACAGAGATGTCTTCTTTCAGTTAGGCTG","GGATTAGATACCCTGGGTAGTCCACGCTGTAAACGATGAATGCTAGGTGTTGGGTCCGAGGGACTCGGTGCCGAAGTGAACGCATTAAGCATTCCACCTGGGGAGTACGACCGCAAGGTTGAAACTCAAAGGAATTGACGGGGCCCGCACAAGCGGTGGAGCATGTGGTTTAATTCGAAGCAACGCGAAGAACCTTACCAAGTCTTGACATCCCTCTGAATATCGTAGAAATAGGATAGCTTTTCGGAGC","AGGATTAGATACCCTTGGTAGTCCACGCCCTAAACGATGTCTGCCGGTTGTTGGGGATTTATATCTTCAGTAACGAAGCTAACGCGTGAAGCAGACCGCCTGGGGAGTACGGTCGCAAGATTAAAACTCAAAGGAATTGACGGGACCCGCACAAGCGGTGGATGATGTGGATTAATTCGATGCAACGCGAAAACCTTACCTAGCCTTGACATGTCAGGAATGCTTCGTAAATGAAGCAGTGCCCGCAAGG","AGGATTAGATACCCTGGGTAGTCCACGCCGTAAACGATGAATACTAGGTGTCGGGGGACATGGTCCTTCGGTGCCGCAGCAAACGCAATAAGTATTCCACCTGGGGAGTACGTTCGCAAGAATGAAACTCAAAGGAATTGACGGGACCCGCACAAGCGGTGGAGCATGTGGTTTAATTCGAAGCAACGCGAAGAACCTTACCAAGTCTTGACATCCCGGTGACAAGCTGTGTAATGCAGCCTCTCTTCGG","AGGATTAGATACCCTTGGTAGTCCACGCCGTAAACGATGAATACTAGGTGTCGGGGCACATAAGTGCTTCGGTGCCGCAGCAAACGCATTAAGTATTCCACCTGGGGAGTACGTTCGCAAGAATGAAACTCAAAGGAATTGACGGGGACCCGCACAAGCGGTGGAGCATGTGGTTTAATTCGAAGCAACGCGAAGAACCTTACCAGTCCTTGACATCCTGCTGACCGGATAGTAACGTATCCTTTCCTTC","GATTAGATACCCTGGGTAGTCCATGCCGTAAACGTTGGGCACTAGGTGTGGGGAACATTCCACGTTTTCCGCGCCGTAGCTAACGCATTAAGTGCCCCGCCTGGGGAGTACGGCCGCAAGGCTAAAACTCAAAGAAATTGACGGGGCCCGCACAAGCGGCGGAGCATGCGGATTAATTCGATGCAACGCGAAGAACCTTACCAAGGCTTGACATATACTGGACCGCATCAGAGATGGTGTTTCCCTTCGG","AGGATTAGATACCCTGGGTAGTCCACGCCGTAAACGATGAATACTAGGTGTTGGTGGGCAAAGCCCATCGGTGCCGCAGCAAACGCAATAAGTATTCCACCTGGGGAGTACGTTCGCAAGAATGAAACTCAAAGGAATTGACGGGGACCCGCACAAGCGGTGGAGCATGTGGTTTAATTCGAAGCAACGCGAAGAACCTTACCAAGTCTTGACATCCCGGTGACAAGCTGTGTAATGCAGCCTTACTTCG","AGGATTAGATACCCTTGGTAGTCCCAGCCGTAAACGATGGACGCTAGGTGTGGGGGGACGCCCCTCCGTGCCGCAGCCAACGCATTAAGCGTCCCGCCTGGGGAGTACGGCCGCAAGGCTAAAACTCAAAGGAATTGACGGGGCCCGCACAAGCAGCGGAGCATGTGGCTTAATTCGAAGCAACGCGAAGAACCTTACCTGGGCTTGACATCACGGTGAAGCGGCGGAGACGTCGTGGCCGAGAGGAGCC","AGGATTAGATACCCTTGGTAGTCCACGCCGTAAACGATGATTACTAGGTGTCGGGGGACCAAGGTCCTCCGGTGCCGCCGCAAACGCAATAAGTAATCCACCTGGGGAGTACGTTCGCAAGAATGAAACTCAAAGGAATTGACGGGGACCCGCACAAGCGGTGGAGCATGTGGTTTAATTCGAAGCAACGCGAAGAACCTTACCTGGTCTTGACATCCCGATGACCGCTCTGTAATGAGAGCTTTTCTTC","GATTAGATACCCTGGGTAGTCCACGCCGTAAACGATGAATACTAGGTGTCGGAAAGCACAGCTTTTCGGTGCCGCCGCAAACGCATTAAGTATTCCACCTGGGGAGTACGTTCGCAAGAATGAAACTCAAAGGAATTGACGGGGACCCGCACAAGCGGTGGAGCATGTGGTTTAATTCGAAGCAACGCGAAGAACCTTACCAAGTCTTGACATCCTTCTGACCGGACAGTAATGTGTCCTTTCCTTCGGG","AGGATTAGATACCCTGGGTAGTCCACGCCGTAAACGATGAATACTAGGTGTCGGGGAGCATAGCTTCTCGGTGCCGCAGCAAACGCAATAAGTATTCCACCTGGGGAGTACGTTCGCAAGAATGAAACTCAAAGGAATTGACGGGGACCCGCACAAGCGGTGGAGCATGTGGTTTAATTCGAAGCAACGCGAAGAACCTTACCAAGTCTTGACATCCCGGTGACTGTTCCGTAATGGGAGCTTTTCTTCG","AGGATTAGATACCCTTGGTAGTCCATGCCGTAAACGATGATTACTAGGTGTTGGAGGATTGACCCCTTCAGTGCCGCAGTTAACACAATAAGTAATCCACCTGGGGAGTACGACCGCAAGGTTGAAACTCAAAGGAATTGACGGGGCCCGCACAAGCAGTGGAGTATGTGGTTTAATTCGAAGCAACGCGAAGAACCTTACCAGGTCTTGACATCCGATGCATAGCATAGAGATATGTGAAGTCCTTCGG","AGGATTAGATACCCTGGGTAGTCCACACTGTAAACGATGATTGCTAGGTGTGGGGGGTCTGACCCCCTCCGTGCCGGAGTTAACGCAATAAGCAATCCACCTGGGGAGTACGGCCGCAAGGTTGAAACTCAAAGGAATTGACGGGGCCCGCACAAGCAGTGGATTATGTGGTTTAATTCGAAGCAACGCGAAGAACCTTACCAGGTCTTGACATCCGACTAACGAGATAGAGATATGTCAGGTGCCCTAC","AGGATTAGATACCCTTGGTAGTCCACGCGGTAAACGATGGATGCTCGCTGTTTGCGTCTGACGTAAGCGGCCAAGCGAAAGCGTTAAGCATCCCACCTGGGGAGTACGCCGGCAACGGTGAAACTCAAAGGAATTGACGGGGCCCGCACAAGCGGAGGAACATGTGGTTTAATTCGATGATACGCGAGGAACCTTACCCGGGCTTGAATTGCAGAGGAAAGATCCAGAGATGGTGATGCCCTTCGGGGTC","AGGATTAGATACCCTTGGTAGTCCACGCGGTAAACGATGAATACTAGGTGTTGGGTGTCACAGACATTCGGTGCCGCAGCAAACGCAATAAGTATTCCACCTGGGGAGTACGTTCGCAAGAATGAAACTCAAAGGAATTGACGGGGACCCGCACAAGCGGTGGAGCATGTGGTTTAATTCGAAGCAACGCGAAGAACCTTACCAAGTCTTGACATCTCCCTGACAGAGTATGTAATGTACTTTTCCTTCG","GATTAGATACCCTTGGTAGTCCACGCCGTAAACGATGGATACTAGGTGTGGGAGGTATTGACCCCTTCCGTGCCGCAGTTAACACAATAAGTATCCCACCTGGGGAGTACGGCCGCAAGGTTGAAACTCAAAGGAATTGACGGGGCCCGCACAAGCAGTGGAGTATGTGGTTTAATTCGAAGCAACGCGAAGAACCTTACCAGGTCTTGACATCCCGATGACCGCCTTAGAGATAAGGCTTTTCTTCGGA","GATTAGATACCCTGGGTAGTCCACGCCGTAAACGATGAATGCTAGGTGTTGGGGGCAAAGCCCTTCGGTGCCGTCGCAAACGCAGTAAGCATTCCACCTGGGGAGTACGTTCGCAAGAATGAAACTCAAAGGAATTGACGGGACCCGCACAAGCGGTGGAGCATGTGGTTTAATTCGAAGCAACGCGAAGAACCTTACCAAGTCTTGACATCCTCTTGACCGGCGTGTAACGGCGCCTTCCCTTCGGGGC","GATTAGATACCCTGGGTAGTCCACGCCGTAAACGATGAATACTAGGTGTCGGGGAGCATTGCTCTTCGGTGCCGCAGCAAACGCAATAAGTATTCCACCTGGGGAGTACGTTCGCAAGAATGAAACTCAAAGGAATTGACGGGGACCCGCACAAGCGGTGGAGCATGTGGTTTAATTCGAAGCAACGCGAAGAACCTTACCAAGTCTTGACATCCCGATGACAAGCTATGTAATGTAGTCTCTCTTCGGA","AGGATTAGATACCCTTGGTAGTCCACGCCGTAAACGATGAATACTAGGTGTTGGAAGGCAAAGCCTTTCAGTGCCGTCGCAAACGCATTAAGTATTCCACCTGGGGAGTACGTTCGCAAGAATGAAACTCAAAGGAATTGACGGGGACCCGCACAAGCGGTGGAGCATGTGGTTTAATTCGATGATACGCGAGGAACCTTACCCGGGCTTGAATTGCAGAGGAAGGATTTGGAGACAATGACGCCCTTCG","GATTAGATACCCTTGGTAGTCCACACCGTAAACGATGGATACTAGGTGTAGGATGTGATAAACATTCTGTGCCGTCGCAAACGCAGTAAGTATCCCACCTGGGGAGTACGGCCGCAAGGTTGAAACTCAAAGGAATTGACGGGGGCCCGCACAAGCAGTGGAGTATGTGGTTTAATTCGACGCAACGCGAAGAACCTTACCAGGGCTTGACATATACAGGAATAACTTAGAGATAAGTTAGCTCTTCGGA","GATTAGATACCCTGGGTAGTCCGCACGGTAACGATGGATGCCCGCTGTTGGTCTGAATAGGTCAGCGGCCAAGCGAAAGCATTAAGCATCCCACCTGGGGAGTACGCCGGCAACGGTGAAACTCAAAGGAATTGACGGGGACCCGCACAAGCGGTGGAGCATGTGGTTTAATTCGAAGCAACGCGAAGAACCTTACCAAGTATTGACATCCCGGTGACCGGACAGTAATGTGTCCTTTTCTTCGGAACAC","GATTAGATACCCTTGGTAGTCCACGCCGTAAACGATGAATACTAGGTGTAGGGGGTATCGACTCCCTCTGTGCCGTCGCAAACGCATTAAGTATTCCGCCTGGGGACTACGACCGCAAGGTTGAAACTCAAAGAAATTGACGGGACCCGCACAAGCAGCGGAGCATGGGGTTTAATTCGACGCAACGCGAAAAACCTTACCAGAACTTGACATCTAGTGAAGAACCTTGTAATGAGGTTCGTCCCTTCGG","GATTAGATACCCTTGGTAGTCCGCGCAGTAAACGATGCACACTGGGTGTCCGGGCATGAGCCCGGGTGCCGAAGCGAACGCGTTAAGTGTGCCGCCTGGGGAGTATGCCCGCAAGGGTGAAACTCAAAGGAATTGACGGGGGCCCGCACAAGCGGTGGAGCATGTGGTTTAATTCGATGGTACGCGAGGAACCTTACCTGGGCTTGACATACACAGGGACCGCCTGGAGACAGGCGGGCGCAGCAATGCG","GATTAGATACCCTGGGTAGTCCGCACGGTAAACGATGGATGCTCGCTGTGTGCCCCTGGGTACGCGGCCAAGCGAAAGCGTTAAGCATCCCACCTGGGGAGTACGCCGGCAACGGTGAAACTCAAAGGAATTGACGGGGCCCGCACAAGCGGAGGAACATGTGGTTTAATTCGATGATACGCGAGGAACCTTACCCGGGCTTGAATTGCAGGAGAACGATACAGAGATGTTGAGGTCCTTCGGGACTCCT","AGGATTAGATACCCTTGGTAGTCCACGCCGTAAACGATGAATACTAGGTGTTGGTGGGCAAAGCCCATCGGTGCCGCCGCAAACGCAATAAGTATTCCACCTGGGGAGTACGTTCGCAAGAATGAAACTCAAAGGAATTGACGGGGACCCGCACAAGCGGTGGAGCATGTGGTTTAATTCGAAGCAACGCGAAGAACCTTACCAAGTCTTGACATCCTTCTGACCGGACAGTAACGTGTCCTTCCCTTCG","AGGATTAGATACCCTTGGTAGTCCACGCCGTAAACGATGAATACTAGGTGTTGGGGGACAAAGTCCTTCGGTGCCGTCGCAAACGCAATAAGTATTCCACCTGGGGAGTACGTTCGCAAGAATGAAACTCAAAGGAATTGACGGGACCCGCACAAGCGGTGGAGCATGTGGTTTAATTCGAAGCAACGCGAAGAACCTTACCAAATCTTGACATCCCTCTGACCGGCGAGTAATGTCGCCTTTCCTTCGG","GATTAGATACCCTTGGTAGTCCGCACGGTAAACGATGGATGCCCGGTGTTTGCGATATACAGTGAGCGCCCAAGCGAAAGCGTTAAGCATCCCACCTGGGGAGTACGCCGGCAACGGTGAAACTCAAAGGAATTGACGGGGCCCGCACAAGCGGAGGAACATGTGGTTTAATTCGATGATACGCGAGGAACCTTACCCGGGCTTGAACTGTAGGCGAACGATCCAGAGATGGTGAGGCCCTTCGGGGCGC","GATTAGATACCCTGGGTAGTCCGCGCGGTAAACGATGGATGCCCGCTATTTGCCGATTTTCGGCAAGTGGCCAAGTGAAAACGTTAAGCATCCCACCTGGGGAGTACGCCGGCAACGGTGAAACTCAAAGGAATTGACGGGGCCCGCACAAGCGGAGGAACATGTGGTTTAATTCGATGATACGCGAGGAACCTTACCCGGGCTTGAATTGCAGAGGAAAGATCCAGAGATGGTGATGCCCTTCGGGGCC","GGATTAGATACCCTGGGTAGTCCATGCTGTAAACGATGAGTGCTTGTTGTCGGTGTAAAATCGGTGACGAAGTTAACGCGTTAAGCACTCCGCCTGGGGAGTACGGTCGCAAGATTAAAACTCAAAGGAATTGACGGGACCCGCACAAGCGGTGGAGCATGTGGTTTAATTCGATGCAACGCGAAGAACCTTACCAACTCTTGACATCCTTATCGGGGAGATCAGAGATGATTTCTTTCAGTTAGGCTGG","GGATTAGATACCCTGGGTAGTCCACGCTGTAAACGATGAATACTAGGTGTGCGGGGACTGACCCCCTGCGTGCCGCAGTTAACACAATAAGTATTCCACCTGGGGAGTACGATCGCAAGGTTGAAACTCAAAGGAATTGACGGGGCCCGCACAAGCGGTGGATTATGTGGTTTAATTCGAAGCAACGCGAAGAACCTTACCAGGGCTTGACATCCTACTAACGAGATAGAGATATGTTAGGTGCCCTTCG","GGATTAGATACCCTTGGTAGTCCACGCCGTAAACGATGAATACTAGGTGTCGGGGCCCAAAGGGCTTCGGTGCCGCAGCCAACGCAATAAGTATTCCACCTGGGGAGTACGTTCGCAAGAATGAAACTCAAAGGAATTGACGGGACCCGCACAAGCGGTGGAGCATGTGGTTTAATTCGAAGCAACGCGAAGAACCTTACCAAGTCTTGACATCCTGCTGACCGTTCCTTAACCGGAACTTTCCTTCGGG","GGATTAGATACCCTGGGTAGTCCACGCCGTAAACGATGAGTGCTAGGTGTCGGGGAGGAATCCTCGGTGCCGCAGCTAACGCAATAAGCACTCCACCTGGGGAGTACGACCGCAAGGTTGAAACTCAAAGGAATTGACGGGGCCCGCACAAGCGGTGGAGCATGTGGTTTAATTCGAAGCAACGCGAAGAACCTTACCAAGGCTTGACATCCCGATGACCGCTCTAGAGATAGAGCTTCTCTTCGGAGCA","GGATTAGATACCCTGGGTAGTCCACGCCGTAAACGATGAATGCTAGGTGTTGGGGAGCAAAGCTCTTCGGTGCCGCCGCAAACGCATTAAGCATTCCACCTGGGGAGTACGTTCGCAAGAATGAAACTCAAAGGAATTGACGGGGACCCGCACAAGCGGTGGAGCATGTGGTTTAATTCGAAGCAACGCGAAGAACCTTACCAGGTCTTGACATCCCGATGACCGGTTCGTAATGGAACCTTCTCTTCGG","GGATTAGATACCCTTGGTAGTCCACGCCGTAAACGATGATAACTCGTTGCAGGCGATACACAGTCTGTGACTTAGCGAAAGCGTTAAGTTATCCACCTGGGGAGTACGTTCGCAAGAATGAAACTCAAAGGAATTGACGGGGCCCGCACAAGCGGAGGAACATGTGGTTTAATTCGATGATACGCGAGGAACCTTACCCGGGCTTGAAAGTTAGCGACGGATCCTGAAAGGGGTCTTCTCTTCGGAGCGC","GGATTAGATACCCTTGGTAGTCCACGCCGTAAACGATGAATACTAGTTGTGGGGGGTATCGACTCCCTCCGTGACGCCGTAAACACATTAAGTATTCCGCCTGGGGAGTACGGCCGCAAGGTTGAAACTCAAAGAAATTGACGGGGACCCGCACAAGCAGCGGAGCATGTGGTTTAATTCGACGCAACGCGAAAAACCTTACCAAGGTTTGACATCCTCTGACAGACTAAGAGATTAGTCATCCCTACGG","GGATTAGATACCCTTGGTAGTCCACGCCGTAAACGATGAATACTAGGTGTAGGAGGTATCGACTCCTTCTGTGCCGTCGCAAACGCATTAAGTATTCCGCCTGGGGACTACGGCCGCAAGGTTGAAACTCAAAGAAATTGACGGGGACCCGCACAAGCAGCGGAGCATGGGGTTTAATTCGACGCAACGCGAAAACCTTACCAGAACTTGACATCGAGTGAAGAGTCTTGTAATGAGACTCGTCCCTTCG","GGATTAGATACCCTTGGTAGTCCACGCCGTAAACGATGAATGCTAGGTGTTGGGGAGCAAAGCTCTTCGGTGCCGCCGCAAACGCATTAAGCATTCCACCTGGGGAGTACGTTCGCAAGAATGAAACTCAAAGGAATTGACGGGGACCCGCACAAGCGGTGGAGCATGTGGTTTAATTCGAAGCAACGCGAAGAACCTTACCAGGTCTTGACATCCCGATGACCGGTTCGTAATGGAACCTTCTCTTCGG","GGATTAGATACCCTTGGTAGTCCACGCAGTAAACGATGATCACTAGCTGTTTGCGATACATTGTAAGCGGCACAGCGAAAGCGTTAAGTGATCCACCTGGGGAGTACGCCGGCAACGGTGAAACTCAAAGGAATTGACGGGGGCCCGCACAAGCGGAGGAACATGTGGTTTAATTCGATGATACGCGAGGAACCTTACCCGGGTTTGAACGCATTCGGACCGAGGTGGAAACACCTTTTCTAGCAATAGC","AGGATTAGATACCCTTGGTAGTCCACGCCGTAAACGATGAATGCTAGGTGTTGGGGAGCAAAGCTCTTCGGTGCCGCCGCAAACGCATTAAGCATTCCACCTGGGGAGTACGTTCGCAAGAATGAAACTCAAAGGAATTGACGGGACCCGCACAAGCGGTGGAGCATGTGGTTTAATTCGAAGCAACGCGAAGAACCTTACCAAGTCTTGACATCCCGATGAAAAATCCTTAACCGGATTCCCTCTTCGG","AGGATTAGATACCCTGGGTAGTCCACGCCGTAAACGATGAATACTAGGTGTCAGGGAACAATAGTTCTTTGGTGCCGCAGCAAACGCATTAAGTATTCCACCTGGGGAGTACGTTCGCAAGAATGAAACTCAAAGGAATTGACGGGACCCGCACAAGCGGTGGAGCATGTGGTTTAATTCGAAGCAACGCGAAGAACCTTACCTGGTCTTGACATCCCAATGACGCTTCTTTAATCGGAGGTTTCCTTCG","GATTAGATACCCTGGGTAGTCCACGCCGTAAACGATGCTCACTGGATCTTGGCGATACACTGCCAGGGTTCAAGCGAAAGTATTAAGTGAGCCACCTGGGGAGTACGTCGGCAACGATGAAACTCAAAGGAATTGACGGGGGCCCGCACAAGCGGAGGAACATGTGGTTTAATTCGATGATACGCGAGGAACCTTACCCGGGTTTAAATGTAGATTGCATGAGGTGGAAACACTTCTTCCCTTCGGGGCT","GATTAGATACCCTTGGTAGTCCACACCGTAAACGATGAGCACTAGGTGTCGGGGGCGCAAGTCCTCGGTGCCGGAGTTAACGCATTAAGTGCTCCGCCTGGGGAGTACGTACGCAAGTATGAAACTCAAAGGAATTGACGGGACCCGCACAAGCAGCGGAGCATGTGGTTTAATTCGAAGCAACGCGAAGAACCTTACCAGGGCTTGACATCCCTCTGACAGGACTTTAATCGGTTCCTTCTTCGGACAG","GATTAGATACCCTGGGTAGTCCACGCCGTAAACGATGAATACTAGGTGTTGGGGAGCAAAGCTCTTCGGTGCCGTCGCAAACGCAGTAAGTATTCCACCTGGGGAGTACGTTCGCAAGAATGAAACTCAAAGGAATTGACGGGGACCCGCACAAGCGGTGGAGCATGTGGTTTAATTCGAAGCAACGCGAAGAACCTTACCAGGTCTTGACATCGATCCGACGGGGGAGTAACGTCCCCTTCCCTTCGGG","AGGATTAGATACCCTTGGTAGTCCACGCGGTAAACGATGAATACTAGATGTCGGGTAGCATAGCTATTCGGTGTCGTCGCAAACGCAATAAGTATTCCACCTGGGGAGTACGTTCGCAAGAATGAAACTCAAAGGAATTGACGGGGACCCGCACAAGCGGTGGAGCATGTGGTTTAATTCGAAGCAACGCGAAGAACCTTACCTGCTCTTGACATCCCATTCGATAGAAGGTAATGCTTCTAGCCCTTCG","GATTAGATACCCTTGGTAGTCCCAGCCGTAAACGATGGACGCTAGGTGTGGGGGGACGATCCCCCCGTGCCGCAGCCAACGCATTAAGCGTCCCGCCTGGGGAGTACGGCCGCAAGGCTAAAACTCAAAGGAATTGACGGGGCCCGCACAAGCAGCGGAGCATGTGGCTTAATTCGAAGCAACGCGAAGAACCTTACCAGGGCTTGACATATGGGTGAAGCGGGGGAGACCCCGTGGCCGAGAGGAGCCC","AGGATTAGATACCCTTGGTAGTCCACGCTGTAAACGATGATTACTAGGTGTGGGGGTCTGACCCCTTCCGTGCCGGAGTTAACACAATAAGTAATCCACCTGGGGAGTACGGCCGCAAGGTTGAAACTCAAAGGAATTGACGGGGCCCGCACAAGCAGTGGAGTATGTGGTTTAATTCGAAGCAACGCGAAGAACCTTACCAGGTCTTGACATCCTACTAACGAGATAGAGATATGTTAGGTGCCCTTCG","GATTAGATACCCTTGGTAGTCCACGCCGTAAACGATGAGTGCTAGGTGTCGGAGGGGAACCTTCGGTGCCGCAGCAAACGCAATAAGCACTCCACCTGGGGAGTACGATCGCAAGATTGAAACTCAAAGGAATTGACGGGGGCCCGCACAAGCGGTGGAGCATGTGGTTTAATTCGAAGCAACGCGAAGAACCTTACCAAGGCTTGACATCCCGATGACCGGTATAGAGATATACCTTTTCTACGGAACA","GATTAGATACCCTGGGTAGTCCACACAGTAAACGATGAATACTCGCTGTTTGCGATATACGGCAAGCGGCCAAGCGAAAGCATTAAGTATTCCACCTGGGGAGTACGCCGGCAACGGTGAAACTCAAAGGAATTGACGGGGCCCGCACAAGCGGAGGAACATGTGGTTTAATTCGATGATACGCGAGGAACCTTACCCGGGCTTAAATTGCATCTGAATAATTTGGAAACAGATTAGCCGTAAGGCAGAT","GATTAGATACCCTGGGTAGTCCACACAGTAAACGATGAATACTCGCTGTTTGCGATATACGGCAAGCGGCCAAGCGAAAGCATTAAGTATTCCACCTGGGGAGTACGCCGGCAACGGTGAAACTCAAAGGAATTGACGGGGCCCGCACAAGCGGAGGAACATGTGGTTTAATTCGATGATACGCGAGGAACCTTACCCGGGCTTAAATTGCAAATGAATATAGTGGAAACATTATAGCCGCAAGGCATTT","GATTAGATACCCTTGGTAGTCCACGCCGTAAACGATGAATACTAGGTGTCGGGGAGCACAGCTCTTCGGTGCCGCAGCAAACGCAATAAGTATTCCACCTGGGGAGTACGTTCGCAAGAATGAAACTCAAAGGAATTGACGGGGACCCGCACAAGCGGTGGAGCATGTGGTTTAATTCGAAGCAACGCGAAGAACCTTACCAAGTCTTGACATCCCGGTGACAAAATGTGTAATGCATTCTTTCTTCGGA","GATTAGATACCCTTGGTAGTCCACGCCGTAAACGATGAATGCTAGGTGTTGGGGGCAAAGCCCTTCGGTGCCGTCGCAAACGCAGTAAGCATTCCACCTGGGGAGTACGTTCGCAAGAATGAAACTCAAAGGAATTGACGGGACCCGCACAAGCGGTGGAGCATGTGGTTTAATTCGAAGCAACGCGAAGAACCTTACCAAGTCTTGACATCCTCTTGACCGGCGTGTAACGGCGCCTTCCCTTCGGGGC","GATTAGATACCCTTGGTAGTCCACGCCGTAAACGATGAATACTAGGTGTAGGAGGTATCGACCCCTTCTGTGCCGGAGCTAACACAATAAGTATTCCGCCTGGGAAGTACGATCGCAAGATTAAAACTCAAAGGAATTGACGGGGGCCCGCACAAGCGGTGGAGTATGTGGTTTAATTCGACGCAACGCGAAGAACCTTACCAGGTCTTGACATTGATCGCTATTCCAAGAAATTGGAAGTTCCTCTTCG","GATTAGATACCCTTGGTAGTCCACGCCGTAAACGATGGATACTAGGTGTGGGAGGTATTGACCCCTTCCGTGCCGCAGTTAACACATTAAGTATCCCACCTGGGGAGTACGACCGCAAGGTTGAAACTCAAAGGAATTGACGGGGCCCGCACAAGCAGTGGAGTATGTGGTTTAATTCGAAGCAACGCGAAGAACCTTACCTGGTCTTGACATCCCGATGACCGGCTTAGAGATAAGCTTTTCTCTTCGG","GATTAGATACCCTGGGTAGTCCGCACAGTAAACGATGAATACTCGCGGTTTGCGATATACAGTAAGCCGCCAAGCGAAAGCGTTAAGTATTCCACCTGGGGAGTACGCCGGCAACGGTGAAACTCAAAGGAATTGACGGGGCCCGCACAAGCGGAGGAACATGTGGTTTAATTCGATGATACGCGAGGAACCTTACCCGGGCTTGAACTGCAGGCGAACGATTCAGAGATGATGAGGCCCTTCGGGGCGC","GATTAGATACCCTTGGTAGTCCACGCCGTAAACGATGAATACTAGGTGTCGGGTGGCAAAGCCATTCGGTGCCGTCGCAAACGCAGTAAGTATTCCACCTGGGGAGTACGTTCGCAAGAATGAAACTCAAAGGAATTGACGGGGACCCGCACAAGCGGTGGAGCATGTGGTTTAATTCGAAGCAACGCGAAGAACCTTACCAAGTCTTGACATCCGCCTGACCGATCCTTAACCGGATCTTTCCTTCGGG","GATTAGATACCCTGGGTAGTCCACGCCGTAAACGATGAATACTAGGTGTCGGGGCGCAAAAGCGCTTCGGTGCCGCAGCAAACGCAATAAGTATTCCACCTGGGGAGTACGTTCGCAAGAATGAAACTCAAAGGAATTGACGGGGACCCGCACAAGCGGTGGAGCATGTGGTTTAATTCGAAGCAACGCGAAGAACCTTACCAAGTCTTGACATCCTCTTGACCGGTCAGTAATGTGGCCTTTCCTTCGG","GGATTAGATACCCTGGGTAGTCCACGCCGTAAACGATGAATGCTAGGTGTAGGGTACGAACGTATTCTGTGCCGCAGCTAACGCAATAAGCATTCCACCTGGGGAGTACGGCCGCAAGGTTGAAACTCAAAGGAATTGACGGGAGCCCGCACAAGCAGTGGAGTATGTGGTTTAATTCGACGCAACGCGAAGAACCTTACCGGAGCTTGACATCCACAGAAGGCCGAGTAATGTCGGCTGTGCCCTTCGG","GGATTAGATACCCTGGGTAGTCCACGCCGTAAACGATGAATACTAGGTGTCGGGGAGCACAGCTCTTCGGTGCCGCCGCAAACGCATTAAGTATTCCACCTGGGGAGTACGTTCGCAAGAATGAAACTCAAAGGAATTGACGGGGACCCGCACAAGCGGTGGAGCATGTGGTTTAATTCGAAGCAACGCGAAGAACCTTACCAAGTCTTGACATCTGCCTGACCGGTGAGTAACGTCACCTTTCCTTCGG","GGATTAGATACCCTTGGTAGTCCACGCCGTAAACGATGAATACTAGGTGTTGGTGGGCAAAGCCCATCGGTGCCGCCGCAAACGCAATAAGTATTCCACCTGGGGAGTACGTTCGCAAGAATGAAACTCAAAGGAATTGACGGGACCCGCACAAGCGGTGGAGCATGTGGTTTAATTCGAAGCAACGCGAAGAACCTTACCAAGTCTTGACATCGTGATGACCGGAACTTAACCGTTCCTTCCCTTCGGG","GGATTAGATACCCTTGGTAGTCCACGCCGTAAACGATGATTACTAGGTGTGGGGGATTGACCCCTTCCGTGCCGGAGTAAACACAATAAGTAATCCACCTGGGGAGTACGACCGCAAGGTTGAAACTCAAAGGAATTGACGGGGCCCGCACAAGCAGTGGAGTATGTGGTTTAATTCGACGCAACGCGAAGAACCTTACCAGGTCTTGACATCGAGTGACAGACTAAGAGATTAGTCCTTCCCTTCGGGG","AGGATTAGATACCCTGGGTAGTCCACGCCGTAAACGATGAATACTAGGTGTTGGTGAGCAAAGCTCATCGGTGCCGCCGCAAACGCAATAAGTATTCCACCTGGGGAGTACGTTCGCAAGAATGAAACTCAAAGGAATTGACGGGGACCCGCACAAGCGGTGGAGCATGTGGTTTAATTCGAAGCAACGCGAAGAACCTTACCAAATCTTGACATCCCTCTGAAACACTCTTAATCGAGTGCCTCCTTCG","AGGATTAGATACCCTGGGTAGTCCACGCCGTAAACGATGGATACTAGGTGTGGGAGGTATTGACCCCTTCCGTGCCGCAGTTAACACAATAAGTATCCCACCTGGGGAGTACGGCCGCAAGGTTGAAACTCAAAGGAATTGACGGGGCCCGCACAAGCAGTGGAGTATGTGGTTTAATTCGAAGCAACGCGAAGAACCTTACCAGGTCTTGACATCCCGATGACCGACCTAGAGATAGGTCTTTTCTTCG","GATTAGATACCCTTGGTAGTCCATGCCGTAAACGATGATTACTAGGTGTTGGAGGATTGACCCCTTCAGTGCCGCAGTTAACACAATAAGTAATCCACCTGGGGAGTACGACCGCAAGGTTGAAACTCAAAGGAATTGACGGGGCCCGCACAAGCAGTGGAGTATGTGGTTTAATTCGAAGCAACGCGAAGAACCTTACCAGGTCTTGACATCCGATGCATAGTGCAGAGATGCATGAAGTCCTTGGGAC","AGGATTAGATACCCTGGGTAGTCCACACTGTAAACGATGGATACTAGGTGTAGGGTGTATTAAGCACTCTGTGCCGCCGCAAACGCATTAAGTATCCCACCTGGGGAGTACGACCGCAAGGTTGAAACTCAAAGGAATTGACGGGGCCCGCACAAGCAGTGGAGTATGTGGTTTAATTCGAAGCAACGCGAAGAACCTTACCAGGGCTTGACATAAACAGGAATAAGTAAGAGATTACTTAGCTCTTCGG","AGGATTAGATACCCTTGGTAGTCCACGCCGTAAACGATGATTACTAGGTGTTGGGGATTTATAAATCTTCGGTGCCGTCGCAAACGCAATAAGTAATCCACCTGGGGAGTACGTTCGCAAGAATGAAACTCAAAGGAATTGACGGGACCCGCACAAGCGGTGGAGCATGTGGTTTAATTCGAAGCAACGCGAAGAACCTTACCTGGTCTTGACATCCCGATGAACAACGGGTAATGCCGTTGGTACTTCG","AGGATTAGATACCCTTGGTAGTCCACGCCGTAAACGATGATTACTAGGTGTTGGGGGACATGGTCCTTCGGTGCCGCCGCAAACGCAGTAAGTAATCCACCTGGGGAGTACGTTCGCAAGAATGAAACTCAAAGGAATTGACGGGACCCGCACAAGCGGTGGAGCATGTGGTTTAATTCGAAGCAACGCGAAGAACCTTACCAAGTCTTGACATCGAGAGGACAGAGTATGTAATGTACTTTCCCTTCGG","AGGATTAGATACCCTTGGTAGTCCACGCTGTAAACGATGAATACTAGGTGTTGGGGAGCATTGCTCTTCGGTGCCGTCGCAAACGCAGTAAGTATTCCACCTGGGGAGTACGTTCGCAAGAATGAAACTCAAAGGAATTGACGGGGACCCGCACAAGCGGTGGAGCATGTGGTTTAATTCGAAGCAACGCGAAGAACCTTACCAAGTCTTGACATCCTTCTGACGAGCTCGTAATGGAGCTTTCTCTTCG","AGGATTAGATACCCTTGGTAGTCCACGCCGTAAACGATGAATACTAGGTGTCGGGGAACAATCGTTCTTCGGTGCCGCAGCAAACGCAATAAGTATTCCACCTGGGGAGTACGTTCGCAAGAATGAAACTCAAAGGAATTGACGGGGACCCGCACAAGCGGTGGAGCATGTGGTTTAATTCGAAGCAACGCGAAGAACCTTACCTGGTCTTGACATCCGTGTGACCGGTCAGTAATGTGACCTTTCCTTC","AGGATTAGATACCCTGGGTAGTCCACGCTGTAAACGATGATTACTAGGTGTGGGGGAGGCTGACCCTTTTCCGTGCCGCAGTTAACACAATAAGTAATCCACCTGGGGAGTACGGCCGCAAGGTTGAAACTCAAAGGAATTGACGGGGCCCGCACAAGCAGTGGAGTATGTGGTTTAATTCGAAGCAACGCGAAGAACCTTACCAGGTCTTGACATCCTAAGAATCCTTAAGAGATTAGGGAGTGCCTTC","AGGATTAGATACCCTGGGTAGTCCACGCCGTAAACGATGAATACTAGGTGTCGGGGAGCATGGCTCTTCGGTGCCGTCGCAAACGCAGTAAGTATTCCACCTGGGGAGTACGTTCGCAAGAATGAAACTCAAAGGAATTGACGGGGACCCGCACAAGCGGTGGAGCATGTGGTTTAATTCGAAGCAACGCGAAGAACCTTACCAAATCTTGACATCCCTCTGACCGGTCTTTAATCGGACCTTCTCTTCG","AGGATTAGATACCCTGGGTAGTCCACGCCGTAAACGATGAATACTAGGTGTCGGGGAGCAAAGCTCTTCGGTGCCGCCGCAAACGCAATAAGTATTCCACCTGGGGAGTACGTTCGCAAGAATGAAACTCAAAGGAATTGACGGGGACCCGCACAAGCGGTGGAGCATGTGGTTTAATTCGAAGCAACGCGAAGAACCTTACCAAGCCTTGACATCCCATTGACAGAGTATGTAATGTACTTTTCCTTCG","GATTAGATACCCTGGGTAGTCCACGCCGTAAACGATGATTACTAGGTGTGGGGGGCTGACCCCTTCCGTGCCGCAGTTAACACAATAAGTAATCCACCTGGGGAGTACGGCCGCAAGGTTGAAACTCAAAGGAATTGACGGGGCCCGCACAAGCAGTGGAGTATGTGGTTTAATTCGAAGCAACGCGAAGAACCTTACCAGGTCTTGACATCGAGTGACGTACCTAGAGATAGGTATTTTCTTCGGAACA","GATTAGATACCCTGGGTAGTCCACGCGGTAAACGATGAATGCTAGGTGTCGGGGAGCAAAGCTCTTCGGTGCCGCCGCAAACGCATTAAGCATTCCACCTGGGGAGTACGTTCGCAAGAATGAAACTCAAAGGAATTGACGGGGACCCGCACAAGCGGAGGAACATGTGGTTTAATTCGATGATACGCGAGGAACCTTACCCGGGCTTGAATTGCAGAGGAAGGATTTGGAGACAATGACGCCCTTCGGG","GATTAGATACCCTGGGTAGTCCACGCCGTAAACGATGCTCACTGGATCTTGGCGATACACTGCCAGGGTTCAAGCGAAAGTATTAAGTGAGCCACCTGGGGAGTACGTCGGCAACGATGAAACTCAAAGGAATTGACGGGGGCCCGCACAAGCGGAGGAACATGTGGTTTAATTCGATGATACGCGAGGAACCTTACCCGGGTTTAAATGTATTTTGCATTTCTTGGAAACAGGAATTCCCTTCGGGGCT","AGGATTAGATACCCTTGGTAGTCCACGCCGTAAACGATGAATACTAGGTGTCGGGGCACATAAGTGCTCCGGTGCCGCAGCAAACGCAATAAGTATTCCACCTGGGGAGTACGTTCGCAAGAATGAAACTCAAAGGAATTGACGGGGACCCGCACAAGCGGTGGAGCATGTGGTTTAATTCGAAGCAACGCGAAGAACCTTACCAAGTCTTGACATCCCACTGACCGGACAGTAATGTGTCCTTCCCTTC","AGGATTAGATACCCTTGGTAGTCCACGCCGTAAACGATGTCGACTTGGAGGTTGTGCCCTTGAGGCGTGGCTTCCGGAGCTAACGCGTTAAGTCGACCGCCTGGGGAGTACGGCCGCAAGGTTAAAACTCAAATGAATTGACGGGGCCCGCACAAGCGGTGGAGCATGTGGTTTAATTCGATGCAACGCGAAGAACCTTACCTGGTCTTGACATCCACAGAACTTTCCAGAGATGGATTGGTGCCTTCGG","GATTAGATACCCTTGGTAGTCCACGCCGTAAACGATGATTACTAGGTGTTGGGGATTTATAAATCCTCGGTGCCGTCGCAAACGCAATAAGTAATCCACCTGGGGAGTACGTTCGCAAGAATGAAACTCAAAGGAATTGACGGGGACCCGCACAAGCGGTGGAGCATGTGGTTTAATTCGAAGCAACGCGAAGAACCTTACCTGGTCTTGACATCCCGATGCATAACGGGTAATGCCGTTAGTACTTCGG","GATTAGATACCCTGGGTAGTCCACGCCGTAAACGATGAATACTAGGTGTCGGGCAGCATAGCTGTTCGGTGCCGCAGCAAACGCATTAAGTATTCCACCTGGGGAGTACGTTCGCAAGAATGAAACTCAAAGGAATTGACGGGGACCCGCACAAGCGGTGGAGCATGTGGTTTAATTCGAAGCAACGCGAAGAACCTTACCAGGTCTTGACATCCCGATGACCGCTTCTTAATCGAAGCTTTTCTTCGGA","GATTAGATACCCTGGGTAGTCCACGCCGTAAACGATGAATGCTAGGTGTTGGGGAGCAAAGCTCTTCGGTGCCGCCGCAAACGCATTAAGCATTCCACCTGGGGAGTACGTTCGCAAGAATGAAACTCAAAGGAATTGACGGGGACCCGCACAAGCGGTGGAGCATGTGGTTTAATTCGAAGCAACGCGAAGAACCTTACCAAGTCTTGACATCCCTTTGAAAAGCCCGTAACGGGGCTCCCTCTTCGGA","GATTAGATACCCTTGGTAGTCCACGCCGTAAACGGTGGATGCTGGATGTGGGGACCATTCCACGGTCTCCGTGTCGGAGCCAACGCGTTAAGCATCCCGCCTGGGGAGTACGGCCGCAAGGCTAAAACTCAAAGAAATTGACGGGGGCCCGCACAAGCGGCGGAGCATGCGGATTAATTCGATGCAACGCGAAGAACCTTACCTGGGCTTGACATGTTCCCGACGACGCCAGAGATGGCGTTTCCCTTCG","GATTAGATACCCTTGGTAGTCCACGCCGTAAACGATGGATACTAGGTGTGGGAGGTATTGACCCCTTCCGTGCCGCAGTTAACACAATAAGTATCCCACCTGGGGAGTACGGCCGCAAGGTTGAAACTCAAAGGAATTGACGGGGCCCGCACAAGCAGTGGAGTATGTGGTTTAATTCGAAGCAACGCGAAGAACCTTACCAGGTCTTGACATCCCGATGACCGGCCTAGAGATAGGCTTTCTCTTCGGA","GGATTAGATACCCTGGGTAGTCCACGCCGTAAACGATGGATACTAGGTGTGGGAGGTATTGACCCCTTCCGTGCCGCAGTTAACACAATAAGTATCCCACCTGGGGAGTACGGCCGCAAGGTTGAAACTCAAAGGAATTGACGGGGCCCGCACAAGCAGTGGAGTATGTGGTTTAATTCGAAGCAACGCGAAGAACCTTACCAGGTCTTGACATCCCGATGACCGCCTTAGAGATAAGGCTTTTCTTCGG","GGATTAGATACCCTGGGTAGTCCACACAGTAAACGATGAATACTCGCTGTTTGCGATATACAGTAAGCGGCCAAGCGAAAGCATTAAGTATTCCACCTGGGGAGTACGCCGGCAACGGTGAAACTCAAAGGAATTGACGGGGCCCGCACAAGCGGAGGAACATGTGGTTTAATTCGATGATACGCGAGGAACCTTACCCGGGCTTAAATTGCAAATGAATAATCTGGAAACAGGTTAGCCGCAAGGCATT","GGATTAGATACCCTGGGTAGTCCACACCGTAAACGATGGATACTAGGTGTAGGGGATATTAAGTCTTCTGTGCCGTCGCAAACGCAGTAAGTATCCCACCTGGGGAGTACGGCCGCAAGGTTGAAACTCAAAGGAATTGACGGGGCCCGCACAAGCAGTGGAGTATGTGGTTTAATTCGACGCAACGCGAAGAACCTTACCAAGGCTTGACATATACAGGAATAACTAAGAAATTAGTTAGCTCTTCGGA","GGATTAGATACCCTTGGTAGTCCACGCCGTAAACGGTGGATGCTGGATGTGGGGACCATTCCACGGTCTCCGTGTCGGAGCCAACGCGTTAAGCATCCCGCCTGGGGAGTACGGCCGCAAGGCTAAAACTCAAAGAAATTGACGGGGCCCGCACAAGCGGCGGAGCATGCGGATTAATTCGATGCAACGCGAAGAACCTTACCTGGGCTTGACATGTTCCCGACAGCCCCAGAGATGGGGCCTCCCTTCG","GGATTAGATACCCTGGGTAGTCCATGCCGTAAACGATGATTACTAGGTGTTGGAGGATTGACCCCTTCAGTGCCGCAGTTAACACAATAAGTAATCCACCTGGGGAGTACGACCGCAAGGTTGAAACTCAAAGGAATTGACGGGGCCCGCACAAGCAGTGGAGTATGTGGTTTAATTCGAAGCAACGCGAAGAACCTTACCAGGTCTTGACATCCGATGCATAGCGCAGAGATGCGTGAAGTCCTTCGGG","GGATTAGATACCCTTGGTAGTCCACGCAGTAAACGATGATTACTAGGAGTTTGCGATACACAGTAAGCTCTACAGCGAAAGCGTTAAGTAATCCACCTGGGGAGTACGCCGGCAACGGTGAAACTCAAAGGAATTGACGGGGCCCGCACAAGCGGAGGAACATGTGGTTTAATTCGATGATACGCGAGGAACCTTACCCGGGTTTGAACGCATTTGGACAGCTCTGGAAACAGAGTCTCTAGCAATAGCC","AGGATTAGATACCCTTGGTAGTCCACACCGTAAACGATGGATACTAGGTGTAGGGTGTGATAAACACTCTGTGCCGTCGCAAACGCAATAAGTATCCCACCTGGGGAGTACGGCCGCAAGGTTGAAACTCAAAGGAATTGACGGGGCCCGCACAAGCAGTGGAGTATGTGGTTTAATTCGAAGCAACGCGAAGAACCTTACCAGGGCTTGACATAAACAGGAATATATAAGAGATTATATAGCTCTTCGG","AGGATTAGATACCCTGGGTAGTCCACGCCGTAAACGATGAATACTAGGTGTCGGGGAGCAAAGCTCTTCGGTGCCGTCGCAAACGCAGTAAGTATTCCACCTGGGGAGTACGTTCGCAAGAATGAAACTCAAAGGAATTGACGGGACCCGCACAAGCGGTGGAGCATGTGGTTTAATTCGAAGCAACGCGAAGAACCTTACCAAGTCTTGACATCCTTCTGACCGATACTTAATCGTATCTTCTCTTCGG","AGGATTAGATACCCTTGGTAGTCCACGCCGTAAACGATGAATACTAGGTGTCGGAAAGCACAGCTTTTCGGTGCCGCCGCAAACGCATTAAGTATTCCACCTGGGGAGTACGTTCGCAAGAATGAAACTCAAAGGAATTGACGGGACCCGCACAAGCGGTGGAGCATGTGGTTTAATTCGAAGCAACGCGAAGAACCTTACCAAGTCTTGACATCCCGGTGACCGGACAGTAATGTGTCCTTTTCTTCGG","AGGATTAGATACCCTTGGTAGTCCACGCGGTAAACGATGAATGCTAGGTGTCGGGGAGCAAAGCTCTTCGGTGCCGCCGCAAACGCATTAAGCATTCCACCTGGGGAGTACGTTCGCAAGAATGAAACTCAAAGGAATTGACGGGGACCCGCACAAGCGGTGGAGCATGTGGTTTAATTCGAAGCAACGCGAAGAACCTTACCAAGTCTTGACATCCTTCTGACCGGAACTTAACCGTTCCTTCCCTTCG","GATTAGATACCCTTGGTAGTCCATGCCGTAAACGATGATTACTAGGTGTGGGAGGATTGACCCCTTCCGTGCCGCAGTTAACACAATAAGTAATCCACCTGGGGAGTACGACCGCAAGGTTGAAACTCAAAGGAATTGACGGGGCCCGCACAAGCAGTGGAGTATGTGGTTTAATTCGAAGCAACGCGAAGAACCTTACCAGGTCTTGACATCCCGTGCATAGCTCAGAGATGAGTGAAGTCCTTCGGGA","AGGATTAGATACCCTGGGTAGTCCACACCGTAAACGATGATTACTAGGTGTTGGAGGATTGACCCCTTCAGTGCCGCAGTTAACACAATAAGTAATCCACCTGGGGAGTACGACCGCAAGGTTGAAACTCAAAGGAATTGACGGGGCCCGCACAAGCAGTGGAGTATGTGGTTTAATTCGACGCAACGCGAAGAACCTTACCAAGTCTTGACATCCTGCGACGATCATAGAAATATGATTTTCCTTCGGG","GATTAGATACCCTTGGTAGTCCACGCGGTAAACGATGAATACTAGATGTCGGGTAGCATAGCTACTCGGTGTCGTCGCAAACGCAATAAGTATTCCACCTGGGGAGTACGTTCGCAAGAATGAAACTCAAAGGAATTGACGGGGACCCGCACAAGCGGTGGAGCATGTGGTTTAATTCGAAGCAACGCGAAGAACCTTACCTGCTCTTGACATCCCATTCGATAGAGGGTAATGCCTCTAGCCCTTCGGG","AGGATTAGATACCCTGGGTAGTCCGCGCAGTAAACGATGAGTGCCCGCCTTCTGTGGCATGTCCATGGGAGGCCAAGCGAAAGCGTTAAGCACTCCACCTGGGGAGTACGCCGGCAACGGTGAAACTCAAAGGAATTGACGGGGGCCCGCACAAGCGGAGGAACATGTGGTTTAATTCGATGATACGCGAGGAACCTTACCCGGGCTTGAAATGTGCCTGGCGATTCCTGGAGACGGGAATCTCCTTCGG","AGGATTAGATACCCTGGGTAGTCCACACCGTAAACGATGGATACTAGGTGTAGGGTGTGATAAACATTCTGTGCCGTCGCAAACGCAGTAAGTATCCCACCTGGGGAGTACGGCCGCAAGGTTGAAACTCAAAGGAATTGACGGGGCCCGCACAAGCAGTGGAGTATGTGGTTTAATTCGACGCAACGCGAAGAACCTTACCAGGGCTTGACATATACATGAAAGTCTAAGAGATTAGACCCCTCTTCGG","AGGATTAGATACCCTGGGTAGTCCACGCCGTAAACGATGAATGCTAGGTGTTGGGGAGCAAAGCTCTTCGGTGCCGCCGCAAACGCATTAAGCATTCCACCTGGGGAGTACGTTCGCAAGAATGAAACTCAAAGGAATTGACGGGGACCCGCACAAGCGGTGGAGCATGTGGTTTAATTCGAAGCAACGCGAAGAACCTTACCAAGTCTTGACATCCCTTTGAAAAGCCCGTAACGGGGCTCCCTCTTCG","AGGATTAGATACCCTGGGTAGTCCGCACAGTAAACGATGCACACTGGGTGTCCGCCCATGAGGGTGGGTGCCGAAGCAAACGCGATAAGTGTGCCGCCTGGGGAGTATGCCCGCAAGGGTGAAACTCAAAGGAATTGACGGGGGCCCGCACAAGCGGTGGAGCATGTGGTTTAATTCGATGGTACGCGAGGAACCTTACCTGGGTTTGACATGCACGGTGATACCGGGGAGATCCGGGGTCCAGCAATGG","AGGATTAGATACCCTTGGTAGTCCACGCTGTAAACGATGAATACTAGGTGTGGGAGGACTGACCCCTTCCGTGCCGCAGTTAACACAATAAGTATTCCACCTGGGGAGTACGACCGCAAGGTTGAAACTCAAAGGAATTGACGGGGCCCGCACAAGCAGTGGATTATGTGGTTTAATTCGACGCAACGCGAAGAACCTTACCAGGATTTGACATCCAACTAACGAAGCAGAGATGCATTAGGTGCCCTTC","GATTAGATACCCTGGGTAGTCCACACAGTAAACGATGAATACTCGCTGTTTGCGATATACAGCAAGCGGCCAAGCGAAAGCATTAAGTATTCCACCTGGGGAGTACGCCGGCAACGGTGAAACTCAAAGGAATTGACGGGGGCCCGCACAAGCGGAGGAACATGTGGTTTAATTCGATGATACGCGAGGAACCTTACCCGGGCTTAAATTGCATTTGAATATAGTGGAAACATTATAGCCGCAAGGCAAA","GATTAGATACCCTTGGTAGTCCACGCCGTAAACGATGAATACTAGGTGTCGGGGAGCATTGCTCTTCGGTGCCGCAGCAAACGCAATAAGTATTCCACCTGGGGAGTACGTTCGCAAGAATGAAACTCAAAGGAATTGACGGGGACCCGCACAAGCGGTGGAGCATGTGGTTTAATTCGAAGCAACGCGAAGAACCTTACCAAGTCTTGACATCCCGATGACAGAGTATGTAATGTACTTTCCCTTCGGG","GATTAGATACCCTGGGTAGTCCATGCCGTAAACGATGATTACTAGGTGTGGGAGGATTGACCCCTTCCGTGCCGCAGTTAACACAATAAGTAATCCACCTGGGGAGTACGACCGCAAGGTTGAAACTCAAAGGAATTGACGGGGCCCGCACAAGCAGTGGAGTATGTGGTTTAATTCGAAGCAACGCGAAGAACCTTACCAGGTCTTGACATCGGATGCATAACTAAGAGATTAGTGAAGCCCTTCGGGG","GATTAGATACCCTGGGTAGTCCACGCGGTAAACGATGAATGCTAGGTGTAGGAGGTATCGACCCCTTCTGTGCCGCAGTAAACACAATAAGCATTCCGCCTGGGGAGTACGGCCGCAAGGTTGAAACTCAAAGGAATTGACGGGGGCCCGCACAAGCAGCGGAGCATGTGGTTTAATTCGAAGCAACGCGAAGAACCTTACCAGGTCTTGACATCCGTGTAAAGCCGCAGAGATGCGGTGTGAGCTTGCT","GATTAGATACCCTGGGTAGTCCACGCCGTAAACGATGGATACTAGGTGTGGGAGGTATTGACCCCTTCCGTGCCGCAGTTAACACATTAAGTATCCCACCTGGGGAGTACGACCGCAAGGTTGAAACTCAAAGGAATTGACGGGGCCCGCACAAGCAGTGGAGTATGTGGTTTAATTCGAAGCAACGCGAAGAACCTTACCTGGTCTTGACATCCCGATGACCGGCTTAGAGATAAGCTTTTCTCTTCGG","GATTAGATACCCTTGGTAGTCCACACTGTAAACGATGATTGCTAGGTGTGGGGGGTCTGACCCCCTCCGTGCCGGAGTTAACGCAATAAGCAATCCACCTGGGGAGTACGGCCGCAAGGTTGAAACTCAAAGGAATTGACGGGGACCCGCACAAGCAGTGGATTATGTGGTTTAATTCGAAGCAACGCGAAGAACCTTACCAGGTCTTGACATCCGACTAACGAGATAGAGATATGTCAGGTGCCCTTCG","GATTAGATACCCTGGGTAGTCCACACAGTAAACGATGAATACTCGCGGTTGGTTCGTTAGAGTCAGCCGCCAAGCGAAAGCGTTAAGTATTCCACCTGGGGAGTACGCCGGCAACGGTGAAACTCAAAGGAATTGACGGGGCCCGCACAAGCGGAGGAACATGTGGTTTAATTCGATGATACGCGAGGAACCTTACCCGGGCTTGAACTGCCAGTGACTCATGCAGAGACGCATGTTTCTTCGGACACTG","GATTAGATACCCTTGGTAGTCCACGCCGTAAACGATGAGTGCTAGGTGTTAGGCCCTTTCCGGGGCTTAGTGCCGCAGCTAACGCATTAAGCACTCCGCCTGGGGAGTACGACCGCAAGGTTGAAACTCAAAGGAATTGACGGGGGCCCGCACAAGCGGTGGAGCATGTGGTTTAATTCGAAGCAACGCGAAGAACCTTACCAGGTCTTGACATCCCGATGCTATTCCTAGAGATAGGAAGTTTCTTCGG","GGATTAGATACCCTGGGTAGTCCACGCCGTAAACGATGAATACTAGGTGTCGGGGAGCATTGCTCTTCGGTGCCGCAGCAAACGCAATAAGTATTCCACCTGGGGAGTACGTTCGCAAGAATGAAACTCAAAGGAATTGACGGGGACCCGCACAAGCGGTGGAGCATGTGGTTTAATTCGAAGCAACGCGAAGAACCTTACCAAGTCTTGACATCCCACTGACAGAGTATGTAATGTACTTTCTCTTCGG","GGATTAGATACCCTTGGTAGTCCACGCCGTAAACGATGAATACTAGGTGTCGGGAAGCACAGCTTTTCGGTGCCGCCGCAAACGCATTAAGTATTCCACCTGGGGAGTACGTTCGCAAGAATGAAACTCAAAGGAATTGACGGGACCCGCACAAGCGGTGGAGCATGTGGTTTAATTCGAAGCAACGCGAAGAACCTTACCAAGTCTTGACATCCTTCTGACCGGACAGTAATGTGTCCTTTCCTTCGGG","AGGATTAGATACCCTTGGTAGTCCACGCCGTAAACGATGAATACTAGGTGTCGGGTGGCAGAGCCATTCGGTGCCGTCGCAAACGCAGTAAGTATTCCACCTGGGGAGTACGTTCGCAAGAATGAAACTCAAAGGAATTGACGGGGACCCGCACAAGCGGTGGAGCATGTGGTTTAATTCGAAGCAACGCGAAGAACCTTACCAAGTCTTGACATCCGCCTGACTGATCCTTAACCGGATCTTTCCTTCG","GGATTAGATACCCTTGGTAGTCCACGCCGTAAACGATGACTACTAGGTGTCGGGGAGCAAGGCTCTTCGGTGCCGCAGCAAACGCAATAAGTAGTCCACCTGGGGAGTACGTTCGCAAGAATGAAACTCAAAGGAATTGACGGGGACCCGCACAAGCGGTGGAGCATGTGGTTTAATTCGAAGCAACGCGAAGAACCTTACCTGCTCTTGACATCCCGGTGACCGGCGTGTAATGACGCCTTTTCTTCGG","GGATTAGATACCCTGGGTAGTCCACGCCGTAAACGATGATTACTAGGTGTGGGGGACTGACCCCTTCCGTGCCGGAGTTAACACAATAAGTAATCCACCTGGGGAGTACGGCCGCAAGGCTGAAACTCAAAGGAATTGACGGGGCCCGCACAAGCAGTGGAGTATGTGGTTTAATTCGAAGCAACGCGAAGAACCTTACCAGGTCTTGACATCGAGTGACGAACATAGAGATATGTTCTTCCTTCGGGAC","AGGATTAGATACCCTTGGTAGTCCGCACGGTAAACGATGGATGCTCGCTGTGTGCCCTTGGGTACGCGGCCAAGCGAAAGCGTTAAGCATCCCACCTGGGGAGTACGCCGGCAACGGTGAAACTCAAAGGAATTGACGGGGCCCGCACAAGCGGAGGAACATGTGGTTTAATTCGATGATACGCGAGGAACCTTACCCGGGCTTGAATTGCAGGAGAACGATACAGAGATGTTGAGGTCCTTCGGGACTC","GATTAGATACCCTGGGTAGTCCACGCCGTAAACGATGAATGCTAGGTGTCGGGGGCAAAGCCCTTCGGTGCCGCCGCTAACGCAATAAGCATTCCACCTGGGGAGTACGTTCGCAAGAATGAAACTCAAAGGAATTGACGGGACCCGCACAAGCGGTGGAGCATGTGGTTTAATTCGAAGCAACGCGAAGAACCTTACCAAGTCTTGACATCCCCCTGACCGGCACGTAACGGTGCCCTTCCTTCGGGAC","AGGATTAGATACCCTTGGTAGTCCACGCAGTAAACGATGAATACTAACTGTTCGGAGGGCGACCTCTGAGTGGTAAAGCGAAAGCGTTAAGTATTCCACCTGGGGAGTACGCCGGCAACGGTGAAACTCAAAGGAATTGACGGGGCCCGCACAAGCGGAGGAACATGTGGTTTAATTCGATGATACGCGAGGAACCTTACCCGGGCTCAAACGTCGGGCGAACCATCCTGAAAGGGATGGGCCAGCAATG","AGGATTAGATACCCTGGGTAGTCCACACTGTAAACGATGAATGCTAGGTGTAGGGGGTATCGACCCCTTCTGTGCCGCAGTCAACACAATAAGCATTCCGCCTGGGGAGTACGGCCGCAAGGTTGAAACTCAAAGGAATTGACGGGGGCCCGCACAAGCAGCGGAGCATGTGGTTTAATTCGACGCAACGCGAAGAACCTTACCAGGTCTTGACATCCACTTAAACTTACAGAGATGTAAGGTGTGCTTG","AGGATTAGATACCCTTGGTAGTCCATGCTGTAAACGATGAATGCTAGTTGTCGGCGTAAGTCGGTGACGAAGTTAACGCGATAAGCATTCCGCCTGGGGAGTACGGTCGCAAGATTAAAACTCAAAGGAATTGACGGGACCCGCACAAGCGGTGGAGCATGTGGTTTAATTCGATGCAACGCGAAAAACCTTACCAACACTTGACATCCTTATCGGGGAGCACAGAGATGAGTTCTTTCAGTTAGGCTGG","AGGATTAGATACCCTTGGTAGTCCACGCCGTAAACGATGAGTGCTAGGTGTTAGGCCCTTTCCGGGGCTTAGTGCCGCAGCTAACGCATTAAGCACTCCGCCTGGGGAGTACGACCGCAAGGTTGAAACTCAAAGGAATTGACGGGGCCCGCACAAGCGGTGGAGCATGTGGTTTAATTCGAAGCAACGCGAAGAACCTTACCAGGTCTTGACATCCCGATGCTATTCCTAGAGATAGGAAGTTTCTTCG","AGGATTAGATACCCTGGGTAGTCCACGCCGTAAACGATGATTACTAGGTGTTGGGGGACATGGTCCTTCGGTGCCGCCGCAAACGCAGTAAGTAATCCACCTGGGGAGTACGTTCGCAAGAATGAAACTCAAAGGAATTGACGGGGACCCGCACAAGCGGTGGAGCATGTGGTTTAATTCGAAGCAACGCGAAGAACCTTACCAAGTCTTGACATCGAGAGGACAGAGTATGTAATGTACTTTCCCTTCG","GATTAGATACCCTTGGTAGTCCACGCCGTAAACGATGAATACTAGGTGTCGGGGAGCAAAGCTCTTCGGTGCCGTCGCAAACGCAGTAAGTATTCCACCTGGGGAGTACGTTCGCAAGAATGAAACTCAAAGGAATTGACGGGGACCCGCACAAGCGGTGGAGCATGTGGTTTAATTCGAAGCAACGCGAAGAACCTTACCAAGTCTTGACATCCTCCTGACCGGTCCTTAACCGGACCTTTCCTTCGGG","GATTAGATACCCTTGGTAGTCCACGCCGTAAACGATGATTACTAGGTGTTGGGGGACATGGTCCTTCGGTGCCGCCGCAAACGCAGTAAGTAATCCACCTGGGGAGTACGTTCGCAAGAATGAAACTCAAAGGAATTGACGGGGACCCGCACAAGCGGTGGAGCATGTGGTTTAATTCGAAGCAACGCGAAGAACCTTACCAAGTCTTGACATCGAGAGGACAGAGTATGTAATGTACTTTCCCTTCGGG","GATTAGATACCCTTGGTAGTCCACACCGTAAACGATGATTACTAGGTGTTGGAGGATTGACCCCTTCAGTGCCGCAGTTAACACAATAAGTAATCCACCTGGGGAGTACGACCGCAAGGTTGAAACTCAAAGGAATTGACGGGGCCCGCACAAGCAGTGGAGTATGTGGTTTAATTCGACGCAACGCGAAGAACCTTACCAAGTCTTGACATCCTGTGACAGACGTAGAAATACGTTCTTCCTTCGGGAC","GATTAGATACCCTTGGTAGTCCACGCCGTAAACGATGATTACTAGGTGTCGGGGACCAAGGTCCTTCGGTGCCGCCGCAAACGCAATAAGTAATCCACCTGGGGAGTACGTTCGCAAGAATGAAACTCAAAGGAATTGACGGGACCCGCACAAGCGGTGGAGCATGTGGTTTAATTCGAAGCAACGCGAAGAACCTTACCTGGTCTTGACATCCCGATGACCGCTCTGTAATGAGAGCTTTTCTTCGGAA","GATTAGATACCCTTGGTAGTCCACGCCGTAAACGATGAATACTAGGTGTTGGTGAGCAAAGCTCATCGGTGCCGCCGCAAACGCAATAAGTATTCCACCTGGGGAGTACGTTCGCAAGAATGAAACTCAAAGGAATTGACGGGGACCCGCACAAGCGGTGGAGCATGTGGTTTAATTCGAAGCAACGCGAAGAACCTTACCAAATCTTGACATCCCTCTGAAAAGTCCTTAATCGGACTCCTCCTTCGGG","AGGATTAGATACCCTTGGTAGTCCACGCGGTAAACGATGAATGCTAGGTGTCGGGTGACAAAGTCATTCGGTGCCGCCGCAAACGCATTAAGCATTCCACCTGGGGAGTACGTTCGCAAGAATGAAACTCAAAGGAATTGACGGGGACCCGCACAAGCGGTGGAGCATGTGGTTTAATTCGAAGCAACGCGAAGAACCTTACCAAGTCTTGACATCCTTCTGACCGGAACTTAACCGTTCCTTCCCTTCG","GATTAGATACCCTGGGTAGTCCCAGCCGTAAACGATGGACGCTAGGTGTGGGGGAGGAATCTCCTCCGTGCCGAAGCCAACGCATTAAGCGTCCCGCCTGGGGAGTACGGCCGCAAGGCTAAAACTCAAAGGAATTGACGGGGCCCGCACAAGCAGCGGAGCATGTGGCTTAATTCGAAGCAACGCGAAGAACCTTACCAGGGCTTGACATACGGGTGAAGCCGGAGAGATCCGGTGGCCGAGAGGAGCC","GATTAGATACCCTGGGTAGTCCACGCCGTAAACGATGGATACTAGGTGTGGGAGGTATTGACCCCTTCCGTGCCGCAGTTAACACAATAAGTATCCCACCTGGGGAGTACGGCCGCAAGGTTGAAACTCAAAGGAATTGACGGGGCCCGCACAAGCAGTGGAGTATGTGGTTTAATTCGAAGCAACGCGAAGAACCTTACCAAGTCTTGACATCCCGATGACCGTCCTAGAGATAGGGCTTCTCTTCGGA","GGATTAGATACCCTTGGTAGTCCACACTGTAAACGATGATAACTAGGTGTGGGGGTCTGACCCCTTCCGTGCCGCAGCTAACGCAATAAGTTATCCACCTGGGGAGTACGACCGCAAGGTTGAAACTCAAAGGAATTGACGGGACCCGCACAAGCAGTGGATTATGTGGTTTAATTCGAAGCAACGCGAAGAACCTTACCAGCACTTGACATCCGACTAACGAAGTAGAGATACATTAGGTGCCCTTCGG","GGATTAGATACCCTGGGTAGTCCACGCCGTAAACGATGAATACTAGGTGTCGGGGAGCACAGCTCTTCGGTGCCGCCGCAAACGCAATAAGTATTCCACCTGGGGAGTACGTTCGCAAGAATGAAACTCAAAGGAATTGACGGGGACCCGCACAAGCGGTGGAGCATGTGGTTTAATTCGAAGCAACGCGAAGAACCTTACCAAATCTTGACATCCCGATGACCGCTCCGTAATGGGAGTTTTTCTTCGG","GGATTAGATACCCTTGGTAGTCCACGCCGTAAACGATGAGTACTAGCTGTCGGAGGTTACCCCCTTCGGTGGCGCAGCTAACGCATTAAGTACTCCGCCTGGGAAGTACGCTCGCAAGAGTGAAACTCAAAGGAATTGACGGGACCCGCACAAGTAGCGGAGCATGTGGTTTAATTCGAAGCAACGCGAAGAACCTTACCTAAGCTTGACATCCTTTTGACCGATGCCTAATCGCATCTTTCCCTTCGGG","GGATTAGATACCCTGGGTAGTCCACGCCGTAAACGATGAATACTAGGTGTTGGGGAACAATAGTTCTTCGGTGCCGCAGCAAACGCAATAAGTATTCCACCTGGGGAGTACGTTCGCAAGAATGAAACTCAAAGGAATTGACGGGACCCGCACAAGCGGTGGAGCATGTGGTTTAATTCGAAGCAACGCGAAGAACCTTACCTGCTCTTGACATCCCACTGACCGGTCAGTAATGTGACCTTTTCTTCGG","AGGATTAGATACCCTTGGTAGTCCATGCTGTAAACGATGAATGCTAGTTGTTGGAGGAATTCAGTGACGCAGTTAACACAATAAGCATTCCGCCTGGGGAGTACGGTCGCAAGATTAAAACTCAAAGGAATTGACGGGGACCCGCACAAGCGGTGGAGCATGTGGTTTAATTCGATGCAACGCGAAGAACCTTACCAACTCTTGACATCCTCATTAGGGAGGGGAGAGATTCCCTCTTTCAGTTAGGCTG","AGGATTAGATACCCTTGGTAGTCCACGCAGTAAACGATGAATACTCACCGTTTGCGATATAATGTAAGCGGTAAAGCGAAAGCGTTAAGTATTCCACCTGGGGAGTACGCCGGCAACGGTGAAACTCAAAGGAATTGACGGGGCCCGCACAAGCGGAGGAACATGTGGTTTAATTCGATGATACGCGAGGAACCTTACCCGGGCTCAAACGACAGGGGAATATATGGGAAACCATATAGCCAGCAATGGT","GGATTAGATACCCTGGGTAGTCCACACTGTAAACGATGATTACTAGGTGTTGGAGGATTGACCCCTTCAGTGCCGCAGTTAACACAATAAGTAATCCACCTGGGGAGTACGACCGCAAGGTTGAAACTCAAAGGAATTGACGGGGCCCGCACAAGCAGTGGAGTATGTGGTTTAATTCGACGCAACGCGAAGAACCTTACCAAGTCTTGACATCCTGCGACGGTGCTGGAAACAGTACTTTCCTTCGGGA","GGATTAGATACCCTTGGTAGTCCACGCTGTAAACGATGAATACTAGGTGTGGGAGGACTGACCCCTTCCGTGCCGCAGTTAACACAATAAGTATTCCACCTGGGGAGTACGACCGCAAGGTTGAAACTCAAAGGAATTGACGGGGCCCGCACAAGCAGTGGATTATGTGGTTTAATTCGACGCAACGCGAAGAACCTTACCAGGATTTGACATCCAACTAACGAAGTAGAGATACATCAGGTACCCTTCG","GGATTAGATACCCTGGGTAGTCCACGCCGTAAACGATGAGTGCTAGATGTAGGGAGCTATAAGTTCTCTGTATCGCAGCTAACGCAATAAGCACTCCGCCTGGGGAGTACGACCGCAAGGTTGAAACTCAAAGGAATTGACGGGGGCCCGCACAAGCGGTGGAGCATGTGGTTTAATTCGAAGCAACGCGAAGAACCTTACCAGGTCTTGACATACTCGTGCTATTCCTAGAGATAGGAAGTTCCTTCGG","GGATTAGATACCCTGGGTAGTCCACGCCGTAAACGATGACTACTAGGTGTCGGGTAGCAGAGCTATTCGGTGCCGCAGCCAACGCAATAAGTAGTCCACCTGGGGAGTACGTTCGCAAGAATGAAACTCAAAGGAATTGACGGGGACCCGCACAAGCGGTGGAGCATGTGGTTTAATTCGAAGCAACGCGAAGAACCTTACCTGCTCTTGACATCTCCCTGACCGGCAAGTAATGTTGCCTTTCCTTCGG","GGATTAGATACCCTTGGTAGTCCACGCCGTAAACGATGACTACTAGGTGTCGGGTGGCAAAGCCATTCGGTGCCGCAGCAAACGCAATAAGTAGTCCACCTGGGGAGTACGTTCGCAAGAATGAAACTCAAAGGAATTGACGGGGACCCGCACAAGCGGTGGAGCATGTGGTTTAATTCGAAGCAACGCGAAGAACCTTACCTGCTCTTGACATCCCGCTGACCGGACGATAATGCGTCCTTCCCTTCGG","AGGATTAGATACCCTGGGTAGTCCACACCGTAAACGATGGATACTAGGTGTAGGGTGTATTAAGCATTCTGTGCCGCCGCTAACGCATTAAGTATCCCACCTGGGGAGTACGACCGCAAGGTTGAAACTCAAAGGAATTGACGGGGCCCGCACAAGCAGTGGAGTATGTGGTTTAATTCGAAGCAACGCGAAGAACCTTACCAGGGCTTGACATATACCGGAATAATTAAGAGATTAATTAGTCCTTCGG","GATTAGATACCCTTGGTAGTCCACGCCGTAAACGATGAATACTAGGTGTCGGGTGGCAAAGCCATTCGGTGCCGCAGCAAACGCAATAAGTATTCCACCTGGGGAGTACGTTCGCAAGAATGAAACTCAAAGGAATTGACGGGACCCGCACAAGCGGTGGAGCATGTGGTTTAATTCGAAGCAACGCGAAGAACCTTACCAAGTCTTGACATCCCTCTGACCGTCCCGTAATGGGGGCTTCCCTTCGGGG","GATTAGATACCCTTGGTAGTCCACGCCGTAAACGATGGATACTAGGTGTGGGAGGTATTGACCCCTTCCGTGCCGGAGTTAACACAATAAGTATCCCACCTGGGGAGTACGGCCGCAAGGTTGAAACTCAAAGGAATTGACGGGGCCCGCACAAGCAGTGGAGTATGTGGTTTAATTCGAAGCAACGCGAAGAACCTTACCAAGTCTTGACATCCCGATGACCGGTGCAGAGATGTGCCTTTTCTTCGGA","GATTAGATACCCTTGGTAGTCCACGCCGTAAACGATGAATACTAGGTGTCGGGGCACATAAGTGCTTCGGTGCCGCAGCAAACGCAATAAGTATTCCACCTGGGGAGTACGTTCGCAAGAATGAAACTCAAAGGAATTGACGGGGACCCGCACAAGCGGTGGAGCATGTGGTTTAATTCGAAGCAACGCGAAGAACCTTACCAAGTCTTGACATCCCACTGACCGGACAGTAATGTGTCCTTCCCTTCGG","GATTAGATACCCTTGGTAGTCCACGCCGTAAACGATGAATACTAGGTGTCGGGGGACAATAGTTCCTCGGTGCCGAAGCAAACGCATTAAGTATTCCACCTGGGGAGTACGTTCGCAAGAATGAAACTCAAAGGAATTGACGGGACCCGCACAAGCGGTGGAGCATGTGGTTTAATTCGAAGCAACGCGAAGAACCTTACCTGCTCTTGACATCCCACTGACAGGTCAGTAATGTGACCCTTTCTTCGGA","AGGATTAGATACCCTTGGTAGTCCGCACGGTAAACGATGGATGCCCGCTATTCGGCCTTTATGGTTGAGTGGCCAAGCGAAAGCGTTAAGCATCCCACCTGGGGAGTACGCCGGCAACGGTGAAACTCAAAGGAATTGACGGGGCCCGCACAAGCGGAGGAACATGTGGTTTAATTCGATGATACGCGAGGAACCTTACCCGGGCTTGAATTGCAGCCGAACGATCCAGAGATGGTGAGGCCCTTCGGGG","AGGATTAGATACCCTTGGTAGTCCACGCCGTAAACGATGATTACTAGGTGTTGGTGAGTATGGACTCATCGGTGCCGCAGCAAACGCAATAAGTAATCCACCTGGGGAGTACGTTCGCAAGAATGAAACTCAAAGGAATTGACGGGGACCCGCACAAGCGGTGGAGCATGTGGTTTAATTCGAAGCAACGCGAAGAACCTTACCAAGTCTTGACATCCCATTGACGCACACGTAACGGTGTGTTCTCTTC","AGGATTAGATACCCTTGGTAGTCCACGCTGTAAACGATGAATACTAGGTGTTGGGGAGCAATAGCTCTTCGGTGCCGCAGCTAACGCAATAAGTATTCCACCTGGGGAGTACGTTCGCAAGAATGAAACTCAAAGGAATTGACGGGGACCCGCACAAGCGGTGGAGCATGTGGTTTAATTCGAAGCAACGCGAAGAACCTTACCTGATCTTGACATCCCACTGACCACAGAGTAATGTCTGTTTTCCTTC","AGGATTAGATACCCTTGGTAGTCCACGCCGTAAACGATGAATACTAGGTGTCGGGGTCCGACAGGACTTCGGTGCCGCAGCAAACGCATTAAGTATTCCACCTGGGGAGTACGTTCGCAAGAATGAAACTCAAAGGAATTGACGGGACCCGCACAAGCGGTGGAGCATGTGGTTTAATTCGAAGCAACGCGAAGAACCTTACCAAGCCTTGACATCCTTCTGACCGTTCCTTAACCGGAACTTCTCTTCG","AGGATTAGATACCCTGGGTAGTCCACGCCGTAAACGATGAATACTAGGTGTCGGGGCCGTAGAGGCTTCGGTGCCGCAGCCAACGCAGTAAGTATTCCACCTGGGGAGTACGTTCGCAAGAATGAAACTCAAAGGAATTGACGGGACCCGCACAAGCGGTGGAGCATGTGGTTTAATTCGAAGCAACGCGAAGAACCTTACCTGGTCTTGACATCCTTCTGACCGACTCTTAACCGAGTCTTTCCTTCGG","AGGATTAGATACCCTGGGTAGTCCATGCCGTAAACGATGATTACTAGGTGTTGGAGGATTGACCCCTTCAGTGCCGCAGTTAACACAATAAGTAATCCACCTGGGGAGTACGACCGCAAGGTTGAAACTCAAAGGAATTGACGGGGCCCGCACAAGCAGTGGAGTATGTGGTTTAATTCGAAGCAACGCGAAGAACCTTACCAGGTCTTGACATCCGATGCATAGCACAGAGATGTGTGAAGTCCTTCGG","AGGATTAGATACCCTTGGTAGTCCACGCCGTAAACGATGAGTGCTAAGTGTTGGGGTCGAACCTCAGTGCTGAAGTTAACGCATTAAGCACTCCGCCTGGGGAGTACGGTCGCAAGACTGAAACTCAAAGGAATTGACGGGACCCGCACAAGCGGTGGAGCATGTGGTTTAATTCGAAGCAACGCGAAGAACCTTACCAGGTCTTGACATACCATTGACCGTTCTAGAGATAGGATTTTCCCTTCGGGGA","AGGATTAGATACCCTTGGTAGTCCACGCCGTAAACGATGACTACTAGGTGTCGGGTGGCAAAGCCATTCGGTGCCGCAGCCAACGCAATAAGTAGTCCACCTGGGGAGTACGTTCGCAAGAATGAAACTCAAAGGAATTGACGGGGACCCGCACAAGCGGTGGAGCATGTGGTTTAATTCGAAGCAACGCGAAGAACCTTACCTGCTCTTGACATCCCGATGACCGCAGAGTAATGTCTGCTTTTCTTCG","AGGATTAGATACCCTGGGTAGTCCACGCCGTAAACGATGATTACTAGGTGTGGGGGACTGACCCCTTCCGTGCCGCAGTTAACACAATAAGTAATCCACCTGGGGAGTACGGCCGCAAGGTTGAAACTCAAAGGAATTGACGGGGCCCGCACAAGCAGTGGAGTATGTGGTTTAATTCGAAGCAACGCGAAGAACCTTACCAGGTCTTGACATCGAGTGACGTACCTAGAGATAGGTACTTTCTTCGGAA","GATTAGATACCCTGGGTAGTCCACGCCGTAAACGATGACTACTAGGTGTCGGGGAGCAAAGCTCTTCGGTGCCGCAGCAAACGCAATAAGTAGTCCACCTGGGGAGTACGTTCGCAAGAATGAAACTCAAAGGAATTGACGGGGACCCGCACAAGCGGTGGAGCATGTGGTTTAATTCGAAGCAACGCGAAGAACCTTACCTGCTCTTGACATCCCGGTGACCGGCGTGTAATGGCGCCTTTTCTTCGGA","GGATTAGATACCCTGGGTAGTCCACGCCGTAAACGATGAATACTAGGTGTCGGGGACAATAGTTCCTCGGTGCCGAAGCAAACGCATTAAGTATTCCACCTGGGGAGTACGTTCGCAAGAATGAAACTCAAAGGAATTGACGGGACCCGCACAAGCGGTGGAGCATGTGGTTTAATTCGAAGCAACGCGAAGAACCTTACCTGCTCTTGACATCCCACTGACAGGTCAGTAATGTGACCCTTTCTTCGGA","GGATTAGATACCCTGGGTAGTCCACGCCGTAAACGATGAATACTAGGTGTTGGGGAGCAAAGCTCTTCGGTGCCGCCGCAAACGCATTAAGTATTCCACCTGGGGAGTACGTTCGCAAGAATGAAACTCAAAGGAATTGACGGGACCCGCACAAGCGGTGGAGCATGTGGTTTAATTCGAAGCAACGCGAAGAACCTTACCAAGTCTTGACATCCCTCTGACCGTTCCTTAACCGGAACTTTCCTTCGGG","GATTAGATACCCTGGGTAGTCCACGCCGTAAACGATGAATGCTAGGTGTAGGAGGTATCGACCCCTCCTGTGCCGGAGTTAACGCAATAAGCATTCCGCCTGGGGAGTACGGCCGCAAGGCTGAAACTCAAAGGAATTGACGGGGGCCCGCACAAGCGGTGGAGTATGTGGTTTAATTCGACGCAACGCGAAGAACCTTACCAGGGCTTGACATTGAGTGAAAGGGCTAGAGATAGTCCCCTCTCTTCGG","GATTAGATACCCTTGGTAGTCCGCGCGGTAAACGATGGATGCCCGCTGTGGCGCGCCTGGCGTGCCGCGGCTAAGCGAAAGCATTAAGCATCCCACCTGGGGAGTACGCCGGCAACGGTGAAACTCAAAGGAATTGACGGGGGCCCGCACAAGCGGAGGAACATGTGGTTTAATTCGATGATACGCGAGGAACCTTACCCGGGCTTGAACTGCAGGAGAACGATTCAGAGATGATGAGGTCCTTCGGGAC","GGATTAGATACCCTTGGTAGTCCACGCCGTAAACGATGAATACTAGGTGTCGGGGCTCATAAGAGCTTCGGTGCCGCAGCAAACGCAATAAGTATTCCACCTGGGGAGTACGTTCGCAAGAATGAAACTCAAAGGAATTGACGGGGACCCGCACAAGCGGTGGAGCATGTGGTTTAATTCGAAGCAACGCGAAGAACCTTACCAAGTCTTGACATCCTTCTGACCGGACAGTAATGTGTCCTTTCCTTCG","GGATTAGATACCCTGGGTAGTCCACGCCGTAAACGATGAATACTAGGTGTCGGAAAGCACAGCTTTTCGGTGCCGCCGCAAACGCATTAAGTATTCCACCTGGGGAGTACGTTCGCAAGAATGAAACTCAAAGGAATTGACGGGACCCGCACAAGCGGTGGAGCATGTGGTTTAATTCGAAGCAACGCGAAGAACCTTACCAAGTCTTGACATCCTTCTGACCGGACAGTAATGTGTCCTTTCCTTCGGG","GGATTAGATACCCTGGGTAGTCCACGCCGTAAACGATGAATACTAGGTGTCGGGGGACAAAGTCCTTCGGTGCCGCCGCAAACGCAATAAGTATTCCACCTGGGGAGTACGTTCGCAAGAATGAAACTCAAAGGAATTGACGGGACCCGCACAAGCGGTGGAGCATGTGGTTTAATTCGAAGCAACGCGAAGAACCTTACCAAATCTTGACATCCCTCTGAAACACTTTTAATCGAGTGCCTCCTTCGGG","AGGATTAGATACCCTGGGTAGTCCACGCAGTAAACGATGATTACTAGGAGTTTGCGATACAATGTAAGCTCTACAGCGAAAGCGTTAAGTAATCCACCTGGGGAGTACGCCGGCAACGGTGAAACTCAAAGGAATTGACGGGGCCCGCACAAGCGGAGGAACATGTGGTTTAATTCGATGATACGCGAGGAACCTTACCCGGGTTTGAACGGTAGTGGACCGGAGTGGAAACATTCCTTCTAGCAATAGC","GGATTAGATACCCTTGGTAGTCCACGCCGTAAACGATGAATACTAACTGTTTGCGATATAATGTAAGCGGTACAGCGAAAGCGTTAAGTATTCCACCTGGGGAGTACGCCGGCAACGGTGAAACTCAAAGGAATTGACGGGGCCCGCACAAGCGGAGGAACATGTGGTTTAATTCGATGATACGCGAGGAACCTTACCCGGGCTCAAACGACAGGGGAATAATCCCGAAAAGGATTAGCCAGCAATGGTC","GGATTAGATACCCTGGGTAGTCCACGCCGTAAACGATGAATACTAGGTGTCGGGAAGCATGGCTTTTCGGTGCCGCCGCAAACGCATTAAGTATTCCACCTGGGGAGTACGTTCGCAAGAATGAAACTCAAAGGAATTGACGGGACCCGCACAAGCGGTGGAGCATGTGGTTTAATTCGAAGCAACGCGAAGAACCTTACCAAGTCTTGACATCCCGGTGACCGGACAGTAATGTGTCCTTTTCTTCGGA","GGATTAGATACCCTGGGTAGTCCACGCGGTAAACGATGAATGCTAGGTGTCGGGGAGCAAAGCTCTTCGGTGCCGCCGCAAACGCATTAAGCATTCCACCTGGGGAGTACGTTCGCAAGAATGAAACTCAAAGGAATTGACGGGGACCCGCACAAGCGGTGGAGCATGTGGTTTAATTCGAAGCAACGCGAAGAACCTTACCAAGTCTTGACATCCTTCTGACCGGAACTTAACCGTTCCTTCCCTTCGG","GGATTAGATACCCTTGGTAGTCCACGCAGTAAACGATGATTACTAGGAGTTTGCGATACACAGTAAGCTCTACAGCGAAAGCGTTAAGTAATCCACCTGGGGAGTACGCCGGCAACGGTGAAACTCAAAGGAATTGACGGGGCCCGCACAAGCGGAGGAACATGTGGTTTAATTCGATGATACGCGAGGAACCTTACCCGGGTTTGAACGTAGTCAGACCGGCCTTGAAAGAGGTCTTCTAGCAATAGCT","GGATTAGATACCCTTGGTAGTCCACGCCGTAAACGATGACTGCTAGGTGTCGGGAGGCAAAGCCTTTCGGTGCCGCAGCAAACGCAATAAGCAGTCCACCTGGGGAGTACGTTCGCAAGAATGAAACTCAAAGGAATTGACGGGGACCCGCACAAGCGGTGGAGCATGTGGTTTAATTCGAAGCAACGCGAAGAACCTTACCTGCCCTTGACATCCGGCTGACTGGCGAGTAATGTCGCCTTTCCTTCGG","AGGATTAGATACCCTTGGTAGTCCACACCGTAAACGATGAGTGCTAGGTGTTTGAGGGTTTCCGCCCTTAAGTGCCGCAGCTAACGCATTAAGCACTCCGCCTGGGGAGTACGACCGCAAGGTTGAAACTCAAAGGAATTGACGGGACCCGCACAAGCGGTGGAGCATGTGGTTTAATTCGAAGCAACGCGAAGAACCTTACCAGGTCTTGACATCCCTTGACAACTCCAGAGATGGAGCGTTCCCTTCG","AGGATTAGATACCCTGGGTAGTCCACGCCGTAAACGATGAATACTAGGTGTCGGGGCACATAAGTGCTCCGGTGCCGCAGCAAACGCAATAAGTATTCCACCTGGGGAGTACGTTCGCAAGAATGAAACTCAAAGGAATTGACGGGACCCGCACAAGCGGTGGAGCATGTGGTTTAATTCGAAGCAACGCGAAGAACCTTACCAAGTCTTGACATCCCGGTGACCGGACAGTAACGTGTCCTTTTCTTCG","GATTAGATACCCTTGGTAGTCCTAGCCGTAAACGATGGATACTAGGTGTGGGGGGCTCCGCCCTCCGTGCCGCAGCCAACGCATTAAGTATCCCGCCTGGGGAGTACGGCCGCAAGGCTAAAACTCAAAGGAATTGACGGGGCCCGCACAAGCAGCGGAGCATGTGGCTTAATTCGAAGCAACGCGAAGAACCTTACCAGGGCTTGACATGGACGTGAAGCCGGGGAAACCCGGTGGCCGAGAGGAGCGT","GATTAGATACCCTGGGTAGTCCTAGCCGTAAACGATGGATACTAGGTGTGGGAGGTATCGACCCCTTCCGTGCCGGAGTTAACGCAATAAGTATCCCGCCTGGGGAGTACGACCGCAAGGTTGAAACTCAAAGGAATTGACGGGGCCCGCACAAGCGGTGGAGTATGTGGTTTAATTCGACGCAACGCGAAGAACCTTACCAAGACTTGACATTGATTGAAAGACTTAGAGATAAGTCCCTTCTCTTCGG","GATTAGATACCCTTGGTAGTCCACGCCGTAAACGATGACTACTAGGTGTCGGGGAGCAAAGCTCTTCGGTGCCGCAGCAAACGCAATAAGTAGTCCACCTGGGGAGTACGTTCGCAAGAATGAAACTCAAAGGAATTGACGGGGACCCGCACAAGCGGTGGAGCATGTGGTTTAATTCGAAGCAACGCGAAGAACCTTACCTGGTCTTGACATCCCTCTGACGGCTCTTTAATCGGAGTTTTCCTTCGGG","GATTAGATACCCTTGGTAGTCCACGCCGTAAACGATGAATACTAGGTGTCGGGTGGCAAAGCCATTCGGTGCCGTCGCAAACGCAGTAAGTATTCCACCTGGGGAGTACGTTCGCAAGAATGAAACTCAAAGGAATTGACGGGACCCGCACAAGCGGTGGAGCATGTGGTTTAATTCGAAGCAACGCGAAGAACCTTACCAAATCTTGACATCCCTCTGACCGGTCTTTAATCGGACCTTCTCTTCGGAG","GATTAGATACCCTGGGTAGTCCACGCCGTAAACGATGAATACTAGGTGTCGGGGAGCATGGCTCTTCGGTGCCGTCGCAAACGCAGTAAGTATTCCACCTGGGGAGTACGTTCGCAAGAATGAAACTCAAAGGAATTGACGGGGACCCGCACAAGCGGTGGAGCATGTGGTTTAATTCGAAGCAACGCGAAGAACCTTACCAAATCTTGACATCCCTCTGACCGGTCTTTAATCGGACCTTCTCTTCGGA","AGGATTAGATACCCTTGGTAGTCCACGCCGTAAACGATGGATGCTAGGTGTGGGAGGTATCGACCCCTTCCGTGCCGCAGTTAACGCAATAAGCATCCCGCCTGGGGAGTACGGCCGCAAGGTTGAAACTCAAAGGAATTGACGGGGCCCGCACAAGCAGCGGAGCATGTGGTTTAATTCGACGCAACGCGAAGAACCTTACCAGGACTTGACATCTGATTAAACTTGTGGAAACACAAGGTCCCTTCGG","AGGATTAGATACCCTTGGTAGTCCACGCCGTAAACGATGAATACTAGGTGTTGGGTTCCAAAGGAACTCGGTGCCGTCGCAAACGCATTAAGTATTCCACCTGGGGAGTACGTTCGCAAGAATGAAACTCAAAGGAATTGACGGGACCCGCACAAGCGGTGGAGCATGTGGTTTAATTCGAAGCAACGCGAAAAACCTTACCAAGTCTTGACATCCTGATGACGGTTCCTTAACCGGAACTTCTCTTCGG","GATTAGATACCCTGGGTAGTCCACGCCGTAAACGATGACTACTAGGTGTCGGGGAGCAAAGCTCTTCGGTGCCGCAGCAAACGCAATGAGTAGTCCACCTGGGGAGTACGTTCGCAAGAATGAAACTCAAAGGAATTGACGGGGACCCGCACAAGCGGTGGAGCATGTGGTTTAATTCGAAGCAACGCGAAGAACCTTACCTGCTCTTGACATCCCGGTGACCGGCGTGTAATGACGCCTTTTCTTCGGA","AGGATTAGATACCCTGGGTAGTCCACGCAGTAAACGATGATGGCTAACTGTCGGGCCTACGGGTTCGGCGGCCAAGCGAAAGCGATAAGCCATCCACCTGGGGAGTACGACCGCAAGGTTGAAACTCAAAGGAATTGACGGGGCCCGCACAAGCGGAGGAACATGTGGTTTAATTCGATGATACGCGAGGAACCTTACCCAGGCTCGAACGGCATCTGAATTGTCCAGAGATGGACAAGTCTTCGGACAG","AGGATTAGATACCCTTGGTAGTCCGCGCAGTAAACGATGCACACTGGGTGTCCGGGCATGAGCCCGGGTGCCGAAGCGAACGCGTTAAGTGTGCCGCCTGGGGAGTATGCCCGCAAGGGTGAAACTCAAAGGAATTGACGGGGCCCGCACAAGCGGTGGAGCATGTGGTTTAATTCGATGGTACGCGAGGAACCTTACCTGGGCTTGACATACACAGGGACCGCCTGGAGACAGGCGGGCGCAGCAATGC","AGGATTAGATACCCTGGGTAGTCCACGCCCTAAACGATGTCTGCCGGTTGTTGGGGATTTATATCTTCAGTAACGAAGCTAACGCGTGAAGCAGACCGCCTGGGGAGTACGGTCGCAAGATTAAAACTCAAAGGAATTGACGGGACCCGCACAAGCGGTGGATGATGTGGATTAATTCGATGCAACGCGAAAACCTTACCTAGCCTTGACATGTCAGGAATGCTTCGTAAATGAAGCAGTGCCCGCAAGG","AGGATTAGATACCCTGGGTAGTCCACGCTGTAAACGATGAATACTAGGTGTTGGGGAGCAATAGCTCTTCGGTGCCGCAGCTAACGCAATAAGTATTCCACCTGGGGAGTACGTTCGCAAGAATGAAACTCAAAGGAATTGACGGGGACCCGCACAAGCGGTGGAGCATGTGGTTTAATTCGAAGCAACGCGAAGAACCTTACCTGATCTTGACATCCCACTGACCACAGAGTAATGTCTGTTTTCCTTC","AGGATTAGATACCCTTGGTAGTCCACGCCGTAAACGATGAATACTAGGTGTTGGCAGGTAGGACCTGTCGGTGCCGCAGCAAACGCAATAAGTATTCCACCTGGGGAGTACGTTCGCAAGAATGAAACTCAAAGGAATTGACGGGGACCCGCACAAGCGGTGGAGCATGTGGTTTAATTCGAAGCAACGCGAAGAACCTTACCAAGTCTTGACATCCCGGTGACAGAACATGTAATGTGTTTTCCCTTCG","GATTAGATACCCTTGGTAGTCCACGCTGTAAACGATGATTACTAGGTGTGGGGGGACTGACTCCTTCCGTGCCGCAGTTAACACAATAAGTAATCCACCTGGGGAGTACGACCGCAAGGTTGAAACTCAAAGGAATTGACGGGGCCCGCACAAGCAGTGGAGTATGTGGTTTAATTCGAAGCAACGCGAAGAACCTTACCAGGTCTTGACATCGAGTGGCATATGCAGAGATGTATATTTCCCTTCGGGG","GATTAGATACCCTTGGTAGTCCACGCCGTAAACGATGCTCACTGGATCTTGGCGATACACCGCCAGGGTTCAAGCGAAAGTATTAAGTGAGCCACCTGGGGAGTACGTCGGCAACGATGAAACTCAAAGGAATTGACGGGGCCCGCACAAGCGGAGGAACATGTGGTTTAATTCGATGATACGCGAGGAACCTTACCCGGGTTTAAATGTATTTTGCATGAGGTGGAAACACTTCTTCCCTTCGGGGCTA","GATTAGATACCCTTGGTAGTCCACGCCGTAAACGATGATCACTAGGTGTGGGGAGTTGAACCTTTCCGTGCCGGAGTTAACACAATAAGTGATCCACCTGGGGAGTACGACCGCAAGGTTGAAACTCAAAGGAATTGACGGGGCCCGCACAAGCAGTGGAGTATGTGGTTTAATTCGAAGCAACGCGAAGAACCTTACCAGGTCTTGACATCGAGTGACGATCCCAGAGATGGGATTTCCCTTCGGGGCA","GATTAGATACCCTTGGTAGTCCACGCAGTAAACGATGACTACTAGCTTTCCGGGATGATTGAATCCTGGGAGGCACAGCGAAAGCGTTAAGTAGTCCACCTGGGGAGTACGCCGGCAACGGTGAAACTCAAAGGAATTGACGGGGGCCCGCACAAGCGGAGGAACATGTGGTTTAATTCGATGATACGCGAGGAACCTTACCCGGGCTCAAACGACAGCGGACAGCACCCGAAAGGGTGTCTCCGGCAAC","GATTAGATACCCTGGGTAGTCCACGCCGTAAACGATGAATACTAGGTGTCGGGGAGCAAAGCTCTTCGGTGCCGTCGCAAACGCAGTAAGTATTCCACCTGGGGAGTACGTTCGCAAGAATGAAACTCAAAGGAATTGACGGGGACCCGCACAAGCGGTGGAGCATGTGGTTTAATTCGAAGCAACGCGAAGAACCTTACCAAGTCTTGACATCCGCCTGACCGATCCTTAACCGGATCTTTCCTTCGGG","AGGATTAGATACCCTTGGTAGTCCACGCCGTAAACGATGAATACTAGGTGTCGGGGAGCACAGCTCTTCGGTGCCGCCGCAAACGCAATAAGTATTCCACCTGGGGAGTACGTTCGCAAGAATGAAACTCAAAGGAATTGACGGGGACCCGCACAAGCGGTGGAGCATGTGGTTTAATTCGAAGCAACGCGAAGAACCTTACCAAGTCTTGACATCCCGATGACCGGTTTGTAATGGAACCTTTTCTTCG","AGGATTAGATACCCTTGGTAGTCCACGCCGTAAACGATGAATACTAGGTGTCTGGGAGCACAGCTCTTAGGTGCCGCCGCAAACGCATTAAGTATTCCACCTGGGGAGTACGTTCGCAAGAATGAAACTCAAAGGAATTGACGGGGACCCGCACAAGCGGTGGAGCATGTGGTTTAATTCGAAGCAACGCGAAGAACCTTACCAAATCTTGACATCCCTCTGACCGGGACTTAACCGTCCCTTTCCTTCG","GGATTAGATACCCTGGGTAGTCCACGCCGTAAACGATGAGTGCTAGGTGTCGGAGGGGAACCTTCGGTGCCGCAGCAAACGCAATAAGCACTCCACCTGGGGAGTACGATCGCAAGATTGAAACTCAAAGGAATTGACGGGGGCCCGCACAAGCGGTGGAGCATGTGGTTTAATTCGAAGCAACGCGAAGAACCTTACCAAGGCTTGACATCCCGACGACCGGTATAGAGATATACCTTTTCTTCGGAAC","GATTAGATACCCTTGGTAGTCCACGCCGTAAACGATGAGTGCTAAGTGTTGGAGGGTTTCCGCCCTTCAGTGCTGCAGCTAACGCATTAAGCACTCCGCCTGGGGAGTACGGTCGCAAGACTGAAACTCAAAGGAATTGACGGGGGCCCGCACAAGCGGTGGAGCATGTGGTTTAATTCGAAGCAACGCGAAGAACCTTACCAGGTCTTGACATCTTCTGACAATTCCAGAGATGGAACGTTCCCTTCGG","GGATTAGATACCCTGGGTAGTCCACGCCGTAAACGATGATTACTAGGTGTGGGGAGTTGAACCTTTCCGTGCCGGAGTTAACACAATAAGTAATCCACCTGGGGAGTACGACCGCAAGGTTGAAACTCAAAGGAATTGACGGGGCCCGCACAAGCAGTGGAGTATGTGGTTTAATTCGAAGCAACGCGAAGAACCTTACCAGGTCTTGACATCGAGTGACGTTCCTAGAGATAGGAATTCCCTTCGGGGC","GGATTAGATACCCTTGGTAGTCCTAGCCGTAAACGATGGGCACTAGGTGTGGGGGAGCATCTCCTCCGTGCCGCAGCCAACGCATTAAGTGCCCCGCCTGGGGAGTACGGCCGCAAGGCTAAAACTCAAAGGAATTGACGGGGCCCGCACAAGCAGCGGAGCATGTGGCTTAATTCGAAGCAACGCGAAGAACCTTACCAGGGCTTGACATGCAGGTGAAGCGGCGGAAACGCCGTGGCCGAGAGGAGCC","GGATTAGATACCCTTGGTAGTCCACGCTGTAAACGATGGATACTAGGTGTGCGGGGACTGACCCCCTGCGTGCCGCAGTTAACACAATAAGTATCCCACCTGGGGAGTACGATCGCAAGGTTGAAACTCAAAGGAATTGACGGGGGCCCGCACAAGCGGTGGATTATGTGGTTTAATTCGAAGCAACGCGAAGAACCTTACCAGGGCTTGACATCCTACTAACGAAGTAGAGATACATTAGGTGCCCTTC","GGATTAGATACCCTTGGTAGTCCACGCCGTAAACGATGACTACTAGGTGTCGGGGAGCAAAGCTCTTCGGTGCCGCAGCAAACGCAATAAGTAGTCCACCTGGGGAGTACGTTCGCAAGAATGAAACTCAAAGGAATTGACGGGGACCCGCACAAGCGGTGGAGCATGTGGTTTAATTCGAAGCAACGCGAAGAACCTTACCTGGTCTTGACATCCCGGTGACCGGCAAGTAATGTTGCCTTTCCTTCGG","GGATTAGATACCCTGGGTAGTCCACGCCGTAAACGATGACTACTAGGTGTCGGGGAGCAAAGCTCTTCGGTGCCGCAGCAAACGCAATAAGTAGTCCACCTGGGGAGTACGTTCGCAAGAATGAAACTCAAAGGAATTGACGGGACCCGCACAAGCGGTGGAGCATGTGGTTTAATTCGAAGCAACGCGAAGAACCTTACCTGCTCTTGACATCCCGGTGACCGGCATGTAATGATGCCTTTTCTTCGGA","AGGATTAGATACCCTTGGTAGTCCACGCCGTAAACGATGAATACTAGGTGTCGGGTGGCAAAGCCATTCGGTGCCGCAGCAAACGCAATAAGTATTCCACCTGGGGAGTACGTTCGCAAGAATGAAACTCAAAGGAATTGACGGGGACCCGCACAAGCGGTGGAGCATGTGGTTTAATTCGAAGCAACGCGAAGAACCTTACCTGGTCTTGACATCCCTCTGACCGCTCTTTAATCGGAGCTTTCCTTCG","GGATTAGATACCCTGGGTAGTCCACACCGTAAACGATGATTACTAGGTGTGGGGGCGTCAAGCTTCCGTGCCGGAGTTAACACAATAAGTAATCCACCTGGGGAGTACGGCCGCAAGGTTGAAACTCAAAGGAATTGACGGGGCCCGCACAAGCAGTGGAGTATGTGGTTTAATTCGAAGCAACGCGAAGAACCTTACCAGGTCTTGACATCGTGCGCATAGTCTAGAGATAGATGAAGTCTTTCGGGAC","GGATTAGATACCCTGGGTAGTCCCAGCCGTAAACGATGGGCGCTAGGTGTGGGGGACAGTCCCCCGTGCCGCAGCCAACGCATTAAGCGCCCCGCCTGGGGAGTACGGCCGCAAGGCTAAAACTCAAAGGAATTGACGGGGCCCGCACAAGCAGCGGAGCATGTGGCTTAATTCGAAGCAACGCGAAGAACCTTACCAGGGCTTGACATGCGAGTGAAGCCGCGGAGACGCGGTGGCCGAGAGGAGCTCG","GGATTAGATACCCTTGGTAGTCCACGCCGTAAACGATGAATGCTAGGTGTCGGGGAGCAAAGCTCTTCGGTGCCGCCGCAAACGCAATAAGCATTCCACCTGGGGAGTACGTTCGCAAGAATGAAACTCAAAGGAATTGACGGGGACCCGCACAAGCGGTGGAGCATGTGGTTTAATTCGAAGCAACGCGAAGAACCTTACCAAGTCTTGACATCCCCCTGACCGGCAAGTAATGTTGCCTTTCCTTCGG","GGATTAGATACCCTTGGTAGTCCACGCCGTAAACGATGAATACTAGGTGTCGGGGGGCAAAGCCCTTCGGTGCCGCCGCAAACGCAATAAGTATTCCACCTGGGGAGTACGTTCGCAAGAATGAAACTCAAAGGAATTGACGGGACCCGCACAAGCGGTGGAGCATGTGGTTTAATTCGAAGCAACGCGAAGAACCTTACCAAGTCTTGACATCCCACTGAAAATCACTTAACCGTGATCCCTCTTCGGA","AGGATTAGATACCCTTGGTAGTCCACGCGGTAAACGATGAATACTAGATGTCGGGTAGCATAGCTATTCGGTGTCGTCGCAAACGCAATAAGTATTCCACCTGGGGAGTACGTTCGCAAGAATGAAACTCAAAGGAATTGACGGGACCCGCACAAGCGGTGGAGCATGTGGTTTAATTCGAAGCAACGCGAAGAACCTTACCTGCTCTTGACATCCCATTCGATAGAGGGTAATGCTTCTAGCCCTTCGG","AGGATTAGATACCCTTGGTAGTCCGCGCGGTAAACGATGGATGCCCGCTGTTTGCCATTCTGGTAAGCGGCCAAGCGAAAGCGTTAAGCATCCCACCTGGGGAGTACGCCGGCAACGGTGAAACTCAAAGGAATTGACGGGGCCCGCACAAGCGGAGGAACATGTGGTTTAATTCGATGATACGCGAGGAACCTTACCCGGGCTTGAATTGCAGGAGAACGATCCAGAGATGGTGAGGCCCTTCGGGGCT","AGGATTAGATACCCTTGGTAGTCCGCACAGTAAACGATGAATACTCGCGATTTGCGATACACAGTAAGTCGCCAAGCGAAAGCGTTAAGTATTCCACCTGGGGAGTACGCCGGCAACGGTGAAACTCAAAGGAATTGACGGGGCCCGCACAAGCGGAGGAACATGTGGTTTAATTCGATGATACGCGAGGAACCTTACCCGGGCTTGAACTGCCAGTGACGGTAGCAGAGACGCTACTTTCTTCGGACAC","AGGATTAGATACCCTTGGTAGTCCACGCCGTAAACGATGAATACTAGGTGTCAGGGAGCACAGCTCTTTGGTGCCGCCGCAAACGCATTAAGTATTCCACCTGGGGAGTACGTTCGCAAGAATGAAACTCAAAGGAATTGACGGGACCCGCACAAGCGGTGGAGCATGTGGTTTAATTCGAAGCAACGCGAAGAACCTTACCAAATCTTGACATCCCTCTGACCGGGACTTAACCGTCCCTTTCCTTCGG","AGGATTAGATACCCTTGGTAGTCCACGCCGTAAACGATGATTACTAGGTGTTGGTGGGTATGACCCATCGGTGCCGCAGCAAACGCAATAAGTAATCCACCTGGGGAGTACGTTCGCAAGAATGAAACTCAAAGGAATTGACGGGACCCGCACAAGCGGTGGAGCATGTGGTTTAATTCGAAGCAACGCGAAGAACCTTACCTGGTCTTGACATCCCTATGAATAACGGGCAATGCCGTTAGTACTTCGG","AGGATTAGATACCCTTGGTAGTCCACGCCCTAAACGATGTCTACTAGTTGTTGGGGACGATAGTCCTTGGTAACGCAGCTAACGCGTGAAGTAGACCGCCTGGGGAGTACGGTCGCAAGATTAAAACTCAAAGGAATTGACGGGACCCGCACAAGCGGTGGATGATGTGGATTAATTCGATGCAACGCGAAAACCTTACCTAGCCTTGACATGCCAGGAAGGCCTGAGAGATCAGGCCGTGCCCGCAAGG","GATTAGATACCCTTGGTAGTCCACGCCGTAAACGATGCTCACTGGATCTTGGCGATACACTGCCAGGGTTCAAGCGAAAGTATTAAGTGAGCCACCTGGGGAGTACGTCGGCAACGATGAAACTCAAAGGAATTGACGGGGGCCCGCACAAGCGGAGGAACATGTGGTTTAATTCGATGATACGCGAGGAACCTTACCCGGGTTTAAATGTGGAGTGCATGAGCTGGAAACAGTTCTTTCCCTCGGGACT","AGGATTAGATACCCTTGGTAGTCCACACCGTAAACGATGATTACTAGGTGTTGGGAGATTGACCCTCTCAGTGCCGCAGTTAACACAATAAGTAATCCACCTGGGGAGTACGACCGCAAGGTTGAAACTCAAAGGAATTGACGGGGCCCGCACAAGCAGTGGAGTATGTGGTTTAATTCGACGCAACGCGAAGAACCTTACCAAGTCTTGACATCCTCTGACGAACGTAGAAATACGTTTTCTCTTCGGA","AGGATTAGATACCCTGGGTAGTCCACGCCGTAAACGATGATTACTAGGTGTTGGTGGGTAAGACCCATCGGTGCCGCAGCAAACGCAATAAGTAATCCACCTGGGGAGTACGTTCGCAAGAATGAAACTCAAAGGAATTGACGGGACCCGCACAAGCGGTGGAGCATGTGGTTTAATTCGAAGCAACGCGAAGAACCTTACCTGGTCTTGACATCCTGATGAATAACTGGTAATGCAGTTAGTACTTCGG","AGGATTAGATACCCTTGGTAGTCCGCACGGTAAACGATGGATGCTCGCTGTGTGCCTTTGGGTACGCGGCCAAGCGAAAGCGTTAAGCATCCCACCTGGGGAGTACGCCGGCAACGGTGAAACTCAAAGGAATTGACGGGGCCCGCACAAGCGGAGGAACATGTGGTTTAATTCGATGATACGCGAGGAACCTTACCCGGGCTTGAATTGCAGGAGAACGATACAGAGATGTTGAGGTCCTTCGGGACTC","AGGATTAGATACCCTTGGTAGTCCACGCCGTAAACGATGATTGCTAGGTGTAGGTGGGTATGGACCCATCGGTGCCGCAGCTAACGCAATAAGCAATCCACCTGGGGAGTACGTTCGCAAGAATGAAACTCAAAGGAATTGACGGGGACCCGCACAAGCGGTGGAGCATGTGGTTTAATTCGAAGCAACGCGAAGAACCTTACCAGGTCTTGACATCCCGATGAAAAACCCGTAACGGGGTTCCCTCTTC","AGGATTAGATACCCTGGGTAGTCCGCACGGTAAACGATGGATGCTCGCTGTGTGCATACGTGTACGCGGCCAAGGGAAACCATTAAGCATCCCACCTGGGGAGTACGCCGGCAACGGTGAAACTCAAAGGAATTGACGGGGCCCGCACAAGCGGAGGAACATGTGGTTTAATTCGATGATACGCGAGGAACCTTACCCGGGCTTGAATTGCAGAAGACGGATCCAGAGATGGTGACTCCCTTCGGGGCTT","AGGATTAGATACCCTTGGTAGTCCACGCCGTAAACGATGGATACTAGGTGTGGGAGGTATTGACCCCTTCCGTGCCGCAGTTAACACAATAAGTATCCCACCTGGGGAGTACGGCCGCAAGGTTGAAACTCAAAGGAATTGACGGGGCCCGCACAAGCAGTGGAGTATGTGGTTTAATTCGAAGCAACGCGAAGAACCTTACCAGGTCTTGACATCCCGATGACCGGTTCAGAGATGAGCCTTTTCTTCG","AGGATTAGATACCCTGGGTAGTCCACACCGTAAACGATGGATACTAGGTGTAGGAAATGATTTCATTTTCTGTGCCGTCGCAAACGCAATAAGTATCCCACCTGGGGAGTACGGCCGCAAGGTTGAAACTCAAAGGAATTGACGGGGCCCGCACAAGCAGTGGAGTATGTGGTTTAATTCGAAGCAACGCGAAGAACCTTACCAGGGCTTGACATATAGATGAATAACTAAGAGATTAGTTAGTCCTTCG","GATTAGATACCCTGGGTAGTCCACGCCGTAAACGATGAATACTAGGTGTCGGGTGGCAGAGCCATTCGGTGCCGCAGCAAACGCAGTAAGTATTCCACCTGGGGAGTACGTTCGCAAGAATGAAACTCAAAGGAATTGACGGGGACCCGCACAAGCGGTGGAGCATGTGGTTTAATTCGAAGCAACGCGAAGAACCTTACCAAGTCTTGACATCCCTCTGACCGGTGAGTAACGTCACCTTTCCTTCGGG","AGGATTAGATACCCTTGGTAGTCCACGCCGTAAACGATGAATACTAGGTGTTGGTGAGCAAAGCTCATCGGTGCCGCCGCAAACGCAATAAGTATTCCACCTGGGGAGTACGTTCGCAAGAATGAAACTCAAAGGAATTGACGGGGACCCGCACAAGCGGTGGAGCATGTGGTTTAATTCGAAGCAACGCGAAGAACCTTACCAAATCTTGACATCCCTCTGAAAAGTCCTTAATCGGACTCCTCCTTCG","AGGATTAGATACCCTTGGTAGTCCACGCCGTAAACGATGAATACTAGGTGTTGGTGGGCAAAGCCCATCGGTGCCGCCGCAAACGCAATAAGTATTCCACCTGGGGAGTACGTTCGCAAGAATGAAACTCAAAGGAATTGACGGGGACCCGCACAAGCGGTGGAGCATGTGGTTTAATTCGAAGCAACGCGAAGAACCTTACCAAGTCTTGACATCGTAGCGACCGGAACTTAACCGTTCCTTCCCTTCG","GATTAGATACCCTTGGTAGTCCACACTGTAAACGATGATTACTAGGTGTTGGAGGATTGACCCCTTCAGTGCCGCAGTTAACACAATAAGTAATCCACCTGGGGAGTACGACCGCAAGGTTGAAACTCAAAGGAATTGACGGGGCCCGCACAAGCAGTGGAGTATGTGGTTTAATTCGACGCAACGCGAAGAACCTTACCAAGTCTTGACATCCTGCGACGCACATAGAAATATGTGTTTCCTTCGGGAC","GATTAGATACCCTGGGTAGTCCACGCCGTAAACGATGACTACTAGGTGTCGGGTGGCAGAGCCATTCGGTGCCGCAGCAAACGCAATAAGTAGTCCACCTGGGGAGTACGTTCGCAAGAATGAAACTCAAAGGAATTGACGGGGACCCGCACAAGCGGTGGAGCATGTGGTTTAATTCGAAGCAACGCGAAGAACCTTACCTGGTCTTGACATCCCCCTGACCGGCACGTAATGGTGCCTTTCCTTCGGG","GATTAGATACCCTTGGTAGTCCGCGCGGTAAACGATGGATGCCCGCTGTTCGCCTGTTTGGTGAGCGGCCAAGCGAAAGCGTTAAGCATCCCACCTGGGGAGTACGCCGGCAACGGTGAAACTCAAAGGAATTGACGGGGCCCGCACAAGCGGAGGAACATGTGGTTTAATTCGATGATACGCGAGGAACCTTACCCGGGCTTGAATTGCAGAAGACGGATCCAGAGATGGTGACTCCCTTCGGGGCTTC","GATTAGATACCCTGGGTAGTCCACGCCCTAAACGATGAGTACTAAGTGTTGGTGAGAATCAGTGCTGAAGTTAACGCATTAAGTACTCCGCCTGAGTAGTACGTACGCAAGTATGAAACTTAAAGGAATTGACGGGAGCCCGCACAAGCGGTGGAGCATGTTGTTTAATTCGACGATACGCGAAGAACCTTACCAGGTCTTGACATCCTGATGCTAGTTATAGAGATATAATGAGAAAGTCAGAGACAGG","GGATTAGATACCCTGGGTAGTCCACGCCGTAAACGATGAATACTAGGTGTCTGGGAGCACAGCTCTTAGGTGCCGCCGCAAACGCATTAAGTATTCCACCTGGGGAGTACGTTCGCAAGAATGAAACTCAAAGGAATTGACGGGGACCCGCACAAGCGGTGGAGCATGTGGTTTAATTCGAAGCAACGCGAAGAACCTTACCAAATCTTGACATCCCTCTGACAGAGTATGTAATGTACTTTTCCTTCGG","GGATTAGATACCCTGGGTAGTCCACGCCGTAAACGATGAATACTAGGTGTCGGGGCTCATAAGAGCTTCGGTGCCGCAGCAAACGCAATAAGTATTCCACCTGGGGAGTACGTTCGCAAGAATGAAACTCAAAGGAATTGACGGGGACCCGCACAAGCGGTGGAGCATGTGGTTTAATTCGAAGCAACGCGAAGAACCTTACCAAGTCTTGACATCCTTCTGACCGGACAGTAATGTGTCCTTTCCTTCG","GGATTAGATACCCTTGGTAGTCCACGCGGTAAACGATGAATGCTAGGTGTAGGAGGTATCGACCCCTTCTGTGCCGCAGTAAACACAATAAGCATTCCGCCTGGGGAGTACGGCCGCAAGGTTGAAACTCAAAGGAATTGACGGGGGCCCGCACAAGCAGCGGAGCATGTGGTTTAATTCGAAGCAACGCGAAGAACCTTACCAGGTCTTGACATCCGTGTAAAGCCGCAGAGATGCGGTGTGAGCTTGC","AGGATTAGATACCCTTGGTAGTCCACGCCGTAAACGATGGATACTAGGTGTGGGGGTCTGACCCCCTCCGTGCCGCAGCTAACGCAATAAGTATCCCACCTGGGGAGTACGATCGCAAGGTTGAAACTCAAAGGAATTGACGGGGCCCGCACAAGCGGTGGAGTATGTGGTTTAATTCGAAGCAACGCGAAGAACCTTACCAGGGCTTGACATCCTACTAACGAACCAGAGATGGATTAGGTGCCCTTCG","GGATTAGATACCCTTGGTAGTCCACGCCGTAAACGATGAATACTAGGTGTCGGGGAGCAAAGCTCTTCGGTGCCGCCGCAAACGCAATAAGTATTCCACCTGGGGAGTACGTTCGCAAGAATGAAACTCAAAGGAATTGACGGGACCCGCACAAGCGGTGGAGCATGTGGTTTAATTCGAAGCAACGCGAAGAACCTTACCAAGCCTTGACATCCCATTGACAGAGCATGTAATGTGCTTTCCCTTCGGG","GGATTAGATACCCTGGGTAGTCCACGCCGTAAACGATGAATACTAGGTGTTGGGGAACAATAGTTCTTCGGTGCCGCAGCAAACGCAATAAGTATTCCACCTGGGGAGTACGTTCGCAAGAATGAAACTCAAAGGAATTGACGGGGACCCGCACAAGCGGTGGAGCATGTGGTTTAATTCGAAGCAACGCGAAGAACCTTACCTGCTCTTGACATCCCACTGACCGGTCAGTAATGTGACCTTTTCTTCG","GGATTAGATACCCTTGGTAGTCCACGCTGTAAACGATGAATACTAGGTGTAGGGGGTATGAACTCCCTCTGTGCCGCAGCAAACGCAATAAGTATTCCGCCTGGGGAGTACGGCCGCAAGGTTGAAACTCAAAGGAATTGACGGGGGCCCGCACAAGCAGCGGAGCATGTGGTTTAATTCGACGCAACGCGAAGAACCTTACCAAGGCTTGACATCTACTTAAGCTCATGGAAACATGAGGTCCCTTCGG","GGATTAGATACCCTGGGTAGTCCACGCCGTAAACGATGCTCACTGGTTCTGTGCGATATATTGTACGGGATTAAGCGAAAGTATTAAGTGAGCCACCTGGGGAGTACGTCGGCAACGATGAAACTCAAAGGAATTGACGGGGCCCGCACAAGCGGAGGAACATGTGGTTTAATTCGATGATACGCGAGGAACCTTACCTGGGTTTAAATGGGAAATGTCGTATTTGGAAACAGATATTCTCTTCGGAGCG","GGATTAGATACCCTTGGTAGTCCATGCCGTAAACGATGATTACTAGGTGTGGGTGGTCTGACCCCATCCGTGCCGGAGTTAACACAATAAGTAATCCACCTGGGGAGTACGGCCGCAAGGTTGAAACTCAAAGGAATTGACGGGGCCCGCACAAGCAGTGGAGTATGTGGTTTAATTCGAAGCAACGCGAAGAACCTTACCAGGTCTTGACATCCTGCTAACGAGGTAGAGATACGTTAGGTGCCCTTCG","GGATTAGATACCCTTGGTAGTCCACGCCGTAAACGATGAATACTAGGTGTCGGGTGGCAAAGCCATTCGGTGCCGCAGCAAACGCAATAAGTATTCCACCTGGGGAGTACGTTCGCAAGAATGAAACTCAAAGGAATTGACGGGGACCCGCACAAGCGGTGGAGCATGTGGTTTAATTCGAAGCAACGCGAAGAACCTTACCAAGTCTTGACATCCCTCTGACCGTCCCGTAACGGGGCTTCCCTTCGGG","AGGATTAGATACCCTGGGTAGTCCACGCCGTAAACGATGAATACTAGGTGTTGGGTTTCATAAGAAGCTCGGTGCCGGCGCAAACGCATTAAGTATTCCACCTGGGGAGTACGTTCGCAAGAATGAAACTCAAAGGAATTGACGGGACCCGCACAAGCGGTGGAGCATGTGGTTTAATTCGAAGCAACGCGAAGAACCTTACCAAGTCTTGACATCCCGTTGACCTGTTATGTAATGTAACATCTCTTCG","AGGATTAGATACCCTGGGTAGTCCGCACGGTAAACGATGGATGCTCGCTGTGTGCCTTTGGGTATGCGGCCAAGCGAAAGCGTTAAGCATCCCACCTGGGGAGTACGCCGGCAACGGTGAAACTCAAAGGAATTGACGGGGCCCGCACAAGCGGAGGAACATGTGGTTTAATTCGATGATACGCGAGGAACCTTACCCGGGCTTGAATTGCAGAGGAAGGATTTAGAGATAATGACGCCCTTCGGGGCCT","AGGATTAGATACCCTGGGTAGTCCACGCTGTAAACGATGGATACTAGGTGTGCGGGGACTGACCCCCTGCGTGCCGCAGTTAACACAATAAGTATCCCACCTGGGGAGTACGATCGCAAGGTTGAAACTCAAAGGAATTGACGGGGCCCGCACAAGCGGTGGATTATGTGGTTTAATTCGAAGCAACGCGAAGAACCTTACCAGGTCTTGACATCCTGCTAACGAAGTAGAGATACATTAGGTGCCCTTC","AGGATTAGATACCCTGGGTAGTCCACGCCGTAAACGATGAATACTAGGTGTTGGCAGGTAAGACCTGTCGGTGCCGCAGCTAACGCAATAAGTATTCCACCTGGGGAGTACGTTCGCAAGAATGAAACTCAAAGGAATTGACGGGACCCGCACAAGCGGTGGAGCATGTGGTTTAATTCGAAGCAACGCGAAGAACCTTACCAAGTCTTGACATCCCGATGACAGACGATGTAATGTCGTTTCTCTTCGG","AGGATTAGATACCCTGGGTAGTCCACGCGGTAAACGATGAATACTAGATGTCGGGAAGCAAAGCTTCTCGGTGTCGTCGCAAACGCAATAAGTATTCCACCTGGGGAGTACGTTCGCAAGAATGAAACTCAAAGGAATTGACGGGACCCGCACAAGCGGTGGAGCATGTGGTTTAATTCGAAGCAACGCGAAGAACCTTACCTGCTCTTGACATCCCATTCGATAGAGGGTAATGCCTCTAGCCCTTCGG","GATTAGATACCCTTGGTAGTCCACGCCGTAAACGATGAGTACTAGCTGTCGGAGGTTACCCCCTTCGGTGGCGCAGCTAACGCATTAAGTACTCCGCCTGGGAAGTACGCTCGCAAGAGTGAAACTCAAAGGAATTGACGGGACCCGCACAAGTAGCGGAGCATGTGGTTTAATTCGAAGCAACGCGAAGAACCTTACCTAAGCTTGACATCCTTTTGATCGATGCCTAATCGCATCTTTCCCTTCGGGG","AGGATTAGATACCCTTGGTAGTCCACACTGTAAACGATGATTACTAGGTGTTGGAGGATTGACCCCTTCAGTGCCGCAGTTAACACAATAAGTAATCCACCTGGGGAGTACGACCGCAAGGTTGAAACTCAAAGGAATTGACGGGGCCCGCACAAGCAGTGGAGTATGTGGTTTAATTCGACGCAACGCGAAGAACCTTACCAAGTCTTGACATCCTGCGACGCACATAGAAATATGTGTTTCCTTCGGG","AGGATTAGATACCCTGGGTAGTCCACGCCGTAAACGATGAATACTAGGTGTCGGAAAGCACAGCTTTTCGGTGCCGCCGCAAACGCATTAAGTATTCCACCTGGGGAGTACGTTCGCAAGAATGAAACTCAAAGGAATTGACGGGGACCCGCACAAGCGGTGGAGCATGTGGTTTAATTCGAAGCAACGCGAAGAACCTTACCAAGTCTTGACATCCCGGTGACCGGACAGTAATGTGTCCTTTTCTTCG","AGGATTAGATACCCTTGGTAGTCCACGCTGTAAACGATGAATGCTGGGTGTCTGGCCTAAGGGCTAGGTGCCGAAGTTAACGCGATAAGCATTCCACCTGGGGAGTACGGTCGCAAGATTAAAACTCAAAGGAATTGACGGGGCCCGCACAAGCGGTGGAGCATGTGGTTTAATTCGACGCAACGCGAAGAACCTTACCAGCTTTTGACATGGGCACTGTGGTTGTCAGAGATGACGACCTTCACTTCGG","AGGATTAGATACCCTTGGTAGTCCACACCGTAAACGATGGATACTAGGTGTAGGGAATATTAAATTCTCTGTGCCGCCGCTAACGCAATAAGTATCCCACCTGGGGAGTACGGCCGCAAGGTTGAAACTCAAAGGAATTGACGGGGCCCGCACAAGCAGTGGAGTATGTGGTTTAATTCGACGCAACGCGAAGAACCTTACCAGGGCTTGACATATAAGTGAATAATTAAGAGATTAGTTAGCTCTTCGG","AGGATTAGATACCCTTGGTAGTCCGCGCGGTAAACGATGGATGCCCGCTATTTGCGCCTTAGCGCAAGTGGCCAAGTGAAAACGTTAAGCATCCCACCTGGGGAGTACGCCGGCAACGGTGAAACTCAAAGGAATTGACGGGGCCCGCACAAGCGGAGGAACATGTGGTTTAATTCGATGATACGCGAGGAACCTTACCCGGGCTTGAATTGCAGAGGAAAGATCCAGAGATGGTGATGCCCTTCGGGGC","AGGATTAGATACCCTGGGTAGTCCGCACGGTAAACGATGGATGCCCGCTGTGTGCCCTTGGGTACGCGGCCAAGCGAAAGCGTTAAGCATCCCACCTGGGGAGTACGCCGGCAACGGTGAAACTCAAAGGAATTGACGGGGCCCGCACAAGCGGAGGAACATGTGGTTTAATTCGATGATACGCGAGGAACCTTACCCGGGCTTGAATTGCAGATGACGGATCCAGAGATGGTGACTTCCTTCGGGACAT","AGGATTAGATACCCTTGGTAGTCCACACCGTAAACGATGATTACTAGGTGTTGGAGGATTGACCCCTTCAGTGCCGCAGTTAACACAATAAGTAATCCACCTGGGGAGTACGACCGCAAGGTTGAAACTCAAAGGAATTGACGGGGCCCGCACAAGCAGTGGAGTATGTGGTTTAATTCGACGCAACGCGAAGAACCTTACCAAGTCTTGACATCCTGTGACAGACGTAGAAATACGTTCTTCCTTCGGG","AGGATTAGATACCCTGGGTAGTCCGCACGGTAAACGATGGATGCTCGCTGTGTGCCTTTGGGTATGCGGCCAAGCGAAAGCGCTAAGCATCCCACCTGGGGAGTACGCCGGCAACGGTGAAACTCAAAGGAATTGACGGGGGCCCGCACAAGCGGAGGAACATGTGGTTTAATTCGATGATACGCGAGGAACCTTACCCGGGCTTGAATTGCAGAGGAAGGATTTAGAGATAATGACGCCCTTCGGGGTC","AGGATTAGATACCCTGGGTAGTCCACGCTGTAAACGATGAATACTAGGTGTCGGGGAGCAAAGCTCTTCGGTGCCGTCGCAAACGCAGTAAGTATTCCACCTGGGGAGTACGTTCGCAAGAATGAAACTCAAAGGAATTGACGGGGACCCGCACAAGCGGTGGAGCATGTGGTTTAATTCGAAGCAACGCGAAGAACCTTACCAAGTCTTGACATCCTTCTGACCGATACTTAATCGTATCTTCTCTTCG","AGGATTAGATACCCTTGGTAGTCCACGCCGTAAACGATGATTACTAGGTGTCGGGGACCAAGGTCCTTCGGTGCCGCCGCAAACGCAATAAGTAATCCACCTGGGGAGTACGTTCGCAAGAATGAAACTCAAAGGAATTGACGGGACCCGCACAAGCGGTGGAGCATGTGGTTTAATTCGAAGCAACGCGAAGAACCTTACCTGGTCTTGACATCCCGATGACCGCTCTGTAATGAGAGCTTTTCTTCGG","AGGATTAGATACCCTTGGTAGTCCGCACAGTAAACGATGAATACTCGCGGTTGGCGATATAATGTCAGCCGCCAAGCGAAAGCGTTAAGTATTCCACCTGGGGAGTACGCCGGCAACGGTGAAACTCAAAGGAATTGACGGGGCCCGCACAAGCGGAGGAACATGTGGTTTAATTCGATGATACGCGAGGAACCTTACCCGGGCTTGAACTGCTAGTGACGTATGCAGAGACGCATATTTCTTCGGACAC","GATTAGATACCCTGGGTAGTCCACGCAGTAAACGATGATAACTCGCTGTCGGCGATACACAGTCGGTGGCTAAGCGAAAGCGATAAGTTATCCACCTGGGGAGTACGTTCGCAAGAATGAAACTCAAAGGAATTGACGGGGGCCCGCACAAGCGGAGGAACATGTGGTTTAATTCGATGATACGCGAGGAACCTTACCCGGGCTTGAAAGTTACTGACGATTCTGGAAACAGGATTTCCCTTCGGGGCAG","AGGATTAGATACCCTGGGTAGTCCACGCAGTAAACGATGACTACTAGCTTTCCGGGGCGACTGTGCCCTGGGAGGCACAGCGAAAGCGTTAAGTAGTCCACCTGGGGAGTACGCCGGCAACGGTGAAACTCAAAGGAATTGACGGGGCCCGCACAAGCGGAGGAACATGTGGTTTAATTCGATGATACGCGAGGAACCTTACCCGGGCTCAAACGACAGCGGACAGCTCCCGAAAGGGAGTCTCCGGCAA","GATTAGATACCCTGGGTAGTCCACGCCGTAAACGATGAATACTAGGTGTCGGGGAGCAAAGCTCTTCGGTGCCGCCGCAAACGCAATAAGTATTCCACCTGGGGAGTACGTTCGCAAGAATGAAACTCAAAGGAATTGACGGGGACCCGCACAAGCGGTGGAGCATGTGGTTTAATTCGAAGCAACGCGAAGAACCTTACCAAGCCTTGACATCCCAATGACAGAGCATGTAATGTGCTTTCCCTTCGGG","GATTAGATACCCTTGGTAGTCCACACCGTAAACGATGGATACTAGGTGTAGGAGATATTAAGTCTTCTGTGCCGTCGCAAACGCAATAAGTATCCCACCTGGGGAGTACGGCCGCAAGGTTGAAACTCAAAGGAATTGACGGGGCCCGCACAAGCAGTGGAGTATGTGGTTTAATTCGAAGCAACGCGAAGAACCTTACCAAGGCTTGACATATACAGGAATATTTAAGAGATTAAATAGCTCTTCGGAG","AGGATTAGATACCCTTGGTAGTCCACGCCGTAAACGATGAATACTAGGTGTTGGGGAGCAAAGCTCTTCGGTGCCGCAGCAAACGCAATAAGTATTCCACCTGGGGAGTACGTTCGCAAGAATGAAACTCAAAGGAATTGACGGGGACCCGCACAAGCGGTGGAGCATGTGGTTTAATTCGAAGCAACGCGAAGAACCTTACCAAATCTTGACATCGATCTGACCGGACTGTAATGAGTCCTTTCCCTTC","GGATTAGATACCCTTGGTAGTCCACGCGGTAAACGATGAATGCTAGGTGTCGGGGAGCAAAGCTCTTCGGTGCCGCCGCAAACGCATTAAGCATTCCACCTGGGGAGTACGTTCGCAAGAATGAAACTCAAAGGAATTGACGGGGACCCGCACAAGCGGTGGAGCATGTGGTTTAATTCGAAGCAACGCGAAGAACCTTACCAAGTCTTGACATCCTTCTGACCGGAACTTAACCGTTCCTTCCCTTCGG","GATTAGATACCCTGGGTAGTCCACGCCGTAAACGATGACTACTAGGTGTCGGGTGGCAAAGCCATTCGGTGCCGCAGCTAACGCAATAAGTAGTCCACCTGGGGAGTACGTTCGCAAGAATGAAACTCAAAGGAATTGACGGGACCCGCACAAGCGGTGGAGCATGTGGTTTAATTCGAAGCAACGCGAAGAACCTTACCTGCTCTTGACATCCCGGTGACCGCTCCGTAATGGGAGCTTTTCTTCGGAA","GATTAGATACCCTTGGTAGTCCACGCCGTAAACGATGAATACTAGGTGTAGGAGGTATCGACCCCTTCTGTGCCGGAGCTAACACAATAAGTATTCCGCCTGGGAAGTACGATCGCAAGATTAAAACTCAAAGGAATTGACGGGGGCCCGCACAAGCGGCGGAGCATGCGGATTAATTCGATGCAACGCGAAGAACCTTACCTGGGCTTGACATGTTCCCGACCGCTCCAGAGATGGGGCTTCCCTTCGG","GATTAGATACCCTGGGTAGTCCACGCCGTAAACGATGACTACTAGGTGTCGGGTGGCAAAGCCATTCGGTGCCGCAGCCAACGCAATAAGTAGTCCACCTGGGGAGTACGTTCGCAAGAATGAAACTCAAAGGAATTGACGGGGACCCGCACAAGCGGTGGAGCATGTGGTTTAATTCGAAGCAACGCGAAGAACCTTACCTGCTCTTGACATCCCGATGACCGCAGAGTAATGTCTGCTTTTCTTCGGA","GGATTAGATACCCTGGGTAGTCCACGCCCTAAACGATGTCAACTAGTTGTTGGGGATAGAAATCCTCAGTAACGCAGCCAACGCGTGAAGTTGACCGCCTGGGAAGTACGGTCGCAAGACTAAAACTCAAAGGAATTGACGGGACCCGCACAAGCGGTGGATGATGTGGATTAATTCGATGCAACGCGAAAAACCTTACCTACCCTTGACATGTCAGAGAAGCTTTTGTAATGAGAGTGTGCCCGCAAGG","GGATTAGATACCCTTGGTAGTCCACGCAGTAAACGATGAATGCTACCTGTCCGGTTCTTCGGAACTGGGTGGGACAGCGAAAGCGTTAAGCATTCCACCTGGGGAGTACGCCGGCAACGGTGAAACTCAAAGGAATTGACGGGGCCCGCACAAGCGGAGGAACATGTGGTTTAATTCGATGATACGCGAGGAACCTTACCCGGGCTCAAACGCAGACGGACGGATCGAGAAATCGGTTTTTCCTTCGGGA","GGATTAGATACCCTGGGTAGTCCACGCCGTAAACGATGAATACTAGGTGTAGGAGGTATCGACCCCTTCTGTGCCGGAGCTAACACAATAAGTATTCCGCCTGGGAAGTACGATCGCAAGATTAAAACTCAAAGGAATTGACGGGGCCCGCACAAGCGGTGGAGTATGTGGTTTAATTCGACGCAACGCGAAGAACCTTACCAAGTCTTGACATTGATCGCTATCTCAAGAGATTGAGAGTTCCTCTTCG","GGATTAGATACCCTGGGTAGTCCACACAGTAAACGATGAATACTCGCTGTTTGCGATATACAGCAAGCGGCCAAGCGAAAGCATTAAGTATTCCACCTGGGGAGTACGCCGGCAACGGTGAAACTCAAAGGAATTGACGGGGGCCCGCACAAGCGGAGGAACATGTGGTTTAATTCGATGATACGCGAGGAACCTTACCCGGGCTTAAATTGCATCTGAATAATTTGGAAACAGATTAGCCGTAAGGCAG","GGATTAGATACCCTTGGTAGTCCACGCGGTAAACGATGAATACTAGATGTCGGGTAGCAAAGCTACTCGGTGTCGTCGCAAACGCAATAAGTATTCCACCTGGGGAGTACGTTCGCAAGAATGAAACTCAAAGGAATTGACGGGACCCGCACAAGCGGTGGAGCATGTGGTTTAATTCGAAGCAACGCGAAGAACCTTACCTGCTCTTGACATCCCATTCGATAGAGGGTAATGCCTCTAGCCCTTCGGG","GGATTAGATACCCTTGGTAGTCCACGCCGTAAACGATGAATACTAGGTGTCGGGGCCCACAGGGCTTCGGTGCCGCAGCAAACGCATTAAGTATTCCACCTGGGGAGTACGTTCGCAAGAATGAAACTCAAAGGAATTGACGGGGACCCGCACAAGCGGTGGAGCATGTGGTTTAATTCGAAGCAACGCGAAGAACCTTACCAAGTCTTGACATCCTTCTGACCGTCCCTTAGCCGGGACTTCTCTTCGG","GGATTAGATACCCTTGGTAGTCCACGCCGTAAACGATGAGTGCTAGGTGTTGGGGGCAAAGCCCTTCGGTGCCGTCGCAAACGCAATAAGCACTCCACCTGGGGAGTACGTTCGCAAGAATGAAACTCAAAGGAATTGACGGGACCCGCACAAGCGGTGGAGCATGTGGTTTAATTCGAAGCAACGCGAAGAACCTTACCAAGTCTTGACATCCTCTTGACCGGCGTGTAACGGCGCCTTTCCTTCGGGA","AGGATTAGATACCCTGGGTAGTCCACGCGGTAAACGATGAATGCTAGGTGTTGGTGAGCAAAGCTCATCGGTGCCGCCGCAAACGCATTAAGCATTCCACCTGGGGAGTACGTTCGCAAGAATGAAACTCAAAGGAATTGACGGGGACCCGCACAAGCGGTGGAGCATGTGGTTTAATTCGAAGCAACGCGAAGAACCTTACCAAGTCTTGACATCCCCTTGAAAAACCAGTAACGTGGTTCCCTCTTCG","AGGATTAGATACCCTGGGTAGTCCACGCCGTAAACGATGATTGCTAGGTGTAGGTGGGTATGGACCCATCGGTGCCGCAGCTAACGCAATAAGCAATCCACCTGGGGAGTACGTTCGCAAGAATGAAACTCAAAGGAATTGACGGGGACCCGCACAAGCGGTGGAGCATGTGGTTTAATTCGAAGCAACGCGAAGAACCTTACCAGGTCTTGACATCCCGATGAAAAACCCGTAACGGGGTTCCCTCTTC","AGGATTAGATACCCTTGGTAGTCCACGCCGTAAACGATGAATACTAGGTGTCGGGGCCCATAAGGGCTTCGGTGCCGCAGCAAACGCAATAAGTATTCCACCTGGGGAGTACGTTCGCAAGAATGAAACTCAAAGGAATTGACGGGACCCGCACAAGCGGTGGAGCATGTGGTTTAATTCGAAGCAACGCGAAGAACCTTACCAAGTCTTGACATCCCACTGACCGGATAGTAATGTATCCTTTCCTTCG","AGGATTAGATACCCTGGGTAGTCCGCACAGTAAACGATGAATACTCGCGGTTTGCGATACACAGTAAGCCGCCAAGCGAAAGCGTTAAGTATTCCACCTGGGGAGTACGCCGGCAACGGTGAAACTCAAAGGAATTGACGGGGCCCGCACAAGCGGAGGAACATGTGGTTTAATTCGATGATACGCGAGGAACCTTACCCGGGCTTGAACTGCCAGTGACGTATGCAGAGACGCATATTTCTTCGGACAC","AGGATTAGATACCCTTGGTAGTCCACGCCCTAAACGATGTCTATTGGTTGTTGCGGGGTAAAACCTGCAGTAACGAAGCCAACGCGTGAAATAGACCGCCTGGGAAGTACGGTCGCAAGATTAAAACTCAAAGGAATTGACGGGGACCCGCACAAGCGGTGGATGATGTGGTTTAATTCGATGCAACGCGAAAAACCTTACCCAGCCTTGACATGTCAGGAATGCTCCGGAGATGGAGCAGTGCCCGCAA","GATTAGATACCCTGGGTAGTCCACGCCGTAAACGATGAATACTAGGTGTCGGGGCCCAAAGGGCTTCGGTGCCGCAGCCAACGCAATAAGTATTCCACCTGGGGAGTACGTTCGCAAGAATGAAACTCAAAGGAATTGACGGGGACCCGCACAAGCGGTGGAGCATGTGGTTTAATTCGAAGCAACGCGAAGAACCTTACCAAGTCTTGACATCCTGCTGACCGTTCCTTAACCGGAACTTTCCTTCGGG","AGGATTAGATACCCTTGGTAGTCCGCACGGTAAACGATGGATGCCCGCTATTCGCCCATCTGGGCGAGTGGCCAAGCGAAAGCGTTAAGCATCCCACCTGGGGAGTACGCCGGCAACGGTGAAACTCAAAGGAATTGACGGGGCCCGCACAAGCGGAGGAACATGTGGTTTAATTCGATGATACGCGAGGAACCTTACCCGGGCTTGAATTGCAGAGGAAGGATTTAGAGATAATGACGCCCTTCGGGGC","GATTAGATACCCTTGGTAGTCCACGCTGTAAACGATGGGTGCTGGGTGCTGGGATGTATGTCTCGGTGCCGTAGCTAACGCGATAAGCACCCCGCCTGGGGAGTACGGTCGCAAGGCTGAAACTCAAAGAAATTGACGGGGGCCCGCACAAGCGGTGGAGTATGTGGTTTAATTCGATGCAACGCGAAGAACCTTACCCAGGCTTGACATCTAGGGAACCCTTCGGAAATGAAGGGGTGCCCTTCGGGGA","GATTAGATACCCTGGGTAGTCCACGCCGTAAACGATGAATACTAGGTGTCGGGGAGCAAAGCTCCTCGGTGCCGCAGCAAACGCAATAAGTATTCCACCTGGGGAGTACGTTCGCAAGAATGAAACTCAAAGGAATTGACGGGGACCCGCACAAGCGGTGGAGCATGTGGTTTAATTCGAAGCAACGCGAAGAACCTTACCAAGCCTTGACATCCCTCTGACCGGTGAGTAACGTCACCTTTCCTTCGGG","GATTAGATACCCTTGGTAGTCCACGCCGTAAACGATGAGTGCTAGGTGTTGGATCCTTTCCGGGATTCAGTGCCGAAGCTAACGCATTAAGCACTCCGCCTGGGGAGTACGACCGCAAGGTTGAAACTCAAAGGAATTGACGGGGGCCCGCACAAGCGGTGGAGCATGTGGTTTAATTCGAAGCAACGCGAAGAACCTTACCAGGTCTTGACATCCCGATGCTATTTCTAGAGATAGAAAGTTACTTCGG","AGGATTAGATACCCTGGGTAGTCCACGCCGTAAACGATGAGTGCTAGGTGTTAGGCCCTTTCCGGGGCTTAGTGCCGCAGCTAACGCATTAAGCACTCCGCCTGGGGAGTACGACCGCAAGGTTGAAACTCAAAGGAATTGACGGGGCCCGCACAAGCGGTGGAGCATGTGGTTTAATTCGAAGCAACGCGAAGAACCTTACCAGGTCTTGACATCCCGATGCTATTCCTAGAGATAGGAAGTTTCTTCG","AGGATTAGATACCCTTGGTAGTCCACGCCGTAAACGATGAATACTAGGTGTTGGCAACCAAAGGTTGTCAGTGCCGCCGCAAACGCATTAAGTATTCCACCTGGGGAGTACGTTCGCAAGAATGAAACTCAAAGGAATTGACGGGGACCCGCACAAGCGGTGGAGCATGTGGTTTAATTCGAAGCAACGCGAAGAACCTTACCAAGTCTTGACATCCCACTGACCGGTCCGTAAATGGACCTTCTCTTCG","AGGATTAGATACCCTTGGTAGTCCACACCGTAAACGATGGATACTAGGTGTAGGAGGTATCGACCCCTTCTGTGCCGCAGTTAACACAATAAGTATCCCACCTGGGGAGTACGACCGCAAGGTTGAAACTCAAAGGAATTGACGGGGCCCGCACAAGCAGTGGAGTATGTGGTTTAATTCGAAGCAACGCGAAGAACCTTACCTGGACTTGACATCCCTCTGACCGCCCTAGAGATAGGGTTTCTCTTCG","GATTAGATACCCTGGGTAGTCCACGCCGTAAACGATGAATACTAGGTGTCGGGGAGCATGGCTCTTCGGTGCCGTCGCAAACGCAGTAAGTATTCCACCTGGGGAGTACGTTCGCAAGAATGAAACTCAAAGGAATTGACGGGGACCCGCACAAGCGGTGGAGCATGTGGTTTAATTCGAAGCAACGCGAAGAACCTTACCAAATCTTGACATCCCTCTGACCGGTCTTTAATCGGACCTTTCCTTCGGG","GATTAGATACCCTGGGTAGTCCACGCAGTAAACGATGAATACTAACTGTTCGGAGGGCGACCTCTGAGTGGTAAAGCGAAAGCGTTAAGTATTCCACCTGGGGAGTACGCCGGCAACGGTGAAACTCAAAGGAATTGACGGGGCCCGCACAAGCGGAGGAACATGTGGTTTAATTCGATGATACGCGAGGAACCTTACCCGGGCTTGAATTGCAGAGGAAGGATTTGGAGACAATGACGCCCTTCGGGGT","GATTAGATACCCTTGGTAGTCCACACCGTAAACGATGATTACTAGGTGTTGGAGGATTGACCCCTTCAGTGCCGCAGTTAACACAATAAGTAATCCACCTGGGGAGTACGACCGCAAGGTTGAAACTCAAAGGAATTGACGGGGCCCGCACAAGCAGTGGAGTATGTGGTTTAATTCGACGCAACACGAAGAACCTTACCAAGTCTTGACATCCTGCGACGCACATAGAAATATGTGTTTCCTTCGGGAC","GATTAGATACCCTGGGTAGTCCACGCCGTAAACGATGAATACTAGGTGTTGGTGAGCAAAGCTCATCGGTGCCGCCGCAAACGCAATAAGTATTCCACCTGGGGAGTACGTTCGCAAGAATGAAACTCAAAGGAATTGACGGGGACCCGCACAAGCGGTGGAGCATGTGGTTTAATTCGAAGCAACGCGAAGAACCTTACCAAATCTTGACATCCCTCTGAAAAGTCCTTAATCGGACTCCTCCTTCGGG","GATTAGATACCCTTGGTAGTCCACGCCGTAAACGATGAATACTAGGCACTGCGGGTATGACCCCTGCGGCGCCGTAGCTAACGTATTAAGTATTCCGCCTGGGGAGTACGGTCGCAAGATTAAAACTCAAAGGAATTGACGGGGCCCGCACAAGCGGTGGAGCATGTGGTTTAATTCGAAGCAACGCGCAGAACCTTACCTGGGTTTGACATCCTACGAATCTTGCAGAGATGCGAGAGTGCCCTTCGGG","GATTAGATACCCTGGGTAGTCCGCACGGTAAACGATGGATGCCCGCTGTTGGTCTGAATAGGTCAGCGGCCAAGCGAAAGCATTAAGCATCCCACCTGGGGAGTACGCCGGCAACGGTGAAACTCAAAGGAATTGACGGGGGCCCGCACAAGCGGAGGAACATGTGGTTTAATTCGATGATACGCGAGGAACCTTACCCGGGCTCAAACGACAGCGGACAGCACCCGAAAGGGTGTCTCCGGCAACGGCC","GATTAGATACCCTGGGTAGTCCACGCAGTAAACGATGACTACTAGCTTTCCGGAACGATTGTGTTCTGGGAGGCACAGCGAAAGCGTTAAGTAGTCCACCTGGGGAGTACGCCGGCAACGGTGAAACTCAAAGGAATTGACGGGGGCCCGCACAAGCGGAGGAACATGTGGTTTAATTCGATGATACGCGAGGAACCTTACCCGGGCTTGAATTGCAGAGGAAGGATTTGGAGACAATGACGCCCTTCGG","AGGATTAGATACCCTTGGTAGTCCATGCCGTAAACGATGAGTGCTAAGTGTTGGGAGGTTTCCGCCTCTCAGTGCTGCAGCTAACGCATTAAGCACTCCGCCTGGGGAGTACGACCGCAAGGTTGAAACTCAAAGGAATTGACGGGGGCCCGCACAAGCGGTGGAGCATGTGGTTTAATTCGAAGCAACGCGAAGAACCTTACCAGGTCTTGACATCCAGTGCAAACCTAAGAGATTAGGTGTTCCCTTC","AGGATTAGATACCCTTGGTAGTCCACGCCGTAAACGATGATTGCTAGGTGTAGGTGGGTATGGACCCATCGGTGCCGCAGCTAACGCAATAAGCAATCCACCTGGGGAGTACGTTCGCAAGAATGAAACTCAAAGGAATTGACGGGGACCCGCACAAGCGGTGGAGCATGTGGTTTAATTCGAAGCAACGCGAAGAACCTTACCAGGTCTTGACATCCCGATGAAAAACCCGTAACGGGGTTCGCTCTTC","AGGATTAGATACCCTTGGTAGTCCACGCCGTAAACGATGAATACTAGGTGTCGGGGAGCATGGCTCTTCGGTGCCGTCGCAAACGCAGTAAGTATTCCACCTGGGGAGTACGTTCGCAAGAATGAAACTCAAAGGAATTGACGGGGACCCGCACAAGCGGTGGAGCATGTGGTTTAATTCGAAGCAACGCGAAGAACCTTACCAAGTCTTGACATCCGCCTGACCGATCCTTAACCGGATCTTTCCTTCG","GATTAGATACCCTTGGTAGTCCACGCAGTAAACGATGATGGCTAACTGTCGGGTTTTAGGATTCGGCGGCCAAGCGAAAGCGATAAGCCATCCACCTGGGGAGTACGACCGCAAGGTTGAAACTCAAAGGAATTGACGGGGCCCGCACAAGCGGAGGAACATGTGGTTTAATTCGATGATACGCGAGGAACCTTACCCAGGCTCGAACGGCACCTGAATCATGCAGAGATGTGTGAGTCTTCGGACAGGT","GGATTAGATACCCTTGGTAGTCCACACCGTAAACGATGATTACTAGGTGTTGGGAGATTGACCCTCTCAGTGCCGCAGTTAACACAATAAGTAATCCACCTGGGGAGTACGACCGCAAGGTTGAAACTCAAAGGAATTGACGGGGCCCGCACAAGCAGTGGAGTATGTGGTTTAATTCGACGCAACGCGAAGAACCTTACCAAGTCTTGACATCCTCTGACGAACGTAGAAATACGTTTTCTCTTCGGAG","GGATTAGATACCCTTGGTAGTCCACACAGTAAACGATGAATACTCGCTGTTTGCGATATACAGCAAGCGGCCAAGCGAAAGCATTAAGTATTCCACCTGGGGAGTACGCCGGCAACGGTGAAACTCAAAGGAATTGACGGGGGCCCGCACAAGCGGAGGAACATGTGGTTTAATTCGATGATACGCGAGGAACCTTACCCGGGCTTAAATTGCATCTGAATAATTTGGAAACAGATTAGCCGTAAGGCAG","GGATTAGATACCCTTGGTAGTCCACGCCGTAAACGATGAATACTAGGTGTTGGGGAGCAAAGCTCTTCGGTGCCGCCGCAAACGCATTAAGTATTCCACCTGGGGAGTACGTTCGCAAGAATGAAACTCAAAGGAATTGACGGGACCCGCACAAGCGGTGGAGCATGTGGTTTAATTCGAAGCAACGCGAAGAACCTTACCAAGTCTTGACATCCCTCTGACCGATCCGTAACGGGATCTTTCCTTCGGG","GGATTAGATACCCTGGGTAGTCCACGCCGTAAACGATGAATACTAGGTGTCGGGGCCGTAGAGGCTTCGGTGCCGCAGCCAACGCAGTAAGTATTCCACCTGGGGAGTACGTTCGCAAGAATGAAACTCAAAGGAATTGACGGGACCCGCACAAGCGGTGGAGCATGTGGTTTAATTCGAAGCAACGCGAAGAACCTTACCTGGTCTTGACATCCTTCTGACCGGTCCTTAACCGGACCTTTCCTTCGGG","AGGATTAGATACCCTTGGTAGTCCACGCTGTAAACGATGATTACTAGGTGTGGGGGTCTGACCCCTTCCGTGCCGGAGTTAACACAATAAGTAATCCACCTGGGGAGTACGGCCGCAAGGTTGAAACTCAAAGGAATTGACGGGGCCCGCACAAGCAGTGGAGTATGTGGTTTAATTCGACGCAACGCGAAGAACCTTACCAAGTCTTGACATCCCTTGACAGGCATAGAAATATGTAATCTCTTCGGAG","GGATTAGATACCCTGGGTAGTCCACGCCGTAAACGGTGGATGCTGGATGTGGGGACCATTCCACGGTCTCCGTGTCGGAGCCAACGCGTTAAGCATCCCGCCTGGGGAGTACGGCCGCAAGGCTAAAACTCAAAGAAATTGACGGGGCCCGCACAAGCGGCGGAGCATGCGGATTAATTCGATGCAACGCGAAGAACCTTACCTGGGCTTGACATGTTCCCGACAGCCCCAGAGATGGGGCCTCCCTTCG","GGATTAGATACCCTGGGTAGTCCACGCCGTAAACGATGAATACTAGGTGTCGGGGCACATAAGTGCTTCGGTGCCGCAGCAAACGCAATAAGTATTCCACCTGGGGAGTACGTTCGCAAGAATGAAACTCAAAGGAATTGACGGGGACCCGCACAAGCGGTGGAGCATGTGGTTTAATTCGAAGCAACGCGAAGAACCTTACCAAGTCTTGACATCCCACTGACCGGACAGTAATGTGTCCTTCCCTTCG","GGATTAGATACCCTTGGTAGTCCACGCCGTAAACGATGAATGCTAGGTGTTGGGGAGCAAAGCTCTTCGGTGCCGCCGCAAACGCATTAAGCATTCCACCTGGGGAGTACGTTCGCAAGAATGAAACTCAAAGGAATTGACGGGGACCCGCACAAGCGGTGGAGCATGTGGTTTAATTCGAAGCAACGCGAAGAACCTTACCAAGTCTTGACATCCCTTTGAAAAGCCCGTAACGGGGCTCCCTCTTCGG","GGATTAGATACCCTTGGTAGTCCACGCCGTAAACGATGAATACTAGGTGTCGGGGCACATAAGTGCTTCGGTGCCGCAGCAAACGCAATAAGTATTCCACCTGGGGAGTACGTTCGCAAGAATGAAACTCAAAGGAATTGACGGGGACCCGCACAAGCGGTGGAGCATGTGGTTTAATTCGAAGCAACGCGAAGAACCTTACCAAGTCTTGACATCCCACTGACCGGACAGTAATGTGTCCTTCCCTTCG","GGATTAGATACCCTGGGTAGTCCACGCCGTAAACGATGAATACTAACTGTTTGCGATATACAGTAAGCGGTACAGCGAAAGCGTTAAGTATTCCACCTGGGGAGTACGCCGGCAACGGTGAAACTCAAAGGAATTGACGGGGCCCGCACAAGCGGAGGAACATGTGGTTTAATTCGATGATACGCGAGGAACCTTACCCGGGCTCAAACGCAGGGGGAATACGTATGAAAGTACGTAGCTAGCAATAGCC","GGATTAGATACCCTTGGTAGTCCACGCCGTAAACGATGAATACTAGGTGTTGGGAAGCATTGCTTCTCGGTGCCGTCGCAAACGCAGTAAGTATTCCACCTGGGGAGTACGTTCGCAAGAATGAAACTCAAAGGAATTGACGGGGACCCGCACAAGCGGTGGAGCATGTGGTTTAATTCGAAGCAACGCGAAGAACCTTACCAAGTCTTGACATCCTTCTGACCGGTATTTAACCGTACCTTCTCTTCGG","GGATTAGATACCCTGGGTAGTCCACGCCGTAAACGATGAATACTAGGTGTTGGGGAGCAAAGCTCTTCGGTGCCGCCGCAAACGCATTAAGTATTCCACCTGGGGAGTACGTTCGCAAGAATGAAACTCAAAGGAATTGACGGGACCCGCACAAGCGGTGGAGCATGTGGTTTAATTCGAAGCAACGCGAAGAACCTTACCAAGTCTTGACATCCCTCTGACCGACTCTTAACCGAGTCTTTCCTTCGGG","GGATTAGATACCCTGGGTAGTCCACGCTGTAAACGATGAATACTAGGTGTTGGGGTCCAAAAGGACTTCGGTGCCGCAGCAAACGCAATAAGTATTCCACCTGGGGAGTACGTTCGCAAGAATGAAACTCAAAGGAATTGACGGGACCCGCACAAGCGGTGGAGCATGTGGTTTAATTCGAAGCAACGCGAAGAACCTTACCAGGTCTTGACATCCCTCTGACGGAGAAGTAATGTTCTCGTTCCTACGG","AGGATTAGATACCCTTGGTAGTCCACGCCGTAAACGATGAATACTAGGTGTCGGGAGGCATTGCCTTTCGGTGCCGTCGCAAACGCAGTAAGTATTCCACCTGGGGAGTACGTTCGCAAGAATGAAACTCAAAGGAATTGACGGGACCCGCACAAGCGGTGGAGCATGTGGTTTAATTCGAAGCAACGCGAAGAACCTTACCAAGTCTTGACATCCCGATGACCAGTTATGTAATGTAACCTCTCTTCGG","GATTAGATACCCTGGGTAGTCCACGCCGTAAACGATGAATACTAGGTGTCGGGGGACAACGTCCTTCGGTGCCGCCGCTAACGCAATAAGTATTCCACCTGGGGAGTACGTTCGCAAGAATGAAACTCAAAGGAATTGACGGGACCCGCACAAGCGGTGGAGCATGTGGTTTAATTCGAAGCAACGCGAAGAACCTTACCAAGTCTTGACATCCCATTGAAAACACTTTAACCGGTGTCCCTCTTCGGAG","GATTAGATACCCTTGGTAGTCCACGCCGTAAACGATGAATACTAGGTGTAGGGGTTGTCATGACCTCTGTGCCGCCGCTAACGCATTAAGTATTCCGCCTGGGGAGTACGGTCGCAAGATTAAAACTCAAAGGAATTGACGGGGCCCGCACAAGCAGCGGAGCATGTGGTTTAATTCGAAGCAACGCGAAGAACCTTACCTAGACTTGACATCTCCTGAATTACTCTGTAATGGAGGAAGCTCTTCGGAG","AGGATTAGATACCCTTGGTAGTCCACGCAGTAAACGATGATAACTCGTTGTCGGCGATACACAGTCGGTGACTAAGCGAAAGCGATAAGTTATCCACCTGGGGAGTACGTTCGCAAGAATGAAACTCAAAGGAATTGACGGGGGCCCGCACAAGCGGAGGAACATGTGGTTTAATTCGATGATACGCGAGGAACCTTACCCGGGCTTGAAAGTTAGTGACGATTCTGGAAACAGGATTTCCCTTCGGGGC","GATTAGATACCCTGGGTAGTCCACGCCGTAAACGATGAATACTAGGTGTTGGTGGGCAAAGCCCATCGGTGCCGCCGCAAACGCAATAAGTATTCCACCTGGGGAGTACGTTCGCAAGAATGAAACTCAAAGGAATTGACGGGGACCCGCACAAGCGGTGGAGCATGTGGTTTAATTCGAAGCAACGCGAAGAACCTTACCAAGTCTTGACATCCTTCTGAACGGACAGTAATGTGTCCTTCCCTTCGGG","GATTAGATACCCTGGGTAGTCCACGCCGTAAACGATGAATACTAGGTGTCGGGTGGCAGAGCCATTCGGTGCCGTCGCAAACGCAGTAAGTATTCCACCTGGGGAGTACGTTCGCAAGAATGAAACTCAAAGGAATTGACGGGGACCCGCACAAGCGGTGGAGCATGTGGTTTAATTCGAAGCAACGCGAAGAACCTTACCAAATCTTGACATCCCTCTGACCGGTCTTTAATCGGACCTTCTCTTCGGA","AGGATTAGATACCCTTGGTAGTCCACGCCCTAAACGATGTCGACTAGTTGTTGGGTCTTAATTGACTTAGTAACGCAGCTAACGCGTGAAGTCGACCGCCTGGGGAGTACGGTCGCAAGATTAAAACTCAAAGGAATTGACGGGGACCCGCACAAGCGGTGGATGATGTGGATTAATTCGATGCAACGCGAAAACCTTACCTACCCTTGACATGTCAGGAACCCTGAAGAGATTCGGGGGTGCTCGAAAG","AGGATTAGATACCCTTGGTAGTCCACGCAGTAAACGATGATGGCTAACTGTCGGGCCTGCGGGTTCGGCGGCCAAGCGAAAGCGATAAGCCATCCACCTGGGGAGTACGACCGCAAGGTTGAAACTCAAAGGAATTGACGGGGCCCGCACAAGCGGAGGAACATGTGGTTTAATTCGATGATACGCGAGGAACCTTACCCAGGCTCGAACGGCATCTGAATTGATTAGAGATAATCAAGTCTTCGGACAG","AGGATTAGATACCCTGGGTAGTCCACGCCGTAAACGATGAATACTAGGTGTTGGGGAGCATAAGCTCTTCGGTGCCGGCGCAAACGCATTAAGTATTCCACCTGGGGAGTACGTTCGCAAGAATGAAACTCAAAGGAATTGACGGGACCCGCACAAGCGGTGGAGCATGTGGTTTAATTCGACGCAACGCGAAGAACCTTACCAAGTCTTGACATCCCGGTGACCGGTCAGTAACGTGACCTTTTCTTCG","AGGATTAGATACCCTGGGTAGTCCACGCCGTAAACGATGAATACTAGCTGTTGGGGAGCATTGCTTTTCAGTGGCGCAGCAAACGCAATAAGTATTCCACCTGGGGAGTACGTTCGCAAGAATGAAACTCAAAGGAATTGACGGGGACCCGCACAAGCGGTGGAGCATGTGGTTTAATTCGAAGCAACGCGAAGAACCTTACCAAGTCTTGACATCCCAATGACAAGCTGTGTAATGCAGCCTCTCTTCG","GATTAGATACCCTGGGTAGTCCACGCGGTAAACGATGAATGCTAGGTGTTGGTGAGCAAAGCTCATCGGTGCCGCCGCAAACGCATTAAGCATTCCACCTGGGGAGTACGTTCGCAAGAATGAAACTCAAAGGAATTGACGGGGACCCGCACAAGCGGTGGAGCATGTGGTTTAATTCGAAGCAACGCGAAGAACCTTACCAAGTCTTGACATCCCGATGAAAGATCCTTAACCGGATCCCCTCTTCGGA","GATTAGATACCCTTGGTAGTCCACGCCGTAAACGATGAATGCTAGGTGTTGGGGAGCAAAGCTCTTCGGTGCCGCCGCAAACGCATTAAGCATTCCACCTGGGGAGTACGTTCGCAAGAATGAAACTCAAAGGAATTGACGGGGACCCGCACAAGCGGTGGAGCATGTGGTTTAATTCGAAGCAACGCGAAGAACCTTACCAAGTCTTGACATCCCTTTGAAAAGCCCGTAATGGGGCTCCCTCTTCGGA","AGGATTAGATACCCTTGGTAGTCCACGCCGTAAACGATGATTACTAGGTGCTGGTGGGTATGACCCATCGGTGCCGCAGCAAACGCAATAAGTAATCCACCTGGGGAGTACGTTCGCAAGAATGAAACTCAAAGGAATTGACGGGGACCCGCACAAGCGGTGGAGCATGTGGTTTAATTCGAAGCAACGCGAAGAACCTTACCTGGTCTTGACATCCCTATGAATAACGGGCAATGCCGTTAGTACTTCG","AGGATTAGATACCCTTGGTAGTCCGCACAGTAAACGATGAATACTCGCGGTTTGCGATACAATGTAAGCCGCCAAGCGAAAGCGTTAAGTATTCCACCTGGGGAGTACGCCGGCAACGGTGAAACTCAAAGGAATTGACGGGGCCCGCACAAGCGGAGGAACATGTGGTTTAATTCGATGATACGCGAGGAACCTTACCCGGGCTTGAACTGCCAGCGACGGATGCAGAGACGCATTTTTCTTCGGACGC","AGGATTAGATACCCTGGGTAGTCCACACCGTAAACGATGATTACTAGGTGTTGGGAGATTGACCCTCTCAGTGCCGCAGTTAACACAATAAGTAATCCACCTGGGGAGTACGACCGCAAGGTTGAAACTCAAAGGAATTGACGGGGCCCGCACAAGCAGTGGAGTATGTGGTTTAATTCGACGCAACGCGAAGAACCTTACCAAGTCTTGACATCCTCTGACGAACGTAGAAATACGTTTTCTCTTCGGA","AGGATTAGATACCCTGGGTAGTCCACGCCGTAAACGATGAATACTAGGTGTCGGGAGGCATTGCCTTTCGGTGCCGGCGCAAACGCATTAAGTATTCCACCTGGGGAGTACGTTCGCAAGAATGAAACTCAAAGGAATTGACGGGGACCCGCACAAGCGGTGGAGCATGTGGTTTAATTCGAAGCAACGCGAAGAACCTTACCAAGTCTTGACATCCTTCTGACCGGACAGTAATGTGTCCTTTCCTTCG","AGGATTAGATACCCTGGGTAGTCCACACCGTAAACGATGAATACTAGGTGTAGGTTATGTCATGTAATCTGTGCCGTCGCAAACGCAATAAGTATTCCACCTGGGGAGTACGGCCGCAAGGTTGAAACTCAAAGGAATTGACGGGGCCCGCACAAGCAGTGGAGTATGTGGTTTAATTCGAAGCAACGCGAAGAACCTTACCAGGGCTTGACATATACAGGAATATATTAGAGATAATATAGCTCTTCGG","AGGATTAGATACCCTGGGTAGTCCACACCGTAAACGATGAATGCTAGGTGTGGGGTGCAAACCTCCGTGCCGCAGTTAACACAATAAGCATTCCACCTGGGGAGTACGGCCGCAAGGTTGAAACTCAAAGGAATTGACGGGACCCGCACAAGCAGTGGAGTATGTGGTTTAATTCGACGCAACGCGAAGAACCTTACCAGGACTTGACATCCCAGGAATCCGGCGTAATGGCTGGAGTGCCCTTCGGGGA","AGGATTAGATACCCTTGGTAGTCCACGCTGTAAACGATGATTACTAGGTGTGGGGGACTGACTCCTTCCGTGCCGCAGTTAACACAATAAGTAATCCACCTGGGGAGTACGACCGCAAGGTTGAAACTCAAAGGAATTGACGGGGCCCGCACAAGCAGTGGAGTATGTGGTTTAATTCGAAGCAACGCGAAGAACCTTACCAGGTCTTGACATCGAGTGACGTATGCAGAGATGTATATTTCCCTTCGGG","GATTAGATACCCTTGGTAGTCCACGCTGTAAACGATGTCGATTTGGGGGTTGAGCTTTGAGCTTGGCGCCCGTAGCTAACGTGATAAATCGACCGCCTGGGGAGTACGGCCGCAAGGTTAAAACTCAAATGAATTGACGGGGCCCGCACAAGCGGTGGAGCATGTGGTTTAATTCGATGCAACGCGAAGAACCTTACCTACTCTTGACATCCAGAGAACATTCCAGAGATGGATTGGTGCCTTCGGGAAC","GATTAGATACCCTGGGTAGTCCACGCCGTAAACGATGACTACTAGGTGTCGGGGAGCAAAGCTCTTCGGTGCCGCAGCAAACGCAATAAGTAGTCCACCTGGGGAGTACGTTCGCAAGAATGAAACTCAAAGGAATTGACGGGGACCCGCACAAGCGGTGGAGCATGTGGTTTAATTCGAAGCAACGCGAAGAACCTTACCTGCTCTTGACATCCCGGTGACCGGCGTGTAATGACGCCTTTTCTTCGGA","AGGATTAGATACCCTGGGTAGTCCACGCTGTAAACGATGAATACTAGGTGTAGGGGGTATCAACTCCCTCTGTGCCGCAGCAAACGCAATAAGTATTCCGCCTGGGGAGTACGGCCGCAAGGTTGAAACTCAAAGGAATTGACGGGGCCCGCACAAGCAGCGGAGCATGTGGTTTAATTCGACGCAACGCGAAGAACCTTACCAAGGCTTGACATCTACTTAAAGTCATGGAAACATGATGTCTCTTCGG","AGGATTAGATACCCTGGGTAGTCCACGCCGTAAACGATGATTACTAGGTGTTGGTGAGTATGGACTCATCGGTGCCGCAGCAAACGCAATAAGTAATCCACCTGGGGAGTACGTTCGCAAGAATGAAACTCAAAGGAATTGACGGGGACCCGCACAAGCGGTGGAGCATGTGGTTTAATTCGAAGCAACGCGAAGAACCTTACCAAGTCTTGACATCCCATTGACGCACACGTAACGGTGTGTTCTCTTC","AGGATTAGATACCCTTGGTAGTCCACGCCGTAAACGATGGATACTAGGTGTGGGAGGTATTGACCCCTTCCGTGCCGCAGTTAACACATTAAGTATCCCACCTGGGGAGTACGACCGCAAGGTTGAAACTCAAAGGAATTGACGGGGCCCGCACAAGCAGTGGAGTATGTGGTTTAATTCGAAGCAACGCGAAGAACCTTACCTGGTCTTGACATCCCGATGACCGGTCTAGAGATAGACTTTTCTCTTC","GATTAGATACCCTTGGTAGTCCATGCTGTAAACGATGAATGCTAGTTGTCGGCGTAAGTCGGTGACGGAGTTAACGCGATAAGCATTCCGCCTGGGGAGTACGGTCGCAAGATTAAAACTCAAAGGAATTGACGGGGACCCGCACAAGCGGTGGAGCATGTGGTTTAATTCGATGCAACGCGAAAAACCTTACCAACACTTGACATCCTTATCGGGGAGCACAGAGATGAGCTCTTTCAGTTAGGCTGGA","GATTAGATACCCTTGGTAGTCCACGCCGTAAACGATGAATACTAGGTGTTGGGGAGCATAAGCTCTTCGGTGCCGGCGCAAACGCATTAAGTATTCCACCTGGGGAGTACGTTCGCAAGAATGAAACTCAAAGGAATTGACGGGGACCCGCACAAGCGGTGGAGCATGTGGTTTAATTCGACGCAACGCGAAGAACCTTACCAAGTCTTGACATCCCGGTGACCGGTCAGTAACGTGGCCTTTTCTTCGG","GATTAGATACCCTTGGTAGTCCACGCCGTAAACGATGACTGCTAGGTGTCGGGTAGCAAAGCTATTCGGTGCCGCAGCTAACGCAATAAGCAGTCCACCTGGGGAGTACGTTCGCAAGAATGAAACTCAAAGGAATTGACGGGGACCCGCACAAGCGGTGGAGCATGTGGTTTAATTCGAAGCAACGCGAAGAACCTTACCTGATCTTGACATCCCGATGACCGCTTCGTAATGGAAGTTTTTCTTCGGA","GATTAGATACCCTTGGTAGTCCACGCGGTAAACGATGAATACTAGGTGTTGGGTGTCACAGACATTCGGTGCCGCAGCAAACGCAATAAGTATTCCACCTGGGGAGTACGTTCGCAAGAATGAAACTCAAAGGAATTGACGGGGACCCGCACAAGCGGTGGAGCATGTGGTTTAATTCGAAGCAACGCGAAGAACCTTACCAAGTCTTGACATCTCCCTGACAGAGTATGTAATGTACTTTCCCTTCGGG","GATTAGATACCCTGGGTAGTCCATGCTGTAAACGATGAATGCTAGTTGTCGGCGTAAGTCGGTGACGAAGTTAACGCGATAAGCATTCCGCCTGGGGAGTACGGTCGCAAGATTAAAACTCAAAGGAATTGACGGGACCCGCACAAGCGGTGGAGCATGTGGTTTAATTCGATGCAACGCGAAAAACCTTACCAACACTTGACATCCTTATCGGGGAGCACAGAGATGAGTTCTTTCAGTTAGGCTGGAT","GATTAGATACCCTTGGTAGTCCGCGCGGTAAACGATGGATGCCCGCTGTTCGCCTGTTAGGTGAGCGGCCAAGCGAAAGCGTTAAGCATCCCACCTGGGGAGTACGCCGGCAACGGTGAAACTCAAAGGAATTGACGGGGCCCGCACAAGCGGAGGAACATGTGGTTTAATTCGATGATACGCGAGGAACCTTACCCGGGCTTGAATTGCAGAAGACGGATCCAGAGATGGTGACTCCCTTCGGGGCTTC","GGATTAGATACCCTGGGTAGTCCACGCCGTAAACGATGAATACTAGGTGTTGGTGAGCAAAGCTCATCGGTGCCGCCGCAAACGCAATAAGTATTCCACCTGGGGAGTACGTTCGCAAGAATGAAACTCAAAGGAATTGACGGGGACCCGCACAAGCGGTGGAGCATGTGGTTTAATTCGAAGCAACGCGAAGAACCTTACCAAATCTTGACATCCCTCTGAAACACTTTTAATCGAGTGCCTCCTTCGG","GGATTAGATACCCTGGGTAGTCCACGCCGTAAACGATGAATACTAGGTGTTGGGGAGCAAAGCTCTTCGGTGCCGCCGCAAACGCATTAAGTATTCCACCTGGGGAGTACGTTCGCAAGAATGAAACTCAAAGGAATTGACGGGACCCGCACAAGCGGTGGAGCATGTGGTTTAATTCGAAGCAACGCGAAGAACCTTACCAAGTCTTGACATCCCTCTGACCGATCCGTAACGGGATCTTTCCTTCGGG","GGATTAGATACCCTTGGTAGTCCACGCCCTAAACGATGGATACTGGACGAAGCGGATATAAAGTCTGCTGTGTCGAAGCAAACGCGATAAGTATCCCGCCTGAGGAGTACGGCCGCAAGGTTGAAACTCAAAGAAATTGACGGGGACCCGCACAAGCAGCGGAGCATGTGGATTAATTCGAAGCAACGCGAAGAACCTTACCAAGACTTGACATCGTACGACAGACTGTGAAAGCAGTTTTTCCTTCGGG","GGATTAGATACCCTTGGTAGTCCACGCCGTAAACGATGAATACTAGGTGTCGGGGAGCACAGCTCTTCGGTGCCGCCGCAAACGCAATAAGTATTCCACCTGGGGAGTACGTTCGCAAGAATGAAACTCAAAGGAATTGACGGGGACCCGCACAAGCGGTGGAGCATGTGGTTTAATTCGAAGCAACGCGAAGAACCTTACCAAATCTTGACATCCCGATGACCGTTCCGTAATGGGAACTTCCCTTCGG","GGATTAGATACCCTTGGTAGTCCACGCCGTAAACGATGATTACTAGGTGTGGGGGACTGACCCCTTCCGTGCCGCAGTTAACACAATAAGTAATCCACCTGGGGAGTACGGCCGCAAGGTTGAAACTCAAAGGAATTGACGGGGCCCGCACAAGCAGTGGAGTATGTGGTTTAATTCGAAGCAACGCGAAGAACCTTACCAGGTCTTGACATCGAGTGACGTACCTAGAGATAGGTATTTTCTTCGGAAC","GGATTAGATACCCTTGGTAGTCCACACAGTAAACGATGAATACTCGCTGTTTGCGATATACAGCAAGCGGCCAAGCGAAAGCATTAAGTATTCCACCTGGGGAGTACGCCGGCAACGGTGAAACTCAAAGGAATTGACGGGGGCCCGCACAAGCGGAGGAACATGTGGTTTAATTCGATGATACGCGAGGAACCTTACCCGGGCTTAAATTGCATTTGAATGTTGGGGAAACCCAACAGCCGTAAGGCAA","GGATTAGATACCCTTGGTAGTCCACGCCGTAAACGATGCTCACTGGATCTTGGCGATACACTGCCAGGGTTCAAGCGAAAGTATTAAGTGAGCCACCTGGGGAGTACGTCGGCAACGATGAAACTCAAAGGAATTGACGGGGGCCCGCACAAGCGGAGGAACATGTGGTTTAATTCGATGATACGCGAGGAACCTTACCCGGGTTTAAATGTGGAGTGCATGAGCTGGAAACAGTTCTTTCCCTCGGGAC","GGATTAGATACCCTTGGTAGTCCACGCTGTAAACGATGGATACTAGGTGTGGGGGGACTGACCCCTTCCGTGCCGCAGTTAACACAGTAAGTATCCCACCTGGGGAGTACGATCGCAAGGTTGAAACTCAAAGGAATTGACGGGGCCCGCACAAGCGGTGGAGTATGTGGTTTAATTCGAAGCAACGCGAAGAACCTTACCAGGGCTTGACATCCCGGCGACCGGTGTAGAGATACACTTTCTTCTTCGG","AGGATTAGATACCCTTGGTAGTCCACGCCGTAAACGATGAATACTAGGTGTTGGGGGACAAAGTCCTTCGGTGCCGTCGCAAACGCAATAAGTATTCCACCTGGGGAGTACGTTCGCAAGAATGAAACTCAAAGGAATTGACGGGACCCGCACAAGCGGTGGAGCATGTGGTTTAATTCGAAGCAACGCGAAGAACCTTACCAAGTCTTGACATCCCTCTGACCGGCGAGTAACGTCGCCTTTCCTTCGG","GATTAGATACCCTGGGTAGTCCACGCGGTAAACGATGAATGCTAGGTGTCGGGTGACGAAGTCATTCGGTGCCGCCGCAAACGCATTAAGCATTCCACCTGGGGAGTACGTTCGCAAGAATGAAACTCAAAGGAATTGACGGGACCCGCACAAGCGGTGGAGCATGTGGTTTAATTCGAAGCAACGCGAAGAACCTTACCAAGTCTTGACATCCCTCTGACCGACTCTTAACCGAGTCTTTCCTTCGGGA","AGGATTAGATACCCTTGGTAGTCCACGCTGTAAACGTTGGGCACTAGGTGTGGGGGCCACCCGTGGTTTCTGCGCCGTAGCTAACGCTTTAAGTGCCCCGCCTGGGGAGTACGGCCGCAAGGCTAAAACTCAAAGGAATTGACGGGGCCCGCACAAGCGGCGGAGCATGCGGATTAATTCGATGCAACGCGAAGAACCTTACCAAGGCTTGACATGCACGGCGACACTGCAGAGATGTGGTGGCATTTAG","AGGATTAGATACCCTTGGTAGTCCACGCCGTAAACGATGAATGCTAGGTGTAGGAGGTATCGACCCCTCCTGTGCCGGAGTTAACGCAATAAGCATTCCGCCTGGGGAGTACGGCCGCAAGGCTGAAACTCAAAGGAATTGACGGGGCCCGCACAAGCGGTGGAGTATGTGGTTTAATTCGACGCAACGCGAAGAACCTTACCAGGGCTTGACATTGAGTGAAAGGGCTAGAGATAGTCCCCTCTCTTCG","AGGATTAGATACCCTGGGTAGTCCACGCTGTAAACGATGATTACTAGGTGTGGGGAGGCTGACCCTTTTCCGTGCCGCAGTTAACACAATAAGTAATCCACCTGGGGAGTACGGCCGCAAGGTTGAAACTCAAAGGAATTGACGGGGCCCGCACAAGCAGTGGAGTATGTGGTTTAATTCGAAGCAACGCGAAGAACCTTACCAGGTCTTGACATCCTAAGAATCCTTAAGAGATTAGGGAGTGCCTTCG","GATTAGATACCCTGGGTAGTCCACGCGGTAAACGATGAATACTAGATGTCGGGAAGCATTGCTTCTCGGTGTCGTCGCAAACGCAATAAGTATTCCACCTGGGGAGTACGTTCGCAAGAATGAAACTCAAAGGAATTGACGGGGACCCGCACAAGCGGTGGAGCATGTGGTTTAATTCGAAGCAACGCGAAGAACCTTACCTGCTCTTGACATCCCATTCGATAGAGGGTAATGCCTCTAGCCCTTCGGG","GATTAGATACCCTGGGTAGTCCACGCCGTAAACGATGAATACTAGGTGTTGGGGGACAAAGTCCTTCGGTGCCGCCGCAAACGCATTAAGTATTCCACCTGGGGAGTACGTTCGCAAGAATGAAACTCAAAGGAATTGACGGGGACCCGCACAAGCGGTGGAGCATGTGGTTTAATTCGAAGCAACGCGAAGAACCTTACCAAGTCTTGACATCGATTCGACGGGACTGTAATGAGTTCTTTCCCTTCGG","GATTAGATACCCTGGGTAGTCCACGCCGTAAACGATGAATACTAGGTGTTGGTGAGCAAAGCTCATCGGTGCCGCCGCAAACGCAATAAGTATTCCACCTGGGGAGTACGTTCGCAAGAATGAAACTCAAAGGAATTGACGGGGACCCGCACAAGCGGTGGAGCATGTGGTTTAATTCGAAGCAACGCGAAGAACCTTACCAAATCTTGACATCCCTCTGAAACACTCTTAATCGAGTGCCTCCTTCGGG","GATTAGATACCCTTGGTAGTCCACGCGGTAAACGATGAATACTAGGTGTTGGGGGACAAAGTCCTTCGGTGCCGCCGCAAACGCATTAAGTATTCCACCTGGGGAGTACGTTCGCAAGAATGAAACTCAAAGGAATTGACGGGACCCGCACAAGCGGTGGAGCATGTGGTTTAATTCGAAGCAACGCGAAGAACCTTACCAAGTCTTGACATCGATCTGAATGGAAAGTAATGTTTCCAGTCTCTTCGGA","GATTAGATACCCTGGGTAGTCCACACCGTAAACGATGGATACTAGGTGTAGGGTGTGATAAACATTCTGTGCCGTCGCAAACGCAGTAAGTATCCCACCTGGGGAGTACGGCCGCAAGGTTGAAACTCAAAGGAATTGACGGGGGCCCGCACAAGCAGTGGAGTATGTGGTTTAATTCGACGCAACGCGAAGAACCTTACCAGGGCTTGACATATACATGAAAGTCTAAGAGATTAGACCCCTCTTCGGA","GATTAGATACCCTGGGTAGTCCACGCCGTAAACGATGAATACTAGGTGTCGGGGGTTTATGAACCTTCGGTGCCGCAGCAAACGCAATAAGTATTCCACCTGGGGAGTACGTTCGCAAGAATGAAACTCAAAGGAATTGACGGGACCCGCACAAGCGGTGGAGCATGTGGTTTAATTCGAAGCAACGCGAAGAACCTTACCAAGTCTTGACATCCCATTGACCGGGACTTAATCGTCCCTTCTCTTCGGA","GATTAGATACCCTTGGTAGTCCACGCCGTAAACGATGATAACTCGTTGCAGGCGATACACAGTCTGTGACTTAGCGAAAGCGTTAAGTTATCCACCTGGGGAGTACGTTCGCAAGAATGAAACTCAAAGGAATTGACGGGGCCCGCACAAGCGGAGGAACATGTGGTTTAATTCGATGATACGCGAGGAACCTTACCCGGGCTTGAAAGTTAGCGACGGATCCTGAAAGGGGTCTTCTCTTCGGAGCGCG","GATTAGATACCCTTGGTAGTCCACGCCGTAAACGATGGATACTAGGTGTGGGAGGTATTGACCCCTTCCGTGCCGCAGTTAACACAATAAGTATCCCACCTGGGGAGTACGGCCGCAAGGTTGAAACTCAAAGGAATTGACGGGGCCCGCACAAGCAGTGGAGTATGTGGTTTAATTCGAAGCAACGCGAAGAACCTTACCAGGCCTTGACATCCCGATGACCGGTCTAGAGATAGACCTTCTCTTCGGA","GATTAGATACCCTTGGTAGTCCACGCTGTAAACGATGGATACTAGGTGTGGGGGGTCTGACCCCCTCCGTGCCGCAGTTAACACAATAAGTATCCCACCTGGGGAGTACGATCGCAAGGTTGAAACTCAAAGGAATTGACGGGGCCCGCACAAGCGGTGGAGTATGTGGTTTAATTCGAAGCAACGCGAAGAACCTTACCAGGGCTTGACATCCCGAGGCCCGGCCTAGAGATAGGCCTTTCTCTTCGGA","GATTAGATACCCTTGGTAGTCCGCACGGTAAACGATGGATGCCCGCTATTCGCCCACCTGGGCGAGTGGCCAAGCGAAAGCGTTAAGCATCCCACCTGGGGAGTACGCCGGCAACGGTGAAACTCAAAGGAATTGACGGGGCCCGCACAAGCGGAGGAACATGTGGTTTAATTCGATGATACGCGAGGAACCTTACCCGGGCTTGAATTGCAGATGACGGATCCAGAGATGGTGACTTCCTTCGGGACAT","GATTAGATACCCTGGGTAGTCCACGCAGTAAACGATGATGGCTAACTGTCGGGCCTACGGGTTCGGCGGCCAAGCGAAAGCGATAAGCCATCCACCTGGGGAGTACGACCGCAAGGTTGAAACTCAAAGGAATTGACGGGGCCCGCACAAGCGGAGGAACATGTGGTTTAATTCGATGATACGCGAGGAACCTTACCCAGGCTCGAACGGCATCTGAATTGTCCAGAGATGGACAAGTCTTCGGACAGAT","GATTAGATACCCTTGGTAGTCCGCACGGTAAACGATGGATGCCCGCTGTTGGTCTGAATAGGTCAGCGGCCAAGCGAAAGCATTAAGCATCCCACCTGGGGAGTACGCCGGCAACGGTGAAACTCAAAGGAATTGACGGGGGCCCGCACAAGCGGAGGAACATGTGGTTTAATTCGATGATACGCGAGGAACCTTACCCAGGCTCGAACGGCATCTGAATTGTCCAGAGATGGACAAGTCTTCGGACAGA","AGGATTAGATACCCTTGGTAGTCCACGCCGTAAACGATGAATACTAGGTGTAGGGGTTGTCATGACCTCTGTGCCGCCGCTAACGCATTAAGTATTCCGCCTGGGGAGTACGGTCGCAAGATTAAAACTCAAAGGAATTGACGGGGGCCCGCACAAGCAGCGGAGCATGTGGTTTAATTCGAAGCAACGCGAAGAACCTTACCTAGACTTGACATCTCCTGCATTACCCTTAATCGGGGAAGTTCCTTCG","GATTAGATACCCTGGGTAGTCCACGCCGTAAACGATGAATACTAGGTGTTGGGAAGCATTGCTTCTCGGTGCCGTCGCAAACGCAGTAAGTATTCCACCTGGGGAGTACGTTCGCAAGAATGAAACTCAAAGGAATTGACGGGGACCCGCACAAGCAGTGGAGTATGTGGTTTAATTCGACGCAACGCGAAGAACCTTACCAAGTCTTGACATCCTGCGACGGATATAGAAATATGTCTTTCCTTCGGGA","GGATTAGATACCCTTGGTAGTCCACGCCGTAAACGATGACTACTAGGTGTCGGTGTGCAAAGCACATCGGTGCCGCAGCAAACGCAATAAGTAGTCCACCTGGGGAGTACGTTCGCAAGAATGAAACTCAAAGGAATTGACGGGGACCCGCACAAGCGGTGGAGCATGTGGTTTAATTCGAAGCAACGCGAAGAACCTTACCTGGTCTTGACATCCGGATGACGGGCGAGTAATGTCGCTGTCCCTTCGG","GATTAGATACCCTGGGTAGTCCACGCCGTAAACGATGAATACTAGGTGTAGGGGCCCCAAGCCTCTGTGCCGCCGCTAACGCATTAAGTATTCCGCCTGGGGAGTACGGTCGCAAGATTAAAACTCAAAGGAATTGACGGGACCCGCACAAGCAGCGGAGCATGTGGTTTAATTCGAAGCAACGCGAAGAACCTTACCTAGACTTGACATGTCCTGAATTACCAGTAATGTGGGAAATTCCTTCGGGAAC","GGATTAGATACCCTTGGTAGTCCACGCGGTAAACGATGAATGCTAGGTGTTGGGGAGCGAAGCTCTTCGGTGCCGCCGCAAACGCATTAAGCATTCCACCTGGGGAGTACGTTCGCAAGAATGAAACTCAAAGGAATTGACGGGGACCCGCACAAGCGGTGGAGCATGTGGTTTAATTCGAAGCAACGCGAAGAACCTTACCAAGTCTTGACATCCCCTTGAAAAACCAGTAATGTGGTTCCCTCTTCGG","GGATTAGATACCCTTGGTAGTCCACGCCCTAAACGATGTTAACTAGTTGTTGGGAAGTAAAATTCTCAGTAACGCAGCCAACGCGAGAAGTTAACCGCCTGGGAAGTACGGTCGCAAGACTAAAACTCAAAGGAATTGACGGGGACCCGCACAAGCGGTGGATGATGTGGATTAATTCGATGCAACGCGAAAAACCTTACCTACCCTTGACATGTCAGGAAGCTCTTGTAATGAGAGCGTGCCCGCAAGG","GGATTAGATACCCTTGGTAGTCCACGCCGTAAACGATGAGCACTAGGTGTCGGGATCGTAGGATTTCGGTGCCGCAGTTAACGCATTAAGTGCTCCGCCTGGGGAGTACGCACGCAAGTGTGAAACTCAAAGGAATTGACGGGGACCCGCACAAGCAGCGGAGCATGTGGTTTAATTCGAAGCAACGCGAAGAACCTTACCAGGACTTGACATCCCTCTGACAGAGCCTTAACCGGCTCCTTCTTCGGAC","GGATTAGATACCCTGGGTAGTCCACGCAGTAAACGATGGGTACCATCTTTTTGTCCGCAAGGATGAGAGGATAATCGAAAGAGGTAAGTACCCCACCTGGGGAGTACGTGCGCAAGCATGAAACTCAAAGGAATTGACGGGGCCCGCACAAGCGGTGGAGCATGTGGTTTAATTCGATGCTACGCGAGGAACCTTACCGGGGTTTAAATGGGACCTGAATAATTTGGAAACAGATTAGCCGCAAGGCAGG","GGATTAGATACCCTGGGTAGTCCACGCCGTAAACGATGAATACTAGGTGTCGGGGCACATAAGTGCTTCGGTGCCGCAGCAAACGCATTAAGTATTCCACCTGGGGAGTACGTTCGCAAGAATGAAACTCAAAGGAATTGACGGGGACCCGCACAAGCGGTGGAGCATGTGGTTTAATTCGAAGCAACGCGAAGAACCTTACCAGTCCTTGACATCCAACTGACCGACCAGTAACGTGGTCTTCTCTTCG","GGATTAGATACCCTGGGTAGTCCACACCGTAAACGATGGATACTAGGTGTAGGGAATAATAAATTCTCTGTGCCGTCGCAAACGCAATAAGTATCCCACCTGGGGAGTACGGCCGCAAGGTTGAAACTCAAAGGAATTGACGGGGCCCGCACAAGCAGTGGAGTATGTGGTTTAATTCGACGCAACGCGAAGAACCTTACCAGGGCTTGACATATACAGGAATAAGCTAGAGATAGTTTAGCTCTTCGGA","GGATTAGATACCCTTGGTAGTCCACACTGTAAACGATGAATGCTAGGTGTAGGGGGTATCGACCCCTTCTGTGCCGGAGTAAACACAATAAGCATTCCGCCTGGGGAGTACGGCCGCAAGGTTGAAACTCAAAGGAATTGACGGGGCCCGCACAAGCAGCGGAGCATGTGGTTTAATTCGAAGCAACGCGAAGAACCTTACCAGGTCTTGACATCCAGTAAAAGCCTAAGAGATTAGGTGTCCCTTCGGG","GGATTAGATACCCTGGGTAGTCCACGCCGTAAACGATGAATACTAGGTGTAGGGGTTGTCATGACCTCTGTGCCGCCGCTAACGCATTAAGTATTCCGCCTGGGGAGTACGGTCGCAAGATTAAAACTCAAAGGAATTGACGGGGCCCGCACAAGCAGCGGAGCATGTGGTTTAATTCGAAGCAACGCGAAGAACCTTACCTAGACTTGACATCTCCTGAATTACCCGTAACTGGGGAAGTCGCTTCGGC","GGATTAGATACCCTTGGTAGTCCATGCCGTAAACGATGAGTGCTAAGTGTTGGGAGGTTTCCGCCTCTCAGTGCTGCAGCTAACGCATTAAGCACTCCGCCTGGGGAGTACGACCGCAAGGTTGAAACTCAAAGGAATTGACGGGGGCCCGCACAAGCGGTGGAGCATGTGGTTTAATTCGAAGCAACGCGAAGAACCTTACCAGGTCTTGACATCCAGTGCAAACCTAAGAGATTAGGTGTTCCCTTCG","GGATTAGATACCCTGGGTAGTCCACGCCGTAAACGATGATAACTCGTTGCAGGCGATACACAGTCTGTGACTTAGCGAAAGCGTTAAGTTATCCACCTGGGGAGTACGTTCGCAAGAATGAAACTCAAAGGAATTGACGGGGCCCGCACAAGCGGAGGAACATGTGGTTTAATTCGATGATACGCGAGGAACCTTACCCGGGCTTGAAAGTTAGCGACGGATCCTGAAAGGGGTCTTCTCTTCGGAGCGC","GGATTAGATACCCTGGGTAGTCCACGCCGTAAACGATGAGTACTAGCTGTCGGAGGTTACCCCCTTCGGTGGCGCAGCTAACGCATTAAGTACTCCGCCTGGGGAGTACGCTCGCAAGAGTGAAACTCAAAGGAATTGACGGGGACCCGCACAAGTAGCGGAGCATGTGGTTTAATTCGAAGCAACGCGAAGAACCTTACCTAAGCTTGACATCCTTTTGACCGATGCCTAATCGCATCTTTCCCTTCGG","AGGATTAGATACCCTGGGTAGTCCACGCCGTAAACGATGAATACTAGGTGTCGGGAGGCATTGCCTTTCGGTGCCGGCGCAAACGCATTAAGTATTCCACCTGGGGAGTACGTTCGCAAGAATGAAACTCAAAGGAATTGACGGGACCCGCACAAGCGGTGGAGCATGTGGTTTAATTCGAAGCAACGCGAAGAACCTTACCAAGTCTTGACATCCTTCTGACCGGACAGTAATGTGTCCTTTCCTTCGG","AGGATTAGATACCCTTGGGTAGTCCCAGCCGTAAACGATGGACGCTAGGTGTGGGGGGACGATCCCCCCGTGCCGCAGCCAACGCATTAAGCGTCCCGCCTGGGGAGTACGGCCGCAAGGCTAAAACTCAAAGGAATTGACGGGGCCCGCACAAGCAGCGGAGCATGTGGCTTAATTCGAAGCAACGCGAAGAACCTTACCAGGGCTTGACATATGGGTGAAGCGGGGGAGACCCCGTGGCCGAGAGGAG","AGGATTAGATACCCTTGGTAGTCCATGCTGTAAACGATGAATGCTAGTTGTCGGCGTAAGTCGGTGACGGAGTTAACGCGATAAGCATTCCGCCTGGGGAGTACGGTCGCAAGATTAAAACTCAAAGGAATTGACGGGACCCGCACAAGCGGTGGAGCATGTGGTTTAATTCGATGCAACGCGAAAACCTTACCAACACTTGACATCCTTATCGGGGAGCACAGAGATGAGCTCTTTCAGTTAGGCTGGA","AGGATTAGATACCCTTGGTAGTCCATGCCGTAAACGATGAATACTAGGTGTAGAGGGTATCGACCCCCTCTGTGCCGCAGTTAACACAATAAGTATTCCACCTGGGGAGTACGGTCGCAAGATTGAAACTCAAAGAAATTGACGGGGGCCCGCACAAGCAGTGGAGTATGTGGTTTAATTCGAAGCAACGCGAAGAACCTTACCAGGGCTTGACATCCCGCTAACGAAGCAGAAATGCATTAGGTGCCTT","GATTAGATACCCTGGGTAGTCCACGCCGTAAACGATGAATACTAGGTGTCGGGTGGCAGAGCCATTCGGTGCCGTCGCAAACGCAGTAAGTATTCCACCTGGGGAGTACGTTCGCAAGAATGAAACTCAAAGGAATTGACGGGGACCCGCACAAGCGGTGGAGCATGTGGTTTAATTCGAAGCAACGCGAAGAACCTTACCAAGTCTTGACATCCCTCTGACCGGAACTTAATCGTTCCTTTCCTTCGGG","AGGATTAGATACCCTTGGTAGTCCACGCAGTAAACGATGACTACTAGCTTTCCGGGGCGACTGGGCCCTGGGAGGCACAGCGAAAGCGTTAAGTAGTCCACCTGGGGAGTACGCCGGCAACGGTGAAACTCAAAGGAATTGACGGGGCCCGCACAAGCGGAGGAACATGTGGTTTAATTCGATGATACGCGAGGAACCTTACCCGGGCTCAAACGACAGCGGACAGCACCCGAAAGGGTGTCTCCGGCAA","AGGATTAGATACCCTTGGTAGTCCACGCCGTAAACGATGAATGCTAGGTGTAGGGGCAATAGCTTCTGTGCCGGAGTTAACACAATAAGCATTCCACCTGGGGAGTACGGCCGCAAGGTTGAAACTCAAAGGAATTGACGGGAGCCCGCACAAGCAGTGGAGTATGTGGATTAATTCGACGCAACGCGAAGAACCTTACCAAAGCTTGACATCCCGGAAAAAAGCCTATAAAAAGCTAATGCCCTTCGGG","AGGATTAGATACCCTGGGTAGTCCACGCCGTAAACGATGAATACTAGGTGTCGGGGTCCATAAGGACTTCGGTGCCGCAGCAAACGCAATAAGTATTCCACCTGGGAAGTACGTTCGCAAGAATGAAACTCAAAGGAATTGACGGGACCCGCACAAGCGGTGGAGCATGTGGTTTAATTCGAAGCAACGCGAAGAACCTTACCAAGTCTTGACATCCCGGTGACAAACTGTGTAATGCAGTCTTTCTTCG","AGGATTAGATACCCTTGGTAGTCCACGCCGTAAACGATGAATGCTAGGTGTTGGGGAGCAAAGCTCTTCGGTGCCGCCGCAAACGCATTAAGCATTCCACCTGGGGAGTACGTTCGCAAGAATGAAACTCAAAGGAATTGACGGGGACCCGCACAAGCGGTGGAGCATGTGGTTTAATTCGAAGCAACGCGAAGAACCTTACCAAGTCTTGACATCCCCTTGAAAAGCCCGTAACGGGGCTCCCTCTTCG","GATTAGATACCCTGGGTAGTCCACGCTGTAAACGATGGATACTAGGTGTGGGGGACTGACCCCTTCCGTGCCGCAGTTAACACAATAAGTATCCCACCTGGGGAGTACGATCGCAAGGTTGAAACTCAAAGGAATTGACGGGGCCCGCACAAGCGGTGGAGTATGTGGTTTAATTCGAAGCAACGCGAAGAACCTTACCAGGGCTTGACATCCCACGGCTGGAATTAGAGATAGTTCTTTCTCTTCGGAG","GATTAGATACCCTGGGTAGTCCACGCCGTAAACGATGAGTGCTAGGTGTTGGGTCCTTTCCGGGACTCAGTGCCGCAGCTAACGCATTAAGCACTCCGCCTGGGGAGTACGACCGCAAGGTTGAAACTCAAAGGAATTGACGGGGGCCCGCACAAGCGGTGGAGCATGTGGTTTAATTCGAAGCAACGCGAAGAACCTTACCAGGTCTTGACATCCCTCTGACCGCTCTAGAGATAGAGCTTTCCTTCGG","AGGATTAGATACCCTTGGTAGTCCACACCGTAAACGATGGATACTAGGTGTAGGGTGTGAAGAACACTCTGTGCCGTCGCAAACGCAATAAGTATCCCACCTGGGGAGTACGGCCGCAAGGTTGAAACTCAAAGGAATTGACGGGGCCCGCACAAGCAGTGGAGTATGTGGTTTAATTCGACGCAACGCGAAGAACCTTACCAGGGCTTGACATATACAGGAATACTTAAGAGATTAAGTAGCTCTTCGG","GATTAGATACCCTTGGTAGTCCACGCAGTAAACGATGATTACTAGGAGTTTGCGATACACAGTAAGCTCTACAGCGAAAGCGTTAAGTAATCCACCTGGGGAGTACGCCGGCAACGGTGAAACTCAAAGGAATTGACGGGGCCCGCACAAGCGGAGGAACATGTGGTTTAATTCGATGATACGCGAGGAACCTTACCCGGGTTTGAACGTAGTCAGACCGACCTTGAAAGAGGTCTTCTAGCAATAGCTG","AGGATTAGATACCCTGGGTAGTCCACGCAGTAAACGATGATAACTAACCGTTGGCGATAGACAGTCAGTGGCCAAGCGAAAGCGATAAGTTATCCACCTGGGGAGTACGACCGCAAGGTTGAAACTCAAAGGAATTGACGGGGCCCGCACAAGCGGAGGAACATGTGGTTTAATTCGATGATACGCGAGGAACCTTACCCGGGCTCGAACGGTATGTGAACGACTCAGAGATGAGGAGGTCCTTCGGGAC","AGGATTAGATACCCTTGGTAGTCCGCGCGGTAAACGATGGATGCCCGCTATTTGCGCATTAGCGCAAGTGGCCAAGTGAAACGTTAAGCATCCCACCTGGGGAGTACGCCGGCAACGGTGAAACTCAAAGGAATTGACGGGGACCCGCACAAGCGGTGGAGCATGTGGTTTAATTCGAAGCAACGCGAAGAACCTTACCAAGTCTTGACATCCTTCTGACCGGTACTTAACCGTACCTTCTCTTCGGAGC","AGGATTAGATACCCTGGGTAGTCCACACCGTAAACGATGATTACTAGGTGTTGGGAGATTGACCCTCTCAGTGCCGCAGTTAACACAATAAGTAATCCACCTGGGGAGTACGACCGCAAGGTTGAAACTCAAAGGAATTGACGGGGCCCGCACAAGCAGTGGAGTATGTGGTTTAATTCGACGCAACGCGAAGAACCTTACCAAGTCTTGACATCCCTTGACGATGCTGGAAACAGTATTTCTCTTCGGA","GATTAGATACCCTGGGTAGTCCGCGCGGTAAACGATGGATGCCCGCTGTTTGCCGATTAAGGTAAGCGGCCAAGCGAAAGCGTTAAGCATCCCACCTGGGGAGTACGCCGGCAACGGTGAAACTCAAAGGAATTGACGGGGCCCGCACAAGCGGAGGAACATGTGGTTTAATTCGATGATACGCGAGGAACCTTACCCGGGCTTGAATTGCAGCGGAAGGAAACAGAGATGTTGACGCCCTTCGGGGCCG","GATTAGATACCCTTGGTAGTCCGCGCGGTAAACGATGGATGCCCGCTATTTGCGCATTAGCGCAAGTGGCCAAGTGAAAACGTTAAGCATCCCACCTGGGGAGTACGCCGGCAACGGTGAAACTCAAAGGAATTGACGGGGGCCCGCACAAGCGGAGGAACATGTGGTTTAATTCGATGATACGCGAGGAACCTTACCCGGGCTTGAATTGCAGAGGAAGGATTTGGAGACAATGACGCCCTTCGGGGTC","GATTAGATACCCTTGGTAGTCCACGCCGTAAACGATGAGTACTAGCTGTCGGAGGTTACCCCCTTCGGTGGCGCAGCTAACGCATTAAGTACTCCGCCTGGGGAGTACGCTCGCAAGAGTGAAACTCAAAGGAATTGACGGGACCCGCACAAGTAGCGGAGCATGTGGTTTAATTCGAAGCAACGCGAAGAACCTTACCTAAGCTTGACATCCTTTTGACCGATGCCTAATCGCATCTTTCCCTTCGGGG","GATTAGATACCCTGGGTAGTCCGCACGGTAAACGATGGATGCTCGCTGTGTGCCCTTGGGTACGCGGCCAAGCGAAAGCGTTAAGCATCCCACCTGGGGAGTACGCCGGCAACGGTGAAACTCAAAGGAATTGACGGGGCCCGCACAAGCGGAGGAACATGTGGTTTAATTCGATGATACGCGAGGAACCTTACCCGGGCTTGAATTGCAGGAGAACGATACAGAGATGTTGAGGTCCTTCGGGACTCCT","GATTAGATACCCTTGGTAGTCCACACAGTAAACGATGAATACTCGCGGTTGGTTCGTTAGAATCAGCCGCCAAGCGAAAGCGTTAAGTATTCCACCTGGGGAGTACGCCGGCAACGGTGAAACTCAAAGGAATTGACGGGGCCCGCACAAGCGGAGGAACATGTGGTTTAATTCGATGATACGCGAGGAACCTTACCCGGGCTTGAACTGCCAGTGACTCATGCAGAGACGCATGTTTCTTCGGACACTG","GATTAGATACCCTTGGTAGTCCACGCAGTAAACGATGATGGCTAACTGTCGGGCCTGTGGGTTCGGCGGCCAAGCGAAAGCGATAAGCCATCCACCTGGGGAGTACGACCGCAAGGTTGAAACTCAAAGGAATTGACGGGGGCCCGCACAAGCGGAGGAACATGTGGTTTAATTCGATGATACGCGAGGAACCTTACCCAGGCTCGAACGGCACCTGAATCATCCAGAGATGGATGAGTCTTCGGACAGG","GATTAGATACCCTTGGTATTCCACGCCGTAAACGATGATGGCTAACCGCCGGCGACAGACTGTCGGTGGCCAAGCGAAAGCGATAAGCCATCCACCTGGGGAGTACGTCGGCAACGATGAAACTCAAAGGAATTGACGGGGGCCCGCACAAGCGGAGGAACATGTGGTTTAATTCGATGATACGCGAGGAACCTTACCCGGGCTCGAACGGCACCTGAATCACCCAGAGATGAGTGAGTCTTCGGACAGG","AGGATTAGATACCCTTGGTAGTCCACGCCGTAAACGATGAGTGCTAGGTGTTGGATCCTTTCCGGGATTCAGTGCCGAAGCTAACGCATTAAGCACTCCGCCTGGGGAGTACGACCGCAAGGTTGAAACTCAAAGGAATTGACGGGGGCCCGCACAAGCGGTGGAGCATGTGGTTTAATTCGAAGCAACGCGAAGAACCTTACCAGGTCTTGACATCCCGATGCTATTTCTAGAGATAGAAAGTTACTTC","AGGATTAGATACCCTTGGTAGTCCACGCCGTAAACGATGAATACTAGGTGTCGGGGGACAAAGTCCTTCGGTGCCGCCGCTAACGCAATAAGTATTCCACCTGGGGAGTACGTTCGCAAGAATGAAACTCAAAGGAATTGACGGGACCCGCACAAGCGGTGGAGCATGTGGTTTAATTCGAAGCAACGCGAAGAACCTTACCAAGTCTTGACATCCCATTGAAAACACTTTAACCGGTGTCCCTCTTCGG","AGGATTAGATACCCTTGGTAGTCCACGCCGTAAACGATGAATACTAGGTGTTGGGGAACAATAGTTCTTCGGTGCCGCAGCAAACGCAATAAGTATTCCACCTGGGGAGTACGTTCGCAAGAATGAAACTCAAAGGAATTGACGGGGACCCGCACAAGCGGTGGAGCATGTGGTTTAATTCGAAGCAACGCGAAGAACCTTACCTGCTCTTGACATCCCACTGACCGGTCAGTAATGTGACCTTTTCTTC","GATTAGATACCCTTGGTAGTCCACACTGTAAACGATGAATACTAGGTGTGCGGGGACTGACCCCCTGCGTGCCGCAGTAAACACAATAAGTATTCCACCTGGGGAGTACGATCGCAAGGTTGAAACTCAAAGGAATTGACGGGGGCCCGCACAAGCGGTGGAGCATGTGGTTTAATTCGAAGCAACGCGAAGAACCTTACCAGGTCTTGACATCCCGATGCTATTTCTAGAGATAGAAAGTTACTTCGGT","GATTAGATACCCTTGGTAGTCCACACCGTAAACGATGAGTGCTAGGTGTTTGAGGGTTTCCGCCCTTAAGTGCCGCAGCTAACGCATTAAGCACTCCGCCTGGGGAGTACGACCGCAAGGTTGAAACTCAAAGGAATTGACGGGACCCGCACAAGCGGTGGAGCATGTGGTTTAATTCGAAGCAACGCGAAGAACCTTACCAGGTCTTGACATCCCTTGACAACTCCAGAGATGGAGCGTTCCCTTCGGG","GGATTAGATACCCTTGGTAGTCCACGCCGTAAACGATGAGTGCTAGGTGTCGGAGGGGAACCTTCGGTGCCGCAGCAAACGCAATAAGCACTCCACCTGGGGAGTACGATCGCAAGATTGAAACTCAAAGGAATTGACGGGGCCCGCACAAGCGGTGGAGCATGTGGTTTAATTCGAAGCAACGCGAAGAACCTTACCAAGGCTTGACATCCTCCTGACTAGTGTAGAGATACACTTTCTCTTCGGAGCA","GGATTAGATACCCTTGGTAGTCCACGCTGTAAACGATGGATACTAGGTGTGGGGGACTGACCCCTTCCGTGCCGCAGTTAACACAATAAGTATCCCACCTGGGGAGTACGATCGCAAGGTTGAAACTCAAAGGAATTGACGGGGCCCGCACAAGCGGTGGAGTATGTGGTTTAATTCGAAGCAACGCGAAGAACCTTACCAGGGCTTGACATCCCACGGCTGGAATTAGAGATAGTTCTTTCTCTTCGGA","GGATTAGATACCCTTGGTAGTCCACGCCGTAAACGATGCATACTAGGTGTCGGGGAGCAAAGCTTTCCGGTGCCGCCGCAAACGCAGTAAGTATGCCACCTGGGGAGTACGTTCGCAAGAATGAAACTCAAAGGAATTGACGGGACCCGCACAAGCGGTGGAGCATGTGGTTTAATTCGAAGCAACGCGAAGAACCTTACCAAGTCTTGACATCCCCTTGACGAGCATGTAACGATGCTTTTCCTTCGGG","GGATTAGATACCCTGGGTAGTCCACGCCGTAAACGATGACTACTAGGTGTCGGGTAGCAAAGCTATTCGGTGCCGCAGCAAACGCAATAAGTAGTCCACCTGGGGAGTACGTTCGCAAGAATGAAACTCAAAGGAATTGACGGGGACCCGCACAAGCGGTGGAGCATGTGGTTTAATTCGAAGCAACGCGAAGAACCTTACCTGATCTTGACATCCCGATGACCGCTTCGTAATGGAAGCTTTTCTTCGG","GGATTAGATACCCTTGGTAGTCCACGCCGTAAACGATGAATACTAGGTGTAGGGGGTATAGACTCCCTCTGTGCCGCAGCAAACGCAATAAGTATTCCGCCTGGGGAGTACGGCCGCAAGGTTGAAACTCAAAGGAATTGACGGGGCCCGCACAAGCAGCGGAGCATGTGGTTTAATTCGACGCAACGCGAAAAACCTTACCAAGACTTGACATCCTACTAAGCTCATGGAAACATGAGGTGACTTCGGT","GGATTAGATACCCTTGGTAGTCCACACTGTAAACGATGATAACTAGGTGTGGGGGGTCTGACCCCTTCCGTGCCGCAGCTAACGCAATAAGTTATCCACCTGGGGAGTACGACCGCAAGGTTGAAACTCAAAGGAATTGACGGGACCCGCACAAGCAGTGGATTATGTGGTTTAATTCGAAGCAACGCGAAGAACCTTACCAGCACTTGACATCCGACTAACGAAGTAGAGATACATTAGGTGCCCTTCG","AGGATTAGATACCCTTGGTAGTCCACGCCGTAAACGATGACTACTAGGTGTCGGGTGGCAAAGCCATTCGGTGCCGCAGCAAACGCAATAAGTAGTCCACCTGGGGAGTACGTTCGCAAGAATGAAACTCAAAGGAATTGACGGGGACCCGCACAAGCGGTGGAGCATGTGGTTTAATTCGAAGCAACGCGAAGAACCTTACCTGCTCTTGACATCCCGCTGACCGGACGGTAATGCGTCCTTCCCTTCG","GGATTAGATACCCTTGGTAGTCCACGCCGTAAACGATGAGTGCTAGGTGTCGGGGAGGAATCCTCGGTGCCGCAGCTAACGCAATAAGCACTCCACCTGGGGAGTACGACCGCAAGGTTGAAACTCAAAGGAATTGACGGGGCCCGCACAAGCGGTGGAGCATGTGGTTTAATTCGAAGCAACGCGAAGAACCTTACCAAGGCTTGACATCCCGATGACCGCTCTAGAGATAGAGCTTCTCTTCGGAGCA","GGATTAGATACCCTTGGTAGTCCACGCGGTAAACGATGAATGCTAGGTGTTGGGGAGCAAAGCTCTTCGGTGCCGTCGCAAACGCAATAAGCATTCCACCTGGGGAGTACGTTCGCAAGAATGAAACTCAAAGGAATTGACGGGGACCCGCACAAGCGGTGGAGCATGTGGTTTAATTCGAAGCAACGCGAAGAACCTTACCAAGTCTTGACATCCTTCTGACCGGCGCGTAACGGCGCCTTCTCTTCGG","AGGATTAGATACCCTTGGTAGTCCACGCAGTAAACGATGACTACTAGCTTTCCGGGACGATTGAGTCCTGGGAGGCACAGCGAAAGCGTTAAGTAGTCCACCTGGGGAGTACGCCGGCAACGGTGAAACTCAAAGGAATTGACGGGGCCCGCACAAGCGGAGGAACATGTGGTTTAATTCGATGATACGCGAGGAACCTTACCCGGGCTCAAACGACAGTGGACAGCGCCTGAAAGGGCGTCTCCGGCAA","AGGATTAGATACCCTGGGTAGTCCGCACGGTAAACGATGGATGCTCGCTGTGTGCCCCTGGGTACGCGGCCAAGCGAAAGCGTTAAGCATCCCACCTGGGGAGTACGCCGGCAACGGTGAAACTCAAAGGAATTGACGGGGCCCGCACAAGCGGAGGAACATGTGGTTTAATTCGATGATACGCGAGGAACCTTACCCGGGCTTGAATTGCAGGAGAACGATACAGAGATGTTGAGGTCCTTCGGGACTC","AGGATTAGATACCCTTGGTAGTCCACGCCGTAAACGATGAGCACTAGGTGTCGGGGTCGCAAGACTTCGGTGCCGCAGTTAACGCAATAAGTGCTCCGCCTGGGGAGTACGTTCGCAAGAATGAAACTCAAAGGAATTGACGGGGACCCGCACAAGCAGCGGAGCATGTGGTTTAATTCGAAGCAACGCGAAGAACCTTACCAGGACTTGACATCCCTCTGACAGCCTTTTAATCGAGGTTTTCTACGGA","AGGATTAGATACCCTTGGTAGTCCACGCCGTAAACGGTGGATGCTGGATGTGGGGCCCTTTCCACGGGTCCCGTGTCGGAGCCAACGCGTTAAGCATCCCGCCTGGGGAGTACGACCGCAAGGTTGAAACTCAAAGGAATTGACGGGGCCCGCACAAGCGGTGGAGCATGTGGTTTAATTCGAAGCAACGCGAAGAACCTTACCAGGTCTTGACATCCCGATGCTATTTCTAGAGATAGAAAGTTACTTC","GATTAGATACCCTTGGTAGTCCACGCCGTAAACGATGCATACTAGGTGTCGGGTGGCAAAGCCATTCGGTGCCGCAGCAAACGCAATAAGTATGCCACCTGGGGAGTACGTTCGCAAGAATGAAACTCAAAGGAATTGACGGGGACCCGCACAAGCGGTGGAGCATGTGGTTTAATTCGAAGCAACGCGAAGAACCTTACCTGCTCTTGACATCCCCCTGACCGGCGCGTAATGGTGCCTTTCCTTCGGG","GATTAGATACCCTTGGTAGTCCACGCCCTAAACGATGTCAACTGGTTGTTGGGTCTTAACTGACTCAGTAACGAAGCTAACGCGTGAAGTTGACCGCCTGGGGAGTACGGCCGCAAGGTTGAAACTCAAAGGAATTGACGGGACCCGCACAAGCGGTGGATGATGTGGTTTAATTCGATGCAACGCGAAAAACCTTACCCACCTTTGACATGGCAGGAACTTACCAGAGATGGTTTGGTGCTCGAAAGAG","AGGATTAGATACCCTTGGTAGTCCATGCTGTAAACGATGAATGCTAGTTGTCGGCGTAAGTCGGTGACGAAGTTAACGCGATAAGCATTCCGCCTGGGGAGTACGGTCGCAAGATTAAAACTCAAAGGAATTGACGGGACCCGCACAAGCGGTGGAGCATGTGGTTTAATTCGATGCAACGCGAAAAACCTTACCAACACTTGACATCCTTATCGGGGAGCACAGAGATGAGCTCTTTCAGTTAGGCTGG","GATTAGATACCCTTGGTAGTCCACGCCGTAAACGATGAATACTAGGTGTCGGGGCACAAAAGTGCTTCGGTGCCGCAGCAAACGCATTAAGTATTCCACCTGGGGAGTACGTTCGCAAGAATGAAACTCAAAGGAATTGACGGGGACCCGCACAAGCGGTGGAGCATGTGGTTTAATTCGAAGCAACGCGAAGAACCTTACCAGTCCTTGACATCCCGATGACCGACCTGTAACGAGGTCTTCTCTTCGG","AGGATTAGATACCCTTGGTAGTCCACGCCCTAAACGATGTCTGCCGGTTGTTGGGGATTTATATCTTCAGTAACGAAGCTAACGCGTGAAGCAGACCGCCTGGGGAGTACGGTCGCAAGATTAAAACTCAAAGGAATTGACGGGACCCGCACAAGCGGTGGATGATGTGGATTAATTCGATGCAACGCGAAAAACCTTACCTAGCCTTGACATGTCAGGAATGCTTCGTAAATGAAGCAGTGCCCGCAAG","AGGATTAGATACCCTTGGTAGTCCCAGCCGTAAACGATGGACGCTAGGTGTGGGGGACGATCCCCCCGTGCCGCAGCCAACGCATTAAGCGTCCCGCCTGGGGAGTACGGCCGCAAGGCTAAAACTCAAAGGAATTGACGGGGCCCGCACAAGCAGCGGAGCATGTGGCTTAATTCGAAGCAACGCGAAGAACCTTACCAGGGCTTGACATATGGGTGAAGCGGGGGAGACCCCGTGGCCGAGAGGAGCC","GATTAGATACCCTTGGTAGTCCACGCAGTAAACGATGAATACTCACCGTTTGCGATATAATGTAAGCGGTAAAGCGAAAGCGTTAAGTATTCCACCTGGGGAGTACGCCGGCAACGGTGAAACTCAAAGGAATTGACGGGGCCCGCACAAGCGGAGGAACATGTGGTTTAATTCGATGATACGCGAGGAACCTTACCCGGGCTCAAACGACAGGGGAATATATGGGAAACCATATAGCCAGCAATGGTCG","AGGATTAGATACCCTTGGTAGTCCACGCAGTAAACGATGATGGCTAACTGTCGGGCCTACGGGTTCGGCGGCCAAGCGAAAGCGATAAGCCATCCACCTGGGGAGTACGACCGCAAGGTTGAAACTCAAAGGAATTGACGGGGCCCGCACAAGCGGAGGAACATGTGGTTTAATTCGATGATACGCGAGGAACCTTACCCAGGCTCGAACGGCATCTGAATTGTCCAGAGATGGACAAGTCTTCGGACAG","AGGATTAGATACCCTGGGTAGTCCATGCCGTAAACGATGATTACTAGGTGTGGGGAGACTGACCCTTTCCGTGCCGCAGTTAACACAATAAGTAATCCACCTGGGGAGTACGACCGCAAGGTTGAAACTCAAAGGAATTGACGGGGCCCGCACAAGCAGTGGAGTATGTGGTTTAATTCGAAGCAACGCGAAGAACCTTACCAGGTCTTGACATCCTAGGAACGGACTAGAGATAGACCGGTGCCTTTCG","AGGATTAGATACCCTTGGTAGTCCACACCGTAAACGATGGATACTAGGTGTAGGGAATAATAAATTCTCTGTGCCGCCGCTAACGCAATAAGTATCCCACCTGGGGAGTACGGCCGCAAGGTTGAAACTCAAAGGAATTGACGGGGCCCGCACAAGCAGTGGAGTATGTGGTTTAATTCGACGCAACGCGAAGAACCTTACCAGGGCTTGACATATACAGGAATAACTAAGAGATTAGTTAGCTCTTCGG","GATTAGATACCCTGGGTAGTCCACGCTGTAAACGATGAATACTAGGTGTTGGGTTTCATAAGAAGCTCGGTGCCGGCGCAAACGCATTAAGTATTCCACCTGGGGAGTACGTTCGCAAGAATGAAACTCAAAGGAATTGACGGGGACCCGCACAAGCGGTGGAGCATGTGGTTTAATTCGAAGCAACGCGAAGAACCTTACCAAGTCTTGACATCCCGTTGACCTGTTATGTAATGTAACATCTCTTCGG","GATTAGATACCCTGGGTAGTCCACACTGTAAACGATGATAACTAGGTGTAGGGGGTCTGACCCCTTCTGTGCCGCAGCTAACGCAATAAGTTATCCACCTGGGGAGTACGACCGCAAGGTTGAAACTCAAAGGAATTGACGGGGACCCGCACAAGCAGTGGATTATGTGGTTTAATTCGAAGCAACGCGAAGAACCTTACCAGCACTTGACATCCAACTAACGAAATAGAGATATATAAGGTGCCCTTCG","GATTAGATACCCTGGGTAGTCCACGCCGTAAACGATGAATACTAGGTGTAGGGGTTGTCATGACCTCTGTGCCGCCGCTAACGCACTAAGTATTCCGCCTGGGGAGTACGGTCGCAAGATTAAAACTCAAAGGAATTGACGGGGGCCCGCACAAGCGGAGGAACATGTGGTTTAATTCGATGATACGCGAGGAACCTTACCCGGGCTTGAATTGCAGAGGAAGGATTTGGAGACAATGACGCCCTTCGGG","GATTAGATACCCTGGGTAGTCCACGCCGTAAACGATGACTACTAGGTGTCGGGTGGCAGAGCCATTCGGTGCCGCAGCAAACGCAATAAGTAGTCCACCTGGGGAGTACGTTCGCAAGAATGAAACTCAAAGGAATTGACGGGGACCCGCACAAGCGGTGGAGCATGTGGTTTAATTCGAAGCAACGCGAAGAACCTTACCTGGTCTTGACATCCCCCTGACCGGCGCGTAATGGTGCCTTTCCTTCGGG","GATTAGATACCCTGGGTAGTCCACGCGGTAAACGATGAATGCTAGGTGTCGGGTGACAAAGTCATTCGGTGCCGCCGCAAACGCATTAAGCATTCCACCTGGGGAGTACGTTCGCAAGAATGAAACTCAAAGGAATTGACGGGGACCCGCACAAGCGGTGGAGCATGTGGTTTAATTCGAAGCAACGCGAAGAACCTTACCAAGTCTTGACATCCTTCTGACCGGAACTTAACCGTTCCTTCCCTTCGGG","GATTAGATACCCTGGGTAGTCCACGCCGTAAACGATGAATACTAACTGTTTGCGATATAATGTAAGCGGTACAGCGAAAGCGTTAAGTATTCCACCTGGGGAGTACGCCGGCAACGGTGAAACTCAAAGGAATTGACGGGGCCCGCACAAGCGGAGGAACATGTGGTTTAATTCGATGATACGCGAGGAACCTTACCCGGGCTCAAACGACAGGGGAATAATCCCGAAAAGGATTAGCCAGCAATGGTCG","GATTAGATACCCTTGGTAGTCCACGCCGTAAACGATGATTACTAGGTGTTGGTGGGTACGACCCATCGGTGCCGTAGCAAACGCAATAAGTAATCCACCTGGGGAGTACGTTCGCAAGAATGAAACTCAAAGGAATTGACGGGACCCGCACAAGCGGTGGAGCATGTGGTTTAATTCGAAGCAACGCGAAGAACCTTACCTGGTCTTGACATCCCTATGAATAACGGGCAATGCCGTTAGTACTTCGGTA","GATTAGATACCCTTGGTAGTCCGCACGGTAAACGATGGATGCCCGCTGTTGGTCTGAATAGGTCAGCGGCCAAGCGAAAGCATTAAGCATCCCACCTGGGGAGTACGCCGGCAACGGTGAAACTCAAAGGAATTGACGGGGGCCCGCACAAGCGGTGGAGTATGTGGTTTAATTCGACGCAACGCGAAGAACCTTACCAGGGCTTGACATTGATTGAAACCTCTAGAGATAGAGGCCTCTCTTCGGAGAC","AGGATTAGATACCCTTGGTAGTCCACGCCGTAAACGATGAGTACTAGCTGTCGGAGGTTACCCCCTTCGGTGGCGCAGCTAACGCATTAAGTACTCCGCCTGGGGAGTACGCTCGCAAGAGTGAAACTCAAAGGAATTGACGGGGACCCGCACAAGTAGCGGAGCATGTGGTTTAATTCGAAGCAACGCGAAGAACCTTACCTAAGCTTGACATCCTTTTGACCGATGCCTAATCGCATCTTTCCCTTCG","GATTAGATACCCTGGGTAGTCCACGCAGTAAACGATGGACACTAGCTGTTCGGGCCGAGTGAGGCTTGAGTGGCACAGCGAAAGCGTTAAGTGTCCCACCTGGGGAGTACGCCGGCAACGGTGAAACTCAAAGGAATTGACGGGGGCCCGCACAAGCGGAGGAACATGTGGTTTAATTCGATGATACGCGAGGAACCTTACCCGGGCTCAAACGCACTATGGCGACACGAGAAATCGTGTTTTCCTTAGG","GATTAGATACCCTGGGTAGTCCACACTGTAAACGATGAATGCTAGGTGTAGGAGGTATCGACCCCTTCTGTGCCGGAGTAAACACAATAAGCATTCCGCCTGGGGAGTACGGCCGCAAGGTTGAAACTCAAAGGAATTGACGGGGGCCCGCACAAGCAGCGGAGCATGTGGTTTAATTCGACGCAACGCGAAGAACCTTACCAGGTCTTGACATCCAGTAAAAGCTGTAGAGATACAGTGTGAGCTTGCT","GATTAGATACCCTGGGTAGTCCACGCCGTAAACGATGAATACTAGGTGTCTGGGAGCACAGCTCTTAGGTGCCGCCGCAAACGCATTAAGTATTCCACCTGGGGAGTACGTTCGCAAGAATGAAACTCAAAGGAATTGACGGGGACCCGCACAAGCGGTGGAGCATGTGGTTTAATTCGAAGCAACGCGAAGAACCTTACCAAATCTTGACATCCCTCTGACAGAGTATGTAATGTACTTTTCCTTCGGG","GGATTAGATACCCTGGGTAGTCCATGCCGTAAACGATGAGTGCTAAGTGTTGGGAGGTTTCCGCCTCTCAGTGCTGCAGCTAACGCATTAAGCACTCCGCCTGGGGAGTACGACCGCAAGGTTGAAACTCAAAGGAATTGACGGGGGCCCGCACAAGCGGTGGAGCATGTGGTTTAATTCGAAGCAACGCGAAGAACCTTACCAGGTCTTGACATCCAGTGCAAACCTAAGAGATTAGGTGTTCCCTTCG","GGATTAGATACCCTGGGTAGTCCACGCCGTAAACGATGAATACTAGGTGTCGGGTGGCAGAGCCATTCGGTGCCGTCGCAAACGCAGTAAGTATTCCACCTGGGGAGTACGTTCGCAAGAATGAAACTCAAAGGAATTGACGGGGACCCGCACAAGCGGTGGAGCATGTGGTTTAATTCGAAGCAACGCGAAGAACCTTACCAAATCTTGACATCCCTCTGACCGGTCTTTAATCGGACCTTTCCTTCGG","AGGATTAGATACCCTTGGTAGTCCACGCCGTAAACGATGATTACTAGGTGTCGGGAAGCAAAGCTTCTCGGTGCCGCAGCAAACGCAGTAAGTAATCCACCTGGGGAGTACGTTCGCAAGAATGAAACTCAAAGGAATTGACGGGGACCCGCACAAGCGGTGGAGCATGTGGTTTAATTCGAAGCAACGCGAAGAACCTTACCTGGTCTTGACATCCCCCTGACCGGACAGTAACATGTCCTTTCCTACG","GGATTAGATACCCTGGGTAGTCCACGCTGTAAACGATGAATACTAGGTGTGGGGATCGTAGGATTTCCGTGCCGCAGTTAACGCAATAAGTATTCCACCTGGGGAGTACGGCCGCAAGGTTGAAACTCAAAGGAATTGACGGGAGCCCGCACAAGCAGTGGAGTATGTGGTTTAATTCGACGCAACGCGAAGAACCTTACCGGAGCTTGACATCCTCGGAAGACCGATGTAAAGTTGGTTGTGCCCCTTC","GGATTAGATACCCTTGGTAGTCCACGCCGTAAACGATGAGCACTAAGTGTCGGACGTAAGTTCGGTGCTGAAGTTAACGCATTAAGTGCTCCGCCTGGGGAGTACGGTCGCAAGACTGAAACTCAAAGGAATTGACGGGACTCGCACAAGCGGTGGAGCATGTGGTTTAATTCGACGCAACGCGAAAACCTTACCAGGCCTTGACATACCGATGACGTCTTTAGAGATAGAGAGTTACCTTCGGGTACAT","GGATTAGATACCCTGGGTAGTCCACGCCGTAAACGATGAATACTAGGTGTCGGAAAGCATGGCTTTTCGGTGCCGCCGCAAACGCATTAAGTATTCCACCTGGGGAGTACGTTCGCAAGAATGAAACTCAAAGGAATTGACGGGACCCGCACAAGCGGTGGAGCATGTGGTTTAATTCGAAGCAACGCGAAGAACCTTACCAAGTCTTGACATCCTTCTGACCGGACAGTAATGTGTCCTTTCCTTCGGG","GGATTAGATACCCTGGGTAGTCCACGCCGTAAACGATGAATACTAGGTGTAGGGGGTATCGACTCCCTCTGTGCCGTCGCAAACGCATTAAGTATTCCGCCTGGGGACTACGACCGCAAGGTTGAAACTCAAAGAAATTGACGGGACCCGCACAAGCAGCGGAGCATGGGGTTTAATTCGACGCAACGCGAAAAACCTTACCAGAACTTGACATCTAGTGAAGAACCTTGTAATGAGGTTCGTCCCTTCG","GGATTAGATACCCTTGGTAGTCCATGCCGTAAACGATGATTACTAGGTGTGGGAGGATTGACCCCTTCCGTGCCGCAGTTAACACAATAAGTAATCCACCTGGGGAGTACGACCGCAAGGTTGAAACTCAAAGGAATTGACGGGGCCCGCACAAGCAGTGGAGTATGTGGTTTAATTCGAAGCAACGCGAAGAACCTTACCAGGTCTTGACATCCCGTGCATAGCTAAGAGATTAGTGAAGTCCTTCGGG","AGGATTAGATACCCTGGGTAGTCCACGCCCTAAACGATGTATGCTAGTTGTTGGGGTGCTAGTCATCTCAGTAATGCAGCTAACGCATTAAGCATACCGCCTGGGGAGTACGGTCGCAAGATTAAAACTCAAAGGAATAGACGGGGACCCGCACAAGCGGTGGAGCATGTGGTTTAATTCGAAGATACGCGAAGAACCTTACCTAGGCTTGATATCCAACAAATCCATTAGAGATAGTGGAGTGCTAGCT","AGGATTAGATACCCTGGGTAGTCCACGCCGTAAACGATGTCGACTTGGAGGTTGTGCCCTTGAGGCGTGGCTTCCGGAGCTAACGCGTTAAGTCGACCGCCTGGGGAGTACGGCCGCAAGGTTAAAACTCAAATGAATTGACGGGGCCCGCACAAGCGGTGGAGCATGTGGTTTAATTCGATGCAACGCGAAGAACCTTACCTGGTCTTGACATCCACAGAACTTTCCAGAGATGGATTGGTGCCTTCGG","AGGATTAGATACCCTTGGTAGTCCGCACAGTAAACGATGAATACTCGCGGTTTGCGATACACAGTAAGCCGCCAAGCGAAAGCGTTAAGTATTCCACCTGGGGAGTACGCCGGCAACGGTGAAACTCAAAGGAATTGACGGGGCCCGCACAAGCGGAGGAACATGTGGTTTAATTCGATGATACGCGAGGAACCTTACCCGGGCTTGAACTGCCAGTGACGTATGCAGAGACGCATATTTCTTCGGACAC","GATTAGATACCCTTGGTAGTCCACGCCGTAAACGATGACTACTAGGTGTCGGGGAGCAAAGCTCTTCGGTGCCGCAGCAAACGCAATAAGTAGTCCACCTGGGGAGTACGTTCGCAAGAATGAAACTCAAAGGAATTGACGGGACCCGCACAAGCGGTGGAGCATGTGGTTTAATTCGAAGCAACGCGAAGAACCTTACCTGGTCTTGACATCCCTCTGACGGCTCTTTAATCGGAGTTTTCCTTCGGGA","AGGATTAGATACCCTGGGTAGTCCACGCCGTAAACGATGAATACTAGGTGTCGGGTGGCAGAGCCATTCGGTGCCGTCGCAAACGCAGTAAGTATTCCACCTGGGGAGTACGTTCGCAAGAATGAAACTCAAAGGAATTGACGGGGACCCGCACAAGCGGTGGAGCATGTGGTTTAATTCGAAGCAACGCGAAGAACCTTACCAAATCTTGACATCCCTCTGACCGGTCTTTAATCGGACCTTCTCTTCG","AGGATTAGATACCCTTGGTAGTCCACGCGGTAAACGATGAATACTAGATGTCGGGAAGCAAAGCTTCTCGGTGTCGTCGCAAACGCAATAAGTATTCCACCTGGGGAGTACGTTCGCAAGAATGAAACTCAAAGGAATTGACGGGGACCCGCACAAGCGGTGGAGCATGTGGTTTAATTCGAAGCAACGCGAAGAACCTTACCTGCTCTTGACATCCCATTCGATAGAGGGTAATGCCTCTAGCCCTTCG","GATTAGATACCCTGGGTAGTCCACGCCGTAAACGATGAGCACTAGGTGTCGGGGTCGCAAGACTTCGGTGCCGCAGTTAACGCAATAAGTGCTCCGCCTGGGGAGTACGTTCGCAAGAATGAAACTCAAAGGAATTGACGGGGACCCGCACAAGCAGCGGAGCATGTGGTTTAATTCGAAGCAACGCGAAGAACCTTACCAGGACTTGACATCCCTCTGACAGGCCTTTAACAGGGCTTTTCTTCGGACA","GATTAGATACCCTGGGTAGTCCACGCTGTAAACGATGAGCGCTAGGTGTCGGAGGGGAACCTTCGGTGCCGCAGTAAACACAATAAGCGCTCCACCTGGGGAGTACGACCGCAAGGTTGAAACTCAAAGGAATTGACGGGGCCCGCACAAGCGGTGGAGCATGTGGTTTAATTCGAAGCAACGCGAAGAACCTTACCAAGGCTTGACATCCCTGCGGCGTATGTAGAGATACATATTTCCTTCGGGACGC","AGGATTAGATACCCTGGGTAGTCCACGCAGTAAACGATGATGGCTAACTGTCGGGCCTGCGGGTTCGGCGGCCAAGCGAAAGCGATAAGCCATCCACCTGGGGAGTACGACCGCAAGGTTGAAACTCAAAGGAATTGACGGGGCCCGCACAAGCGGAGGAACATGTGGTTTAATTCGATGATACGCGAGGAACCTTACCCAGGCTCGAACGGCATCTGAATTGATTAGAGATAATCAAGTCTTCGGACAG","AGGATTAGATACCCTGGGTAGTCCACGCCGTAAACGATGAATACTAGGTGTCGGGGGACGCAAAGTTCTTCGGTGCCGCAGCAAACGCAGTAAGTATTCCACCTGGGGAGTACGTTCGCAAGAATGAAACTCAAAGGAATTGACGGGGACCCGCACAAGCGGTGGAGCATGTGGTTTAATTCGAAGCAACGCGAAGAACCTTACCAGGCCTTGACATCCTGCTGACAGCCACTTAACCGTGGAATTCCTT","AGGATTAGATACCCTTGGTAGTCCACGCTGTAAACGATGGATACTAGGTGTGGGGGACTGACCCCCTCCGTGCCGCAGTTAACACAATAAGTATCCCACCTGGGGAGTACGATCGCAAGGTTGAAACTCAAAGGAATTGACGGGGCCCGCACAAGCGGTGGAGTATGTGGTTTAATTCGAAGCAACGCGAAGAACCTTACCAGGGCTTGACATCCCGGTGACCGGACTAGAGATAGTCCTTTCCCTTCGG","GATTAGATACCCTTGGTAGTCCACGCCGTAAACGATGAATACTAGGTGTAGGGGGTATCGACTCCCTCTGTGCCGTCGCAAACGCATTAAGTATTCCGCCTGGGGACTACGACCGCAAGGTTGAAACTCAAAGAAATTGACGGGACCCGCACAAGCAGCGGAGCATGGGGTTTAATTCGACGCAACGCGAAAACCTTACCAGAACTTGACATCTAGTGAAGAACCTTGTAATGAGGTTCGTCCCTTCGGG","AGGATTAGATACCCTGGGTAGTCCACGCCGTAAACGATGAATACTAGGTGTCGGTTGCCACAGGCAATCGGTGCCGCAGCAAACGCAATAAGTATTCCACCTGGGGAGTACGTTCGCAAGAATGAAACTCAAAGGAATTGACGGGGACCCGCACAAGCGGTGGAGCATGTGGTTTAATTCGAAGCAACGCGAAGAACCTTACCAAGTCTTGACATCCCGATGACCAACTATGTAATGTAGTCTCTCTTCG","GATTAGATACCCTGGGTAGTCCACGCAGTAAACGATGAATACTAACTGTTCGGAGGGCGACCTCTGAGTGGTAAAGCGAAAGCGTTAAGTATTCCACCTGGGGAGTACGCCGGCAACGGTGAAACTCAAAGGAATTGACGGGGCCCGCACAAGCGGAGGAACATGTGGTTTAATTCGATGATACGCGAGGAACCTTACCCGGGCTCAAACGTCGGGCGAATCATCCTGAAAGGGATGAGCCAGCAATGGC","GATTAGATACCCTGGGTAGTCCACGCCGTAAACGATGATTGCTAGGTGTAGGTGGGTATGGACCCATCGGTGCCGCAGCTAACGCAATAAGCAATCCACCTGGGGAGTACGTTCGCAAGAATGAAACTCAAAGGAATTGACGGGGACCCGCACAAGCGGTGGAGCATGTGGTTTAATTCGAAGCAACGCGAAGAACCTTACCAGGTCTTGACATCCCGATGAAAACCCGTAACGGGGTTCCCTCTTCGGA","GATTAGATACCTTTGGTAGTCCGCACGGTAAACGATGGATGCCTGCTGTTGGCCTGAATAGGTCAGCGGCCAAGCGAAAGCATTAAGCATCCCACCTGGGGAGTACGCCGGCAATGGTGAAACTCAAAGGAATTGACGGGGGCCCGCACAAGCGGAGGAACATGTGGTTTAATTCGATGATACGCGAGGAACCTTACCCAGGCTCGAACGGCACCTGAATCATCCAGAGATGGATGAGTCTTCGGACAGG","GATTAGATACCCTGGGTAGTCCACGCCGTAAACGATGAGTGCTAAGTGTTGGGGGTCGAACCTCAGTGCTGAAGTTAACGCATTAAGCACTCCGCCTGGGGAGTACGGTCGCAAGACTGAAACTCAAAGGAATTGACGGGACCCGCACAAGCGGTGGAGCATGTGGTTTAATTCGAAGCAACGCGAAGAACCTTACCAGGTCTTGACATACCATTGACCGTTCTAGAGATAGGATTTTCCCTTCGGGGAC","GATTAGATACCCTTGGTAGTCCGCACGGTAAACGATGGATGCTCGCTGTGTGCATACGTGTATGCGGCCAAGGGAAACCATTAAGCATCCCACCTGGGGAGTACGCCGGCAACGGTGAAACTCAAAGGAATTGACGGGGGCCCGCACAAGCGGAGGAACATGTGGTTTAATTCGATGATACGCGAGGAACCTTACCCGGGCTTGAATTGCAGAAGACGGATCCAGAGATGGTGACTCCCTTCGGGGCTTC","GGATTAGATACCCTGGGTAGTCCACGCTGTAAACGATGATTACTAGGTGTGGGGGATTTCGGTCCTCCGTGCCGGAGCAAACGCAATAAGTAATCCACCTGGGGAGTACGGCCGCAAGGCTGAAACTCAAAGGAATTGACGGGGCCCGCACAAGCAGTGGATTATGTGGTTTAATTCGAAGCAACGCGAAGAACCTTACCAGGTCTTGACATCCGATGCATAGCTCAGAGATGAGTGAAATCTCTTCGGA","GGATTAGATACCCTTGGTAGTCCACGCCGTAAACGATGGATACTAGGTGTGGGAGGTATTGACCCCTTCCGTGCCGCAGTTAACACAATAAGTATCCCACCTGGGGAGTACGGCCGCAAGGTTGAAACTCAAAGGAATTGACGGGGCCCGCACAAGCAGTGGAGTATGTGGTTTAATTCGAAGCAACGCGAAGAACCTTACCAGGTCTTGACATCCCGATGACCGGCGTAGAGATATGCCCTCTCTTCGG","GATTAGATACCCTGGGTAGTCCACGCAGTAAACGATGATGGCTAACTGTCGGGCCTTAGGGTTCGGCGGCCAAGCGAAAGCGATAAGCCATCCACCTGGGGAGTACGACCGCAAGGTTGAAACTCAAAGGAATTGACGGGGCCCGCACAAGCGGAGGAACATGTGGTTTAATTCGATGATACGCGAGGAACCTTACCCAGGCTCGAACGGCACCTGAATCATGCAGAGATGTGTGAGTCTTCGGACAGGT","GATTAGATACCCTTGGTAGTCCACGCCGTAAACGATGAATACTAGGTGTCGGGGCCCATAAGGGCTTCGGTGCCGCAGCAAACGCAATAAGTATTCCACCTGGGGAGTACGTTCGCAAGAATGAAACTCAAAGGAATTGACGGGACCCGCACAAGCGGTGGAGCATGTGGTTTAATTCGAAGCAACGCGAAGAACCTTACCAAGTCTTGACATCCTCTTGACCGGTCAGTAATGTGACCTTTTCTTCGGA","GATTAGATACCCTGGGTAGTCCACGCCGTAAACGATGAATACTAGGTGTCGGGGGACATAGTCCTTCGGTGCCGCAGCAAACGCAATAAGTATTCCACCTGGGGAGTACGTTCGCAAGAATGAAACTCAAAGGAATTGACGGGGACCCGCACAAGCGGTGGAGCATGTGGTTTAATTCGAAGCAACGCGAAGAACCTTACCAAGTCTTGACATCCCGGTGACAAAGTATGTAATGTACTCTTTCTTTGGA","GATTAGATACCCTTGGTAGTCCACGCCGTAAACGATGAATACTAGGTGTCGGGGAGCAGAGCTCTTCGGTGCCGTCGCAAACGCAGTAAGTATTCCACCTGGGGAGTACGTTCGCAAGAATGAAACTCAAAGGAATTGACGGGGACCCGCACAAGCGGTGGAGCATGTGGTTTAATTCGAAGCAACGCGAAGAACCTTACCAAATCTTGACATCCCTCTGACCGGTCTTTAATCGGACCTTCTCTTCGGA","GGATTAGATACCCTTGGTAGTCCACGCCGTAAACGATGAATACTAGGTGTTGGGGAGCAAAGCTCCCCGGTGCCGTCGCAAACGCAGTAAGTATTCCACCTGGGGAGTACGTTCGCAAGAATGAAACTCAAAGGAATTGACGGGACCCGCACAAGCGGTGGAGCATGTGGTTTAATTCGAAGCAACGCGAAGAACCTTACCAAGTCTTGACATCGGGATGACCGGGAAGTAAAGTTCCCTTCCCTTCGGG","GGATTAGATACCCTGGGTAGTCCACGCCGTAAACGATGAATACTAGGTGTAGGAGGTATCGACTCCTTCTGTGCCGTCGCAAACGCATTAAGTATTCCGCCTGGGGACTACGGCCGCAAGGTTGAAACTCAAAGAAATTGACGGGACCCGCACAAGCAGCGGAGCATGGGGTTTAATTCGACGCAACGCGAAAAACCTTACCAGAACTTGACATCTAGTGAAGAGTCTTGTAATGAGACTCGTCCCTTCG","GGATAGATACCCTGGGTAGTCCACGCCGTAAACGATGAATGCTAGGTGTTGGGGAAACTCAGTGCCGCAGTTAACACAATAAGCATTCCGCCTGGGGAGTACGACCGCAAGGTTGAAACTCAAAGGAATTGACGGGACCCGCACAAGCAGCGGAGCATGTGGTTTAATTCGAAGCAACGCGAAGAGCCTTACCAGGTCTTGACATCCTCTGACAATCCCAGAGATGGGACGTTTCCTTCGGGAACAGAGA","GGATTAGATACCCTGGGTAGTCCACGCCGTAAACGATGAATGCTAGGTGTTGGATCCTGAAGGATTCGGTGCCGCAGTTAACGCAATAAGCATTCCACCTGGGGAGTACGACCGCAAGGTTGAAACTCAAAGGAATTGACGGGGGCCCGCACAAGCGGTGGAGCATGTGGATTAATTCGACGCAACGCGAAGAACCTTACCAGGTCTTGACATCCCTCTGAATACTGTAGAGATATGGTAGGCCTTCGGG","GGATTAGATACCCTGGGTAGTCCATGCCGTAAACGTTGTCAACTTGATGTGGGCGGATTTAGTCCTGTCCGTATCGAAGCTAACGCGATAAGTTGACCGCCTGGGAACTACGGCCGCAAGGCTAAAACTCAAAGGAATTGACGGGGCCCGCACAAGCGGTGGAGCATGTGGCTTAATTCGAGGCAACGCGAAGAACCTTACCTGGGCTTGAAATATACCGGACCGGCTGTGAAAGCAGTCTTCTCTTCGG","GGATTAGATACCCTTGGTAGTCCACGCTGTAAACGATGATTACTAGGTGTGGGGGATTTCGGTCCTCCGTGCCGGAGCAAACGCAATAAGTAATCCACCTGGGGAGTACGGCCGCAAGGCTGAAACTCAAAGGAATTGACGGGGCCCGCACAAGCAGTGGATTATGTGGTTTAATTCGAAGCAACGCGAAGAACCTTACCAGGTCTTGACATCCGATGCATAGCTTAGAGATAAGTGAAATCCCTTCGGG","GGATTAGATACCCTGGGTAGTCCATGCCGTAAACGATGATTACTAGGTGTTGGAGGATTGAACCCTTCAGTGCCGCAGTTAACACAATAAGTAATCCACCTGGGGAGTACGACCGCAAGGTTGAAACTCAAAGGAATTGACGGGGCCCGCACAAGCAGTGGAGTATGTGGTTTAATTCGAAGCAACGCGAAGAACCTTACCAGGTCTTGACATCCGATGCATAGTGCAGAGATGCATGAAGTCCTTCGGG","AGGATTAGATACCCTGGGTAGTCCACGCTGTAAACGATGAATGCTGGGTGTTTGGCCTTAGGGCTGAGTGCCGAAGTTAACGCGATAAGCATTCCACCTGGGGAGTACGGTCGCAAGATTAAAACTCAAAGGAATTGACGGGGCCCGCACAAGCGGTGGAGCATGTGGTTTAATTCGACGCAACGCGAAGAACCTTACCAGCTTTTGACATGGGCACTATGGTTGGTGGAGACACTGACCTTCACTTCGG","AGGATTAGATACCCTGGGTAGTCCACGCGGTAAACGATGAATACTAGGTGTCTGGGAGCGAAGCTCTTAGGTGCCGCCGCAAACGCATTAAGTATTCCACCTGGGGAGTACGTTCGCAAGAATGAAACTCAAAGGAATTGACGGGACCCGCACAAGCGGTGGAGCATGTGGTTTAATTCGAAGCAACGCGAAGAACCTTACCAAGTCTTGACATCCCCCTGACCGTTCTTTAACCGGAACCTTCCTTCGG","AGGATTAGATACCCTTGGTAGTCCACGCCGTAAACGATGGATACTAGGTGTGGGGGGTCTGACCCCCTCCGTGCCGCAGTTAACACAATAAGTATCCCACCTGGGGAGTACGATCGCAAGGTTGAAACTCAAAGGAATTGACGGGGCCCGCACAAGCGGTGGAGTATGTGGTTTAATTCGAAGCAACGCGAAGAACCTTACCAGGGCTTGACATCCCACTAACGAAGCAGAGATGCATTAGGTGCCCTTC","AGGATTAGATACCCTTGGTAGTCCACACTGTAAACGATGATAGCTAGGTGTGGGGGTCTGACCCCTTCCGTGCCGGAGTTAACGCAATAAGCTATCCACCTGGGGAGTACGACCGCAAGGTTGAAACTCAAAGGAATTGACGGGGCCCGCACAAGCAGTGGATTATGTGGTTTAATTCGAAGCAACGCGAAGAACCTTACCAGGTCTTGACATCCGACTAACGAGATAGAGATATGTCAGGTGCCCTTCG","AGGATTAGATACCCTGGGTAGTCCACGCGGTAAACGATGAATACTAGGTGTTGGGGGACAAAGTCCTTCGGTGCCGCCGCAAACGCATTAAGTATTCCACCTGGGGAGTACGTTCGCAAGAATGAAACTCAAAGGAATTGACGGGACCCGCACAAGCGGTGGAGCATGTGGTTTAATTCGAAGCAACGCGAAGAACCTTACCAAGTCTTGACATCGATCTGAATGGAAAGTAATGTTTCCAGTCTCTTCG","GATTAGATACCCTTGGTAGTCCACGCTGTAAACGATGGATACTAGGTGTGGGGGACTGACCCCTTCCGTGCCGCAGTTAACACAATAAGTATCCCACCTGGGGAGTACGATCGCAAGGTTGAAACTCAAAGGAATTGACGGGGCCCGCACAAGCGGTGGAGTATGTGGTTTAATTCGAAGCAACGCGAAGAACCTTACCAGGGCTTGACATCCCACGGCTGGAATTAGAGATAGTTCTTTCTCTTCGGAG","GATTAGATACCCTGGGTAGTCCCAGCCGTAAACGATGGACGCTAGGTGTGGGGGGACGATCCCTCCGTGCCGCAGCCAACGCATTAAGCGTCCCGCCTGGGGAGTACGGCCGCAAGGCTAAAACTCAAAGGAATTGACGGGGCCCGCACAAGCAGCGGAGCATGTGGCTTAATTCGAAGCAACGCGAAGAACCTTACCAGGGCTTGACATGACCGTGAAGCCGGGGAGACCCGGTGGCCGGAAGGAGCGG","GATTAGATACCCTTGGTAGTCCACGCCGTAAACGATGATTACTAGGTGTGGGGGGACTGACCCCTTCCGTGCCGCAGTTAACACAATAAGTAATCCACCTGGGGAGTACGGCCGCAAGGTTGAAACTCAAAGGAATTGACGGGGCCCGCACAAGCAGTGGAGTATGTGGTTTAATTCGAAGCAACGCGAAGAACCTTACCAGGTCTTGACATCGGATGCATAGCCTAGAGATAGGTGAAGCCCTTCGGGG","AGGATTAGATACCCTGGGTAGTCCGCACCGTAAACGATGAGCGCCCGTCATTGGCGACACACAGTCAGTGACCAAGGGAAACCGTTAAGCGCTCCACCTGGGGAGTACGCCGGCAACGGTGAAACTCAAAGGAATTGACGGGGCCCGCACAAGCGGAGGAACATGTGGTTTAATTCGATGATACGCGAGGAACCTTACCCGGGCTTGAATTGCAGAGGAAGGAACTGGAGACAGTGACGCCCTTCGGGGC","AGGATTAGATACCCTTGGTAGTCCATACCATAAACGATGAGTGCTAATTGTTAGGAACTTTAGGGTTCTTAGTGATTGAGCTAACGCGTTAAGCACTCCGCCTGGGGAGTACGGTCGCAAGATTAAAACTTAAAGGAATTGACGGGGACCCGCACAAGTAGTGGAGCATGTTGTTTAATTCGATGATACGCGAAAACCTTACCAACCCTTGACATACCAATCGCGATTTTCAGAAATGATTATCTTCAGT","AGGATTAGATACCCTGGGTAGTCCACGCCGTAAACGATGAATGCTAGGTGTTGGAGGGTTTCCGCCCTTCAGTGCCGCAGCTAACGCAATAAGCATTCCGCCTGGGGAGTACGACCGCAAGGTTGAAACTCAAAGGAATTGACGGGGCCCGCACAAGCGGTGGAGCATGTGGTTTAATTCGAAGCAACGCGAAGAACCTTACCAGGTCTTGACATCCTTTGACCACCTAAGAGATTAGGCTTTCCCTTCG","AGGATTAGATACCCTGGGTAGTCCACACCGTAAACGATGGATACTAGGTGTAGGATGGATTAAACCATTCTGTGCCGGCGTTAACACAATAAGTATCCCACCTGAGTAGTACGACCGCAAGGTTAAAACTCAAAGGAATTGACGGGGCCCGCACAAGCAGTGGAGTATGTGGTTTAATTCGAAGCAACGCGAAGAACCTTACCAGGGCTTGACATGTATCGGAATATTTAAGAGATTAAATAGTTCTTCG","AGGATTAGATACCCTTGGTAGTCCACGCCGTAAACGATGATTACTAGGTGTTGGTGGGTATGACCCATCGGTGCCGCAGCAAACGCAATAAGTAATCCACCTGGGGAGTACGTTCGCAAGAATGAAACTCAAAGGAATTGACGGGACCCGCACAAGCGGTGGAGCATGTGGTTTAATTCGAAGCAACGCGAAGAACCTTACCTGGTCTTGACATCCCGATGACAGATCTGTAATGAGATCCTTACTTCGG","GATTAGATACCCTGGGTAGTCCACGCCGTAAACGATGAATACTAGGTGTTGGTGAGCAAAGCTCATCGGTGCCGCCGCAAACGCAATAAGTATTCCACCTGGGGAGTACGTTCGCAAGAATGAAACTCAAAGGAATTGACGGGGACCCGCACAAGCGGTGGAGCATGTGGTTTAATTCGAAGCAACGCGAAGAACCTTACCAAATCTTGACATCCCTCTGAAAAGTCCTTAATCGGGCTCCTCCTTCGGG","AGGATTAGATACCCTTGGTAGTCCATACCATAAACGATGAGTGCTAATTGTTAGGAACTTTAGGGTTCTTAGTGATTGAGCTAACGCGTTAAGCACTCCGCCTGGGGAGTACGGTCGCAAGATTAAAACTTAAAGGAATTGACGGGACCCGCACAAGTAGTGGAGCATGTTGTTTAATTCGATGATACGCGAAAACCTTACCAACCCTTGACATACCAATCGCGATTTTCAGAAATGATTATCTTCAGTT","AGGATTAGATACCCTTGGTAGTCCGCGCAGTAAACGATGAGTGCCCGCCTTCTGTGGCGTGTCCATGGGAGGCCAAGCGAAAGCGTTAAGCACTCCACCTGGGGAGTACGCCGGCAACGGTGAAACTCAAAGGAATTGACGGGGGCCCGCACAAGCGGAGGAACATGTGGTTTAATTCGATGATACGCGAGGAACCTTACCCGGGCTTGAAATGTGCCTGGCGATTCCTGGAGACGGGAATCTCCTTCGG","AGGATTAGATACCCTGGGTAGTCCACGCCGTAAACGATGAATACTAGGTGTCGGGGCCCATAAGGGCTTCGGTGCCGCAGCAAACGCAATAAGTATTCCACCTGGGGAGTACGTTCGCAAGAATGAAACTCAAAGGAATTGACGGGACCCGCACAAGCGGTGGAGCATGTGGTTTAATTCGAAGCAACGCGAAGAACCTTACCAAGTCTTGACATCCCACTGACCGGATAGTAATGTATCCTTTCCTTCG","AGGATTAGATACCCTTGGTAGTCCATGCTGTAAACGATGATTACTAGGTGTGGGGAGGCTGACCCTTTCCGTGCCGCAGTTAACACAATAAGTAATCCACCTGGGGAGTACGACCGCAAGGTTGAAACTCAAAGGAATTGACGGGGCCCGCACAAGCAGTGGAGTATGTGGTTTAATTCGAAGCAACGCGAAGAACCTTACCAGGTCTTGACATCCTAGGGATCCAGTAGAGATACAGGAGTGCCCTTCG","AGGATTAGATACCCTGGGTAGTCCACGCCGTAAACGATGAGTGCTAGGTGTTAGACCCTTTCCGGGGTTTAGTGCCGTAGCTAACGCATTAAGCACTCCGCCTGGGGAGTACGACCGCAAGGTTGAAACTCAAAGGAATTGACGGGGCCCGCACAAGCGGTGGAGCATGTGGTTTAATTCGAAGCAACGCGAAGAACCTTACCAGGTCTTGACATCCCTCTGACCGCTCTAGAGATAGAGTTTTCCTTCG","AGGATTAGATACCCTTGGTAGTCCACGCCGTAAACGATGATTACTAGGTGTGGGGGAGTTAAATCTTCCGTGCCGGAGTTAACACAATAAGTAATCCACCTGGGGAGTACGACCGCAAGGTTGAAACTCAAAGGAATTGACGGGGCCCGCACAAGCAGTGGAGTATGTGGTTTAATTCGAAGCAACGCGAAGAACCTTACCAGGTCTTGACATCGAGTGAACGGCTAAGAGATTAGCTTTTCTCTTCGGA","GATTAGATACCCTGGGTAGTCCACGCTGTAAACGATCAATACTAGGTGTGCGGGGACTGACCCCCTGCGTGCCGGAGTTAACACAATAAGTATTGCACCTGGGGAGTACGATCGCAAGGTTGAAACTCAAAGGAATTGACGGGGGCCCGCACAAGCGGTGGATTATGTGGTTTAATTCGAAGCAACGCGAAGAACCTTACCAGGTCTTGACATCCTGCTAACGAAGTAGAGATACATCAGGTGCCCTTCG","GATTAGATACCCTGGGTAGTCCACGCCGTAAACGATGAATACTAGGTGTCGGGTGGCATGGCCATTCGGTGCCGTCGCAAACGCAGTAAGTATTCCACCTGGGGAGTACGTTCGCAAGAATGAAACTCAAAGGAATTGACGGGGACCCGCACAAGCGGTGGAGCATGTGGTTTAATTCGAAGCAACGCGAAGAACCTTACCAAGTCTTGACATCCGCCTGACCGATCCTTAACCGGATCTTTCCTTCGGG","GATTAGATACCCTTGGTAGTCCGCACCGTAAACGATGAGCGCCCGTCATTGGCGACACACAGTCAGTGACCAAGGGAAACCGTTAAGCGCTCCACCTGGGGAGTACGCCGGCAACGGTGAAACTCAAAGGAATTGACGGGGCCCGCACAAGCGGAGGAACATGTGGTTTAATTCGATGATACGCGAGGAACCTTACCCGGGCTTGAATTGCAGAGGAAGGAACTGGAGACAGTGACGCCCTTCGGGGCCT","GATTAGATACCCTTGGTAGTCCGCACGGTAAACGATGGATGCCCGCTGTTGGTTCACCTGAATCAGCGGCCAAGCGAAAGCATTAAGCATCCCACCTGGGGAGTACGCCGGCAACGGTGAAACTCAAAGGAATTGACGGGGGCCCGCACAAGCAGTGGAGTATGTGGTTTAATTCGACGCAACGCGAAGAACCTTACCAAGTCTTGACATCCTGCGACAGACATAGAAATATGTGTTTCCTTCGGGACGC","GATTAGATACCCTTGGTAGTCCACGCCGTAAACGATGAATACTAGGTGTCGGGGCTCATAAGAGCTTCGGTGCCGCAGCAAACGCAATAAGTATTCCACCTGGGGAGTACGTTCGCAAGAATGAAACTCAAAGGAATTGACGGGGACCCGCACAAGCGGTGGAGCATGTGGTTTAATTCGAAGCAACGCGAAGAACCTTACCAGGCCTTGACATCCCGGTGACCGTCCCGTAATGGGGACCTCTCTTCGG","GATTAGATACCCTTGGTAGTCCACGCTGTAAACGATGATTACTAGGTGTGGGGGATTTCGGTCCTCCGTGCCGGAGCAAACGCAATAAGTAATCCACCTGGGGAGTACGGCCGCAAGGCTGAAACTCAAAGGAATTGACGGGGCCCGCACAAGCAGTGGATTATGTGGTTTAATTCGAAGCAACGCGAAGAACCTTACCAGGTCTTGACATCCGATGCATAGCTCAGAGATGAGTGAAATCCCTTCGGGG","GATTAGATACCCTGGGTAGTCCACGCCGTAAACGATGAGTGCTAGGTGTTGGGTCCTTTCCGGGACTCAGTGCCGCAGCTAACGCATTAAGCACTCCGCCTGGGGAGTACGACCGCAAGGTTGAAACTCAAAGGAATTGACGGGGGCCCGCACAAGCGGTGGAGCATGTGGTTTAATTCGAAGCAACGCGAAGAACCTTACCAGGTCTTGACATCCCTCTGACCGCTCTAGAGATAGAGTTTTCCTTCGG","GATTAGATACCCTGGGTAGTCCACGCCGTAAACGATGACTGCTAGGTGTCGGGAGGCAAAGCCTTTCGGTGCCGCAGCAAACGCAATAAGCAGTCCACCTGGGGAGTACGTTCGCAAGAATGAAACTCAAAGGAATTGACGGGGACCCGCACAAGCGGTGGAGCATGTGGTTTAATTCGAAGCAACGCGAAGAACCTTACCTGCCCTTGACATCCGGCTGACTGGCGAGTAATGTCGCCTTTCCTTCGGG","GGATTAGATACCCTTGGTAGTCCACGCCGTAAACGATGATTACTAGGTGTGGGGGACTGACCCCTTCCGTGCCGGAGTTAACACAATAAGTAATCCACCTGGGGAGTACGACCGCAAGGTTGAAACTCAAAGGAATTGACGGGGCCCGCACAAGCAGTGGATTATGTGGTTTAATTCGAAGCAACGCGAAGAACCTTACCAGGTCTTGACATCGAGTGACGGCTCTAGAGATAGAGCTTTCCTTCGGGAC","GGATTAGATACCCTGGGTAGTCCACGCTGTAAACGTTGGGCACTAGGTGTGGGGGCCACCCGTGGTTTCTGCGCCGTAGCTAACGCTTTAAGTGCCCCGCCTGGGGAGTACGGCCGCAAGGCTAAAACTCAAAGGAATTGACGGGGCCCGCACAAGCGGCGGAGCATGCGGATTAATTCGATGCAACGCGAAGAACCTTACCAAGGCTTGACATGCACGGCGGCACTGCAGAGATGTGGTGGCATTTGGT","GATTAGATACCCTTGGTAGTCCACGCGGTAAACGATGAATACTAGGTGTTGGGTGTCACAGACATTCGGTGCCGCAGCAAACGCAATAAGTATTCCACCTGGGGAGTACGTTCGCAAGAATGAAACTCAAAGGAATTGACGGGGACCCGCACAAGCGGTGGAGCATGTGGTTTAATTCGAAGCAACGCGAAGAACCTTACCAAGTCTTGACATCTCCCTGACAGAGTATGTAATGTACTTTTCCTTCGGG","GATTAGATACCCTTGGTAGTCCACACTGTAAACGATGGATACTAGGTGTAGGAGGTATTAAGCCTTCTGTGCCGTCGCTAACGCAGTAAGTATCCCACCTGGGGAGTACGACCGCAAGGTTGAAACTCAAAGGAATTGACGGGGCCCGCACAAGCAGTGGAGTATGTGGTTTAATTCGAAGCAACGCGAAGAACCTTACCAGGGCTTGACATACAGATGAATAACTAAGAGATTAGTTAGTATTTCGGTA","GGATTAGATACCCTGGGTAGTCCACGCGGTAAACGATGAATACTAGATGTCGGGAAGCATTGCTTCTCGGTGTCGTCGCAAACGCAATAAGTATTCCACCTGGGGAGTACGTTCGCAAGAATGAAACTCAAAGGAATTGACGGGGACCCGCACAAGCGGTGGAGCATGTGGTTTAATTCGAAGCAACGCGAAGAACCTTACCTGCTCTTGACATCCCATTCGATAGAAGGTAATGCTTCTAGCCCTTCGG","GGATTAGATACCCTGGGTAGTCCACGCTGTAAACGATGATTACTAGGTGTGGGGGATTTCGGTCCTCCGTGCCGGAGCAAACGCAATAAGTAATCCACCTGGGGAGTACGGCCGCAAGGCTGAAACTCAAAGGAATTGACGGGGCCCGCACAAGCAGTGGATTATGTGGTTTAATTCGAAGCAACGCGAAGAACCTTACCAGGTCTTGACATCCGATGCATAACTCAGAGATGAGCGAAATCCCTTCGGG","GGATTAGATACCCTTGGTAGTCCCAGCCGTAAACGATGGACGCTAGGTGTGGGGGGACGATCCCCCCGTGCCGCAGCCAACGCATTAAGCGTCCCGCCTGGGGAGTACGGCCGCAAGGCTAAAACTCAAAGGAATTGACGGGGCCCGCACAAGCAGCGGAGCATGTGGCTTAATTCGAAGCAACGCGAAGAACCTTACCAGGGCTTGACATATGGGTGAAGCGGGGGAGACCCCGTGGCCGAGAGGAGCC","AGGATTAGATACCCTTGGTAGTCCACGCCGTAAACGATGTCGACTTGGAGGTTGTGCCCTTGAGGCGTGGCTTCCGGAGCTAACGCGTTAAGTCGACCGCCTGGGGAGTACGGCCGCAAGGTTAAAACTCAAATGAATTGACGGGGCCCGCACAAGCGGTGGAGCATGTGGTTTAATTCGATGCAACGCGAAGAACCTTACCTACTCTTGACATCCAGAGAACTTAGCAGAGATGCTTTGGTGCCTTCGG","GGATTAGATACCCTTGGTAGTCCACGCTGTAAACGATGGATACTGGGTGTTGGGATGTATGTCTCGGCGCCGTAGCTAACGCGTTAAGTATCCCGCCTGGGGAGTACGGTCGCAAGGCTGAAACTCAAAGAAATTGACGGGGCCCGCACAAGCGGTGGAGTATGTGGTTTAATTCGATGCAACGCGAAGAACCTTACCCAGGCTTGACATCTAGGGAGCCTCTTTGAAAGAAGAGGGTGCTCTTCGGAGA","GGATTAGATACCCTGGGTAGTCCACGCCGTAAACGATGAGTGCTAGGTGTTGGGTCCTTTCCGGGACTCAGTGCCGCAGCTAACGCATTAAGCACTCCGCCTGGGGAGTACGACCGCAAGGTTGAAACTCAAAGGAATTGACGGGGGCCCGCACAAGCGGTGGAGCATGTGGTTTAATTCGAAGCAACGCGAAGAACCTTACCAGGTCTTGACATCCCTCTGACCGCTCTAGAGATAGAGTTTTCCTTCG","GGATTAGATACCCTTGGTAGTCCACGCCGTAAACGATGAATACTAGGTGTCGGAAAGCATGGCTTTTCGGTGCCGCCGCAAACGCATTAAGTATTCCACCTGGGGAGTACGTTCGCAAGAATGAAACTCAAAGGAATTGACGGGACCCGCACAAGCGGTGGAGCATGTGGTTTAATTCGAAGCAACGCGAAGAACCTTACCAAGTCTTGACATCCTTCTGACCGGACAGTAATGTGTCCTTTCCTTCGGG","GGATTAGATACCCTGGGTAGTCCACGCCGTAAACGATGCTCACTGGATCTTGGCGATACACCGCCAGGGTTCAAGCGAAAGTATTAAGTGAGCCACCTGGGGAGTACGTCGGCAACGATGAAACTCAAAGGAATTGACGGGGGCCCGCACAAGCGGAGGAACATGTGGTTTAATTCGATGATACGCGAGGAACCTTACCCGGGTTTAAATGTGGAGTGCATGAGCTGGAAACAGTTCTTTCCCTCGGGAC","GGATTAGATACCCTGGGTAGTCCACGCAGTAAACGATGAATACTAACTGTTTGCGATACACAGTAAGCGGTACAGCGAAAGCGTTAAGTATTCCACCTGGGGAGTACGCCGGCAACGGTGAAACTCAAAGGAATTGACGGGGCCCGCACAAGCGGAGGAACATGTGGTTTAATTCGATGATACGCGAGGAACCTTACCCGGGCTCAAACGTAGCGGTAATATAGATGAAAGTTTATAGCTAGCAATAGAC","GGATTAGATACCCTTGGTAGTCCACGCCGTAAACGATGAATGCTAGGTGTTGGGTTCTGAAGGACTCGGTGCCGCAGTTAACGCAATAAGCATTCCACCTGGGGAGTACGACCGCAAGGTTGAAACTCAAAGGAATTGACGGGGCCCGCACAAGCGGTGGAGCATGTGGATTAATTCGACGCAACGCGAAGAACCTTACCAGGTCTTGACATCCCTCTGAATACTGTAGAGATATGGTAGGCCTTCGGGA","AGGATTAGATACCCTTGGTAGTCCACGCCGTAAACGATGAGCACTAGGTGTCGGGGCCGCAGGGTTTCGGTGCCGCAGTTAACGCATTAAGTGCTCCGCCTGGGGAGTACGCACGCAAGTGTGAAACTCAAAGGAATTGACGGGACCCGCACAAGCAGCGGAGCATGTGGTTTAATTCGAAGCAACGCGAAGAACCTTACCAGGACTTGACATCCCTCTGACGTCCCTTTAACAGGGGATTTCTTCGGAC","AGGATTAGATACCCTTGGTAGTCCACACTGTAAACGATGATAACTAGGTGTGGGGGGTCTGACCCCTTCCGTGCCGCAGCAAACGCAATAAGTTATCCACCTGGGGAGTACGACCGCAAGGTTGAAACTCAAAGGAATTGACGGGACCCGCACAAGCAGTGGATTATGTGGTTTAATTCGAAGCAACGCGAAGAACCTTACCAGCACTTGACATCCAACTAACGAAATAGAGATATATAAGGTGCCCTTC","GATTAGATACCCTGGGTAGTCCACGCCGTAAACGATGAGTGCTAGGTGTTGGGAAGAGATTCTCGGTGCCGCAGCAAACGCAATAAGCACTCCACCTGGGGAGTACGACCGCAAGGTTGAAACTCAAAGGAATTGACGGGACCCGCACAAGCGGTGGAGCATGTGGTTTAATTCGAAGCAACGCGAAGAACCTTACCTAAACTTGACATCTCGATGACAATCTATGTAAAGTAGACTTCCTTCGGGACAT","GATTAGATACCCTTGGTAGTCCCAGCCGTAAACGATGGACGCTAGGTGTGGGGGACGATCCCTCCGTGCCGCAGCCAACGCATTAAGCGTCCCGCCTGGGGAGTACGGCCGCAAGGCTAAAACTCAAAGGAATTGACGGGGCCCGCACAAGCAGCGGAGCATGTGGCTTAATTCGAAGCAACGCGAAGAACCTTACCAGGGCTTGACATGACCGTGAAGCCGGGGAGACCCGGTGGCCGAGAGGAGCGGT","AGGATTAGATACCCTGGGTAGTCCACGCAGTAAACGATGAATACTAACTGTTCGGAGGGCGACCTCTGAGTGGTAAAGCGAAAGCGTTAAGTATTCCACCTGGGGAGTACGCCGGCAACGGTGAAACTCAAAGGAATTGACGGGGCCCGCACAAGCGGAGGAACATGTGGTTTAATTCGATGATACGCGAGGAACCTTACCCGGGCTCAAACGTCGGGCGAACCATCCTGAAAGGGATGGGCCAGCAATG","GATTAGATACCCTTGGTAGTCCACGCTGTAAACGATGGATACTAGGTGTGGGGGGTCTGACCCCCTCCGTGCCGCAGTTAACACAATAAGTATCCCACCTGGGGAGTACGATCGCAAGGTTGAAACTCAAAGGAATTGACGGGGCCCGCACAAGCGGTGGAGTATGTGGTTTAATTCGAAGCAACGCGAAGAACCTTACCAGGGCTTGACATCCCGCTGCCCGGTGTAGAGATACACCTTTCCCTTCGGG","AGGATTAGATACCCTGGGTAGTCCACGCTGTAAACGATGAATACTAGGTGTGGGGGCCGTAGGGTTTCCGTGCCGCAGTTAACACAATAAGTATTCCACCTGGGGAGTACGGCCGCAAGGTTGAAACTCAAAGGAATTGACGGGAGCCCGCACAAGCAGTGGAGTATGTGGTTTAATTCGACGCAACGCGAAGAACCTTACCGGAGCTTGACATCCTCAGAAGACCGATGTAATGTTGGTTGTGCTCTTC","AGGATTAGATACCCTTGGTAGTCCACGCTGTAAACGATGAATGCTGGGTGTTTGGCCTTAGGGCTGAGTGCCGAAGTTAACGCGATAAGCATTCCACCTGGGGAGTACGGTCGCAAGATTAAAACTCAAAGGAATTGACGGGGCCCGCACAGGCGGTGGAGCATGTGGTTTAATTCGACGCAACGCGAAGAACCTTACCAGCTTTTGACATGGGCACTGTGGTTGGTGGAGACACTGACCTTCACTTCGG","AGGATTAGATACCCTTGGTAGTCCACGCGGTAAACGATGAATACTGGCCATGTGTTCCGATTGAGGATTGCGTGGCTGAGCGAAAGCATTAAGTATTCCACCTGGGGAGTACGCCGGCAACGGTGAAACTCAAAGGAATTGACGGGGGCCCGCACAAGCGGAGGAACATGTGGTTTAATTCGATGATACGCGAGGAACCTTACCCGGGCTCAAACGCCTGCCGACCGGTCTGGAGACAGACTTTCCCGCA","AGGATTAGATACCCTTGGTAGTCCACGCCGTAAACGATGATTACTAGGTGTCGGGGAGTTAAACTCTTCGGTGCCGCAGCAAACGCAATAAGTAATCCACCTGGGGAGTACGTTCGCAAGAATGAAACTCAAAGGAATTGACGGGGACCCGCACAAGCGGTGGAGCATGTGGTTTAATTCGAAGCAACGCGAAGAACCTTACCAAATCTTGACATCCCGGTGACAAACTGTGTAAAGCAGTCTTTCTTCG","AGGATTAGATACCCTGGGTAGTCCACGCCGTAAACGATGAATACTAGGTGTCGGGCAGCATAGCTGTTCGGTGCCGCAGCAAACGCATTAAGTATTCCACCTGGGGAGTACGTTCGCAAGAATGAAACTCAAAGGAATTGACGGGGACCCGCACAAGCGGTGGAGCATGTGGTTTAATTCGAAGCAACGCGAAGAACCTTACCAGATCTTGACATCCCGATGACCGTTCCTTAATCGGAACCTTTCTTCG","AGGATTAGATACCCTTGGTAGTCCGCACGGTAAACGATGGATGCTCGCTGTGTGCATTCGTGTATGCGGCCAAGGGAAACCATTAAGCATCCCACCTGGGGAGTACGCCGGCAACGGTGAAACTCAAAGGAATTGACGGGGCCCGCACAAGCGGAGGAACATGTGGTTTAATTCGATGATACGCGAGGAACCTTACCCGGGCTTGAATTGCAGAAGACGGATCCAGAGATGGTGACTCCCTTCGGGGCTT","AGGATTAGATACCCTTGGTAGTCCACGCCGTAAACGATGAATACTAGGTGTCGGGGCTCATAAGAGCTTCGGTGCCGCAGCAAACGCAATAAGTATTCCACCTGGGGAGTACGTTCGCAAGAATGAAACTCAAAGGAATTGACGGGGACCCGCACAAGCGGTGGAGCATGTGGTTTAATTCGAAGCAACGCGAAGAACCTTACCAGGTCTTGACATCCTCCTGAACGGAAGGTAATGCTTCCGGTCCTTC","GATTAGATACCCTGGGTAGTCCACGCCGTAAACGATGAGCACTAGGTGTCGGGGCCGCAGGGCTTCGGTGCCGCAGTTAACGCATTAAGTGCTCCGCCTGGGGAGTACGCACGCAAGTGTGAAACTCAAAGGAATTGACGGGGACCCGCACAAGCAGCGGAGCATGTGGTTTAATTCGAAGCAACGCGAAGAACCTTACCAGGACTTGACATCCCTCTGACGTTCCTTTAATAGGGGATTTCTTCGGACA","GATTAGATACCCTGGGTAGTCCACACAGTAAACGATGAATACTCGCTGTTTGCGATATACGGCAAGCGGCCAAGCGAAAGCATTAAGTATTCCACCTGGGGAGTACGCCGGCAACGGTGAAACTCAAAGGAATTGACGGGGCCCGCACAAGCGGAGGAACATGTGGTTTAATTCGATGATACGCGAGGAACCTTACCCGGGCTTAAATTGCATTTGAATGTTGGGGAAACCCAACAGCCGTAAGGCAAAT","GATTAGATACCCTTGGTAGTCCACGCCGTAAACGATGGATACTAGGTGTAGGGGGTATCGACTCCCTCTGTGCCGACGTAAACACAATAAGTATCCCGCCTGGGGAGTACGGCCGCAAGGTTGAAACTCAAAGGAATTGACGGGACCCGCACAAGCAGCGGAGCATGTGGTTTAATTCGAAGCAACGCGAAGAACCTTACCAAGGTTTGACATCCCCTGACCGGTGTAGAGATACACTTTTTTGTAGCAA","GATTAGATACCCTTGGTAGTCCACGCCGTAAACGATGAATACTAGGTGTCAGGGAGCAAAGCTCTTTGGTGCCGCAGCAAACGCAATAAGTATTCCACCTGGGGAGTACGTTCGCAAGAATGAAACTCAAAGGAATTGACGGGGACCCGCACAAGCGGTGGAGCATGTGGTTTAATTCGAAGCAACGCGAAGAACCTTACCAAGTCTTGACATCCCTTTGACCGCAGAGTAATGTCTGCTTCCCTTCGGG","GATTAGATACCCTTGGTAGTCCGCGCGGTAAACGATGGATGCCCGCTGTTCGCCTTTGAGGTGAGCGGCCAAGCGAAAGCGTTAAGCATCCCACCTGGGGAGTACGCCGGCAACGGTGAAACTCAAAGGAATTGACGGGGCCCGCACAAGCGGAGGAACATGTGGTTTAATTCGATGATACGCGAGGAACCTTACCCGGGCTTGAATTGCAGAAGACGGATCCAGAGATGGTGACTCCCTTCGGGGCTTC","GATTAGATACCCTGGGTAGTCCGCACCGTAAACGATGAGCGCCCGTCATTGGCGACACACAGTCAGTGACCAAGGGAAACCGTTAAGCGCTCCACCTGGGGAGTACGCCGGCAACGGTGAAACTCAAAGGAATTGACGGGGCCCGCACAAGCGGAGGAACATGTGGTTTAATTCGATGATACGCGAGGAACCTTACCCGGGCTTGAATTGCAGAGGAAGGAACTGGAGACAGTGACGCCCTTCGGGGCCT","GATTAGATACCCTGGGTAGTCCATGCTGTAAACGATGAATGCTAGTTGTCGGCGTAAGTCGGTGACGGAGTTAACGCGATAAGCATTCCGCCTGGGGAGTACGGTCGCAAGATTAAAACTCAAAGGAATTGACGGGACCCGCACAAGCGGTGGAGCATGTGGTTTAATTCGATGCAACGCGAAAAACCTTACCAACACTTGACATCCTTATCGGGGAGCACAGAGATGAGCTCTTTCAGTTAGGCTGGAT","GATTAGATACCCTTGGTAGTCCACGCCGTAAACGATGATTGCTAGGTGTAGGTGGGTATGGACCCATCGGTGCCGCAGCTAACGCAATAAGCAATCCACCTGGGGAGTACGTTCGCAAGAATGAAACTCAAAGGAATTGACGGGGACCCGCACAAGCGGTGGAGCATGTGGTTTAATTCGAAGCAACGCGAAGAACCTTACCAGGTCTTGACATCCCGATGAAAAACCCGTAACGGGTTCCCTCTTCGGA","GATTAGATACCCTGGGTAGTCCGCGCAGTAAACGATGAGTGCCCGCCTTCTGTGGGATGTCCATGGGAGGCCAAGCGAAAGCGTTAAGCACTCCACCTGGGGAGTACGCCGGCAACGGTGAAACTCAAAGGAATTGACGGGGGCCCGCACAAGCGGAGGAACATGTGGTTTAATTCGATGATACGCGAGGAACCTTACCCGGGCTTGAATTGCAGAGGAAGGATTTGGAGACAATGACGCCCTTCGGGGC","GATTAGATACCCTTGGTAGTCCACGCAGTAAACGATGACTACTAGCTTTCCGGGGCGACTGGGCCCTGGGAGGCACAGCGAAAGCGTTAAGTAGTCCACCTGGGGAGTACGCCGGCAACGGTGAAACTCAAAGGAATTGACGGGGCCCGCACAAGCGGAGGAACATGTGGTTTAATTCGATGATACGCGAGGAACCTTACCCGGGCTCAAACGACAGCGGACAGCTCCCGAAAGGGGGTCTCCGGCAACG","GGATTAGATACCCTGGGTAGTCCACGCAGTAAACGATGATAACTCGTTGCCGGCGATACAATGTCGGTGACTTAGCGAAAGCGTTAAGTTATCCACCTGGGGAGTACGTTCGCAAGAATGAAACTCAAAGGAATTGACGGGGCCCGCACAAGCGGAGGAACATGTGGTTTAATTCGATGATACGCGAGGAACCTTACCCGGGCTTGAAAGTTAGCGACGGACTCTGAAAGGAGTCTTCTCTTCGGAGCGC","GGATTAGATACCCTTGGTAGTCCACGCCGTAAACGATGAATACTAGGTGTCGGGGCACAAAAGTGCTTCGGTGCCGCAGCAAACGCATTAAGTATTCCACCTGGGGAGTACGTTCGCAAGAATGAAACTCAAAGGAATTGACGGGGACCCGCACAAGCGGTGGAGCATGTGGTTTAATTCGAAGCAACGCGAAGAACCTTACCAGTCCTTGACATCCCGATGACCGACCTGTAACGAGGTCTTCTCTTCG","GGATTAGATACCCTGGGTAGTCCACGCCGTAAACGATGAGTACTAGCTGTCGGAGGTTACCCCCTTCGGTGGCGCAGCTAACGCATTAAGTACTCCGCCTGGGGAGTACGCTCGCAAGAGTGAAACTCAAAGGAATTGACGGGACCCGCACAAGTAGCGGAGCATGTGGTTTAATTCGAAGCAACGCGAAGAACCTTACCTAAGCTTGACATCCTTTTGACCGATGCCTAATCGCATCTTTCCCTTCGGG","GGATTAGATACCCTTGGTAGTCCACACCGTAAACGATGAGCACTAGGTGTCGGGGGCGCAAGTCCTCGGTGCCGGAGTTAACGCATTAAGTGCTCCGCCTGGGGAGTACGTACGCAAGTATGAAACTCAAAGGAATTGACGGGGACCCGCACAAGCAGCGGAGCATGTGGTTTAATTCGAAGCAACGCGAAGAACCTTACCAGGGCTTGACATCCCTCTGACAGGACTTTAATCGGTTCCTTCTTCGGAC","GGATTAGATACCCTGGGTAGTCCACGCCGTAAACGATGAATACTAGGTGTCGGGGGTCATAAGACTTTCGGTGCCGCAGCAAACGCAATAAGTATTCCACCTGGGGAGTACGTTCGCAAGAATGAAACTCAAAGGAATTGACGGGACCCGCACAAGCGGTGGAGCATGTGGTTTAATTCGAAGCAACGCGAAGAACCTTACCAGGCCTTGACATCCTTCTGACCGGTGAGTAATGTCACCTTTCCTTCGG","AGGATTAGATACCCTTGGTAGTCCACGCAGTAAACGATGATTACTAGGAGTTTGCGATACAGTGTAAGCTCTACAGCGAAAGCGTTAAGTAATCCACCTGGGGAGTACGCCGGCAACGGTGAAACTCAAAGGAATTGACGGGGCCCGCACAAGCGGAGGAACATGTGGTTTAATTCGATGATACGCGAGGAACCTTACCCGGGTTTGAACGGGAGCGGACCGAGGTGGAAACATCTCTTTCAGCAATGAC","GGATTAGATACCCTTGGTAGTCCACGCCGTAAACGATGAGCACTAGGTGTCGGGATCGCAGGATTTCGGTGCCGGAGTTAACGCATTAAGTGCTCCGCCTGGGGAGTACGCACGCAAGTGTGAAACTCAAAGGAATTGACGGGGACCCGCACAAGCAGCGGAGCATGTGGTTTAATTCGAAGCAACGCGAAGAACCTTACCAGGACTTGACATCCCTCTGACAGATCCTTAACCGGATTCTTCTTCGGAC","GGATTAGATACCCTTGGTAGTCCACACCGTAAACGATGATTACTAGGTGTGGGGGCGTCAAGCTTCCGTGCCGGAGTTAACACAATAAGTAATCCACCTGGGGAGTACGGCCGCAAGGTTGAAACTCAAAGGAATTGACGGGGCCCGCACAAGCAGTGGAGTATGTGGTTTAATTCGAAGCAACGCGAAGAACCTTACCAGGTCTTGACATCGTGCGCATATTCTAGAGATAGAAGAAGTCTTTCGGGAC","GGATTAGATACCCTGGGTAGTCCACGCCGTAAACGATGGGTACTAGGTGTTAGGGGTTTCGATGCCTCTAGTGCCGCAGTAAACACAATAAGTACCCCGCCTGGGGAGTACGGTCGCAAGACTGAAACTCAAAGGAATTGACGGGGCCCGCACAAGCGGTGGAGCATGTGGTTTAATTCGACGCAACGCGAAGAACCTTACCAAGACTTGACATCCCTTTGACCGGAAATGTAATGTTTCCTTCTCTTCG","GGATTAGATACCCTGGGTAGTCCACGCCGTAAACGATGACTACTAGGTGTCGGTAAGCAAAGCTTATCGGTGCCGCAGCTAACGCAATAAGTAGTCCACCTGGGGAGTACGTTCGCAAGAATGAAACTCAAAGGAATTGACGGGGACCCGCACAAGCGGTGGAGCATGTGGTTTAATTCGAAGCAACGCGAAGAACCTTACCTGGCCTTGACATCCGAATGACCGGTGAGTAATGTCACCTTCCCTTCGG","AGGATTAGATACCCTTGGTAGTCCACGCCGTAAACGATGAGTGCTAGGTGTCGGAGGGAAACCTTCGGTGCCGCAGCAAACGCAATAAGCACTCCACCTGGGGAGTACGATCGCAAGATTGAAACTCAAAGGAATTGACGGGGCCCGCACAAGCGGTGGAGCATGTGGTTTAATTCGAAGCAACGCGAAGAACCTTACCAAGGCTTGACATCCTCCTGACCAGTGTAGAGATACACTTTCTCTTCGGAGC","AGGATTAGATACCCTGGGTAGTCCACGCAGTAAACGATGATGGCTAACTGTCGGGTTTTAGGATTCGGCGGCCAAGCGAAAGCGATAAGCCATCCACCTGGGGAGTACGACCGCAAGGTTGAAACTCAAAGGAATTGACGGGGCCCGCACAAGCGGAGGAACATGTGGTTTAATTCGATGATACGCGAGGAACCTTACCCAGGCTCGAACGGCACCTGAATCATCCAGAGATGGGTGAGTCTTCGGACAG","AGGATTAGATACCCTGGGTAGTCCACGCCGTAAACGATGAGCACTAGGTGTCGGGGTCGCAAGACTTCGGTGCCGCAGTTAACGCAATAAGTGCTCCGCCTGGGGAGTACGTTCGCAAGAATGAAACTCAAAGGAATTGACGGGGACCCGCACAAGCAGCGGAGCATGTGGTTTAATTCGAAGCAACGCGAAGAACCTTACCAGGACTTGACATCCCTCTGACAGCCTTTTAATCGAGGTTTTCTACGGA","AGGATTAGATACCCTGGGTAGTCCACGCTGTAAACGATGAATACTAGGTGTTGGTGAGCAAAGCTCATCGGTGCCGCCGCAAACGCAATAAGTATTCCACCTGGGGAGTACGTTCGCAAGAATGAAACTCAAAGGAATTGACGGGGACCCGCACAAGCGGTGGAGCATGTGGTTTAATTCGAAGCAACGCGAAGAACCTTACCAAATCTTGACATCCCTCTGAAAAGCCTTTAATCGGGCTCCTCCTTCG","GATTAGATACCCTGGGTAGTCCACGCCGTAAACGATGGATACTAGGTGTGGGAGGTATTGACCCCTTCCGTGCCGCAGTTAACACAATAAGTATCCCACCTGGGGAGTACGGCCGCAAGGTTGAAACTCAAAGGAATTGACGGGGCCCGCACAAGCAGTGGAGTATGTGGTTTAATTCGAAGCAACGCGAAGAACCTTACCAGGTCTTGACATCCCGATGACCGACCTAGAGATAGGTCTTTTCTTCGGA","AGGATTAGATACCCTTGGTAGTCCGCACGGTAAACGATGGATGCTCGCTGTGTGCATACGTGTACGCGGCCAAGGGAAACCATTAAGCATCCCACCTGGGGAGTACGCCGGCAACGGTGAAACTCAAAGGAATTGACGGGGCCCGCACAAGCGGAGGAACATGTGGTTTAATTCGATGATACGCGAGGAACCTTACCCGGGCTTGAATTGCAGAAGACGGATCCAGAGATGGTGACTCCCTTCGGGGCTT","AGGATTAGATACCCTTGGTAGTCCACGCAGTAAACGATGACTACTAGCTTTCCGGAACGATTGTGTTCTGGGAGGCACAGCGAAAGCGTTAAGTAGTCCACCTGGGGAGTACGCCGGCAACGGTGAAACTCAAAGGAATTGACGGGGCCCGCACAAGCGGAGGAACATGTGGTTTAATTCGATGATACGCGAGGAACCTTACCCGGGCTCAAACGACAGCGGACAGCTCCCGAAAGGGGGTCTCCGGCAA","AGGATTAGATACCCTGGGTAGTCCACACCGTAAACGATGGATACTAGGTGTAGGGGACATTAAGTCTTCTGTGCCGTCGCAAACGCAATAAGTATCCCACCTGGGGAGTACGGCCGCAAGGTTGAAACTCAAAGGAATTGACGGGGCCCGCACAAGCAGTGGAGTATGTGGTTTAATTCGACGCAACGCGAAGAACCTTACCAGGGCTTGACATACAGATGAATATGTTAGAGATAATATAGCTCTTCGG","AGGATTAGATACCCTTGGTAGTCCGCGCGGTAAACGATGGATGCCCGCTGTGTGCCAATCTGGTATGCGGCCAAGCGAAAGCGTTAAGCATCCCACCTGGGGAGTACGCCGGCAACGGTGAAACTCAAAGGAATTGACGGGGGCCCGCACAAGCGGAGGAACATGTGGTTTAATTCGATGATACGCGAGGAACCTTACCCGGGCTTGAATTGCAGCGGAAGGAAGCAGAGATGCTGACGCCCTCCGGGGT","AGGATTAGATACCCTGGGTAGTCCACACTGTAAACGATGGATACTAGGTGTAGGGGGTATTAAGCCTTCTGTGCCGTCGCAAACGCAGTAAGTATCCCACCTGGGGAGTACGACCGCAAGGTTGAAACTCAAAGGAATTGACGGGGCCCGCACAAGCAGTGGAGTATGTGGTTTAATTCGAAGCAACGCGAAGAACCTTACCAGGTCTTGACATATAGATGAATACTTAAGAGATTAGGTAGCTCTTCGG","AGGATTAGATACCCTGGGTAGTCCACGCAGTAAACGATGATAACTAACCGTCGGCGATACACAGTCGGTGGCCAAGCGAAAGCGATAAGTTATCCACCTGGGGAGTACGTTCGCAAGAATGAAACTCAAAGGAATTGACGGGGCCCGCACAAGCGGAGGAACATGTGGTTTAATTCGATGATACGCGAGGAACCTTACCCGGGCTCGAACGGCATATGAACGAACCAGAGATGATTCGGTCCTTCGGGAC","AGGATTAGATACCCTGGGTAGTCCACGCAGTAAACGATGAATACTAGCTGTTGGCGATATATGGTCAGCGGTAAAGCGAAAGTATTAAGTATTCCACCTGGGGAGTACGCCGGCAACGGTGAAACTCAAAGGAATTGACGGGGCCCGCACAAGCGGAGGAACATGTGGTTTAATTCGATGATACGCGAGGAACCTTACCCGGGCTTGAAAGTTAGTGACGGACTTGGAAACAGGTCTTTCCTTCGGGACA","AGGATTAGATACCCTTGGTAGTCCACGCTGTAAACGATGTCGATTTGGGGGTTGAGCTTTAAGTTTGGCGCCCGTAGCTAACGTGATAAATCGACCGCCTGGGGAGTACGGCCGCAAGGTTAAAACTCAAATGAATTGACGGGGCCCGCACAAGCGGTGGAGCATGTGGTTTAATTCGATGCAACGCGAAGAACCTTACCTACTCTTGACATCCAGAGAACTTTCCAGAGATGGATTGGTGCCTTCGGGA","GATTAGATACCCTGGGTAGTCCATGCTGTAAACGATGATAGCTAGGTGTGGGGGGACTGACCCCTTCCGTGCCGGAGTTAACACAATAAGCTATCCACCTGGGGAGTACGATCGCAAGATTGAAACTCAAAGGAATTGACGGGGGCCCGCACAAGCAGTGGAGTATGTGGTTTAATTCGACGCAACGCGAAGAACCTTACCAGGTCTTGACATCCAACTAACGAAGCAGAGATGCATCAGGTGCCCTTCG","AGGATTAGATACCCTTGGTAGTCCACACCGTAAACGATGGATACTAGGTGTAGGGGACATTAAGTCTTCTGTGCCGTCGCAAACGCAATAAGTATCCCACCTGGGGAGTACGGCCGCAAGGTTGAAACTCAAAGGAATTGACGGGGCCCGCACAAGCAGTGGAGTATGTGGTTTAATTCGACGCAACGCGAAGAACCTTACCAGGGCTTGACATACAGATGAATATGTTAGAGATAATATAGCTCTTCGG","AGGATTAGATACCCTTGGTAGTCCACGCCGTAAACGATGAATACTAGGTGTCGGGGGTTTATGAACCTTCGGTGCCGCAGCAAACGCAATAAGTATTCCACCTGGGGAGTACGTTCGCAAGAATGAAACTCAAAGGAATTGACGGGACCCGCACAAGCGGTGGAGCATGTGGTTTAATTCGAAGCAACGCGAAGAACCTTACCAAGTCTTGACATCCCATTGACCGGGACTTAACCGTCCCTTCTCTTCG","GATTAGATACCCTTGGTAGTCCACGCAGTAAACGATGATCACTAGCTGTTTGCGATAGATTGTAAGCGGCACAGCGAAAGCGTTAAGTGATCCACCTGGGGAGTACGCCGGCAACGGTGAAACTCAAAGGAATTGACGGGGGCCCGCACAAGCGGAGGAACATGTGGTTTAATTCGATGATACGCGAGGAACCTTACCCGGGTTTGAACGCAGGGGGACAGGCCGTGAAAGCGGCCTTCTAGCAATAGTC","GATTAGATACCCTGGGTAGTCCACGCTGTAAACGATGAATGCTAGGTGTTGGGTCCGAAGGACTCGGTGCCGAAGTCAACGCATTAAGCATTCCACCTGGGGAGTACGACCGCAAGGTTGAAACTCAAAGGAATTGACGGGGCCCGCACAAGCGGTGGAGCATGTGGTTTAATTCGAAGCAACGCGAAGAACCTTACCAAGTCTTGACATCCCTCTGAATATGTCAGAAATGAGATAGCTCTACGGAGCA","GATTAGATACCCTGGGTAGTCCACACCGTAAACGATGATTACTAGGTGTGGGGGCGTCAAGCTTCCGTGCCGGAGTTAACACAATAAGTAATCCACCTGGGGAGTACGGCCGCAAGGTTGAAACTCAAAGGAATTGACGGGGCCCGCACAAGCAGTGGAGTATGTGGTTTAATTCGAAGCAACGCGAAGAACCTTACCAGGTCTTGACATCGTGCGCATAGTCTAGAGATAGATGAAGTCTTTCGGGACG","GATTAGATACCCTTGGTAGTCCACGCCGTAAACGATGAATACTAACTGTTTGCGATATAATGTAAGCGGTACAGCGAAAGCGTTAAGTATTCCACCTGGGGAGTACGCCGGCAACGGTGAAACTCAAAGGAATTGACGGGGCCCGCACAAGCGGAGGAACATGTGGTTTAATTCGATGATACGCGAGGAACCTTACCCGGGCTCAAACGACAGGGGAATGATCCCGAAAAGGGTCAGCCAGCAATGGCCG","GATTAGATACCCTGGGTAGTCCACGCCGTAAACGATGAGTGCTAGGTGTCGGAGGGGAACCTTCGGTGCCGCAGCAAACGCAATAAGCACTCCACCTGGGGAGTACGATCGCAAGATTGAAACTCAAAGGAATTGACGGGGCCCGCACAAGCGGTGGAGCATGTGGTTTAATTCGAAGCAACGCGAAGAACCTTACCAAGGCTTGACATCCCGATGACGAATACAGAGATGTATTTTCTCTTCGGAGCAT","GATTAGATACCCTTGGTAGTCCGCACGGTAAACGATGGATGCCCGCTGTTGGTCTGAATAGGTCAGCGGCCAAGCGAAAGCATTAAGCATCCCACCTGGGGAGTACGCCGGCAACGGTGAAACTCAAAGGAATTGACGGGGGCCCGCACGAGCGGAGGAACATGTGGTTTAATTCGAAGCAACGCGAAGAACCTTACCTGATCTTGACATCCCGATGACCGCTTCGTAATGGAAGCTTTTCTTCGGAACA","GATTAGATACCCTGGGTAGTCCACGCCGTAAACGATGATTACTAGGTGTTGGTGGGTACGACCCATCGGTGCCGCAGCAAACGCAATAAGTAATCCACCTGGGGAGTACGTTCGCAAGAATGAAACTCAAAGGAATTGACGGGACCCGCACAAGCGGTGGAGCATGTGGTTTAATTCGAAGCAACGCGAAGAACCTTACCTGGTCTTGACATCCCGATGACAGATCTGTAATGAGATCCTTACTTCGGTA","GATTAGATACCCTTGGTAGTCCACGCCGTAAACGATGAGTGCTAAGTGTTGGAGGGTTTCCGCCCTTCAGTGCTGCAGTTAACGCATTAAGCACTCCGCCTGGGGAGTACGACCGCAAGGTTGAAACTCAAAGGAATTGACGGGGACCCGCACAAGCGGTGGAGCATGTGGTTTAATTCGAAGCAACGCGAAGAACCTTACCAAGTCTTGACATCCTTTGACCACTCTAGAGATAGAGCTTTCCCTTCGG","AGGATTAGATACCCTTGGTAGTCCACGCGGTAAACGATGAATACTAGGTGTTGGGGGACAAAGTCCTTCGGTGCCGCCGCAAACGCATTAAGTATTCCACCTGGGGAGTACGTTCGCAAGAATGAAACTCAAAGGAATTGACGGGACCCGCACAAGCGGTGGAGCATGTGGTTTAATTCGAAGCAACGCGAAGAACCTTACCAAGTCTTGACATCGATTCGACGGGAGTGTAATGACTCCTTTCCCTTCG","GATTAGATACCCTGGGTAGTCCACGCGGTAAACGATGAATACTAGATGTCGGGAAGCAAAGCTTCTCGGTGTCGTCGCAAACGCAATAAGTATTCCACCTGGGGAGTACGTTCGCAAGAATGAAACTCAAAGGAATTGACGGGGACCCGCACAAGCGGTGGAGCATGTGGTTTAATTCGAAGCAACGCGAAGAACCTTACCAGGTCTTGACATGCCGATGACCGCCTCGTAATGGAGGCTTCTCTTCGGA","GATTAGATACCCTGGGTAGTCCACGCTGTAAACGATGAATACTAGGTGTGGGAGGACTGACCCCTTCCGTGCCGCAGTTAACACAATAAGTATTCCACCTGGGGAGTACGATCGCAAGATTGAAACTCAAAGGAATTGACGGGGGCCCGCACAAGCAGTGGATTATGTGGTTTAATTCGACGCAACGCGAAGAACCTTACCTGCTCTTGACATCTCCCTGACCGGCAAGTAATGTTGCCTTTCCTTCGGG","GATTAGATACCCTTGGTAGTCCACGCCGTAAACGATGACTGCTAGGTGTCGGGTAGCAAAGCTATTCGGTGCCGCAGCTAACGCAATAAGCAGTCCACCTGGGGAGTACGTTCGCAAGAATGAAACTCAAAGGAATTGACGGGGACCCGCACAAGCGGTGGAGCATGTGGTTTAATTCGATGATACGCGAGGAACCTTACCCGGGCTTGAATTGCAGAGGAAGGATTTGGAGACAATGACGCCCTTCGGG","GATTAGATACCCTTGGTAGTCCACGCGGTAAACGATGAATACTAGATGTTGGGGAGCGAAGCTCTTCGGTGTCGCAGCAAACGCAATAAGTATTCCACCTGGGGAGTACGTTCGCAAGAATGAAACTCAAAGGAATTGACGGGGACCCGCACAAGCGGTGGAGCATGTGGTTTAATTCGAAGCAACGCGAAGAACCTTACCTGGTCTTGACATCCCCCTGACTGGTCGGTAATGCGACCTTTCCTTCGGG","GATTAGATACCCTGGGTAGTCCACGCCGTAAACGATGAGCACTAGGTGTCGGGGCCGCAGGGCTTCGGTGCCGCAGTTAACGCATTAAGTGCTCCGCCTGGGGAGTACGCACGCAAGTGTGAAACTCAAAGGAATTGACGGGGACCCGCACAAGCAGCGGAGCATGTGGTTTAATTCGAAGCAACGCGAAGAACCTTACCAGGACTTGACATCCCTCTGACGTCCCTTTAATCAGGGATTTCTTCGGACA","GGATTAGATACCCTGGGTAGTCCACGCCGTAAACGATGAATACTAACTGTTTGCGATATACAGTAAGCGGTACAGCGAAAGCGTTAAGTATTCCACCTGGGGAGTACGCCGGCAACGGTGAAACTCAAAGGAATTGACGGGGCCCGCACAAGCGGAGGAACATGTGGTTTAATTCGATGATACGCGAGGAACCTTACCCGGGCTCAAACGCAGGAGGGATGCGTATGAAAGTACGCAGCTAGCAATAGCC","GGATTAGATACCCTTGGTAGTCCACGCTGTAAACGATGATTACTAGGTGTGGGGGATTTCGGTCCTCCGTGCCGGAGCAAACGCAATAAGTAATCCACCTGGGGAGTACGGCCGCAAGGCTGAAACTCAAAGGAATTGACGGGGCCCGCACAAGCAGTGGATTATGTGGTTTAATTCGAAGCAACGCGAAGAACCTTACCAGGTCTTGACATCCGATGCATAGCTCAGAGATGAGTGAAATTCCTTCGGG","GGATTAGATACCCTGGGTAGTCCACACTGTAAACGATGATTACTAGGTGTGGGGGGTCTAACCCCCTCCGTGCCGGAGTTAACACAATAAGTAATCCACCTGGGGAGTACGACCGCAAGGTTGAAACTCAAAGGAATTGACGGGGCCCGCACAAGCAGTGGAGTATGTGGTTTAATTCGACGCAACGCGAAGAACCTTACCAGGTCTTGACATCCAACTAACGAAGCAGAGATGCGTTAGGTGCCCTTCG","GGATTAGATACCCTGGGTAGTCCACGCCGTAAACGATGAATGCTAGGTGTTGGGGAGCAAAGCTCTTCGGTGCCGCCGCAAACGCATTAAGCATTCCACCTGGGGAGTACGTTCGCAAGAATGAAACTCAAAGGAATTGACGGGGACCCGCACAAGCGGTGGAGCATGTGGTTTAATTCGAAGCAACGCGAAGAACCTTACCAAGTCTTGACATCCCTTTGAAAAGCCCGTAACGGGGCTCCCTCTTCGG","GGATTAGATACCCTGGGTAGTCCACGCTGTAAACGATCAATACTAGGTGTGCGGGGACTAACCCCCTGCGTGCCGCAGCTAACGCAATAAGTATTGCACCTGGGGAGTACGATCGCAAGGTTGAAACTCAAAGGAATTGACGGGGGCCCGCACAAGCGGTGGATTATGTGGTTTAATTCGAAGCAACGCGAAGAACCTTACCAGGACTTGACATGGGGATGACCGCTCTAGAGATAGAGCTTTCCTTCGG","GGATTAGATACCCTTGGTAGTCCACGCCGTAAACGATGAGTGCTAGGTGTCGGAGGGGAACCTTCGGTGCCGCAGCAAACGCAATAAGCACTCCACCTGGGGAGTACGATCGCAAGATTGAAACTCAAAGGAATTGACGGGGGCCCGCACAAGCGGTGGAGCATGTGGTTTAATTCGAAGCAACGCGAAGAACCTTACCAAGGCTTGACATCCTCCTGACCAGTGTAGAGATACACTTTCTCTTCGGAGC","GGATTAGATACCCTTGGTAGTCCACGCTGTAAACGATGGATGCTAGATGTCGGGGAGTATTCTTCGGTGTCGTAGTTAACGCGTTAAGCATCCCGCCTGGGGAGTACGGTCGCAAGGCTGAAACTCAAAGAAATTGACGGGGCCCGCACAAGCGGTGGAGTATGTGGTTTAATTCGATGCAACGCGAAGAACCTTACCTAGGTTTGACATCTGGGGAACCCTCCCGAAAAGGAGGGGTGCCCTTCGGGGA","GGATTAGATACCCTGGGTAGTCCACACCGTAAACGATGAGCACTAGGTGTCGGGGTCGCAAGACTTCGGTGCCGGAGTTAACGCATTAAGTGCTCCGCCTGGGGAGTACGCACGCAAGTGTGAAACTCAAAGGAATTGACGGGGACCCGCACAAGCAGCGGAGCATGTGGTTTAATTCGAAGCAACGCGAAGAACCTTACCAGGACTTGACATCCCTCTGAAACTCCTGATAACGAAGGAGCCTCTTCGG","GGATTAGATACCCTGGGTAGTCCACACAGTAAACGATGAATACTCGCTGTTTGCGATATACAGCAAGCGGCCAAGCGAAAGCATTAAGTATTCCACCTGGGGAGTACGCCGGCAACGGTGAAACTCAAAGGAATTGACGGGGGCCCGCACAAGCGGAGGAACATGTGGTTTAATTCGATGATACGCGAGGAACCTTACCCGGGCTTAAATTGCATTTGAATGTTGGGGAAACCCAACAGCCGTAAGGCAA","GGATTAGATACCCTGGGTAGTCCACGCCGTAAACGATGACTACTAGGTGTCGGGTGGCAAAGCCATTCGGTGCCGCAGCAAACGCAATAAGTAGTCCACCTGGGGAGTACGTTCGCAAGAATGAAACTCAAAGGAATTGACGGGGACCCGCACAAGCGGTGGAGCATGTGGTTTAATTCGAAGCAACGCGAAGAACCTTACCTGCTCTTGACATCCCGCTGACCGGACGGTAATGCGTCCTTCCCTTCGG","GGATTAGATACCCTGGGTAGTCCACGCTGTAAACGATGTCGATTTGGGGGTTGAACTTTAAGTTTGGCGCCCGTAGCTAACGTGATAAATCGACCGCCTGGGGAGTACGGCCGCAAGGTTAAAACTCAAATGAATTGACGGGGCCCGCACAAGCGGTGGAGCATGTGGTTTAATTCGATGCAACGCGAAGAACCTTACCTACTCTTGACATCCAGAGAACTTTCCAGAGATGGATTGGTGCCTTCGGGAA","GGATTAGATACCCTTGGTAGTCCACGCCGTAAACGATGGATACTAGGTGTGGGAGGTATTGACCCCTTCCGTGCCGCAGTTAACACAATAAGTATCCCACCTGGGGAGTACGGCCGCAAGGTTGAAACTCAAAGGAATTGACGGGGCCCGCACAAGCAGTGGAGTATGTGGTTTAATTCGAAGCAACGCGAAGAACCTTACCAGGTCTTGACATCCCGATGACCGCCTTAGAGATAAGGCTTTTCTTCGG","GGATTAGATACCCTGGGTAGTCCACGCCGTAAACGATGAGTGCTAAGTGTTAGGGGGTTTCCGCCCCTTAGTGCTGCAGCTAACGCATTAAGCACTCCGCCTGGGGAGTACGGTCGCAAGACTGAAACTCAAAGGAATTGACGGGGCCCGCACAAGCGGTGGAGCATGTGGTTTAATTCGAAGCAACGCGAAGAACCTTACCAGGTCTTGACATCCCGCTGACCGGCCTAGAGATAGGCTTTTCCCTTCG","GGATTAGATACCCTTGGTAGTCCACGCTGTAAACGATGATTACTAGGTGTGGGGATTTCGGTCCTCCGTGCCGGAGCAAACGCAATAAGTAATCCACCTGGGGAGTACGGCCGCAAGGCTGAAACTCAAAGGAATTGACGGGGCCCGCACAAGCAGTGGATTATGTGGTTTAATTCGAAGCAACGCGAAGAACCTTACCAGGTCTTGACATCCGATGCATAACTTAGAGATAAGTGAAATTCCTTCGGGG","GGATTAGATACCCTGGGTAGTCCACGCTGTAAACGATGTCGACTTGGAGGTTGTTCCCTTGAGGAGTGGCTTCCGGAGCTAACGCGTTAAGTCGACCGCCTGGGGAGTACGGCCGCAAGGTTAAAACTCAAATGAATTGACGGGGCCCGCACAAGCGGTGGAGCATGTGGTTTAATTCGATGCAACGCGAAGAACCTTACCTACTCTTGACATCCACGGAATCTGGCAGAGATGCCTTAGTGCCTTCGGG","GGATTAGATACCCTGGGTAGTCCACGCCGTAAACGATGATTACTAGGTGTGGGGGGACTGACCCCTTCCGTGCCGCAGTTAACACAATAAGTAATCCACCTGGGGAGTACGGCCGCAAGGTTGAAACTCAAAGGAATTGACGGGGCCCGCACAAGCAGTGGAGTATGTGGTTTAATTCGAAGCAACGCGAAGAACCTTACCAGGTCTTGACATCGGATGCATAGCCTAGAGATAGGTGAAGCCCTTCGGG","AGGATTAGATACCCTTGGTAGTCCACGCCCTAAACGATGCATACTCGTTGTTGCTCTACTAGTTAGGGCAGTAATTCAGCTAACGCATTAAGTATGCCGCCTGGGGAGTACGGTCGCAAGATTAAAACTCAAAGGAATAGACGGGACCCGCACAAGCGGTGGAGCATGTGGTTTAATTCGAGGATACGCGAAGAACCTTACCTGGGCTTGATATCCTAAGAACCTCTTAGAGATAAGAGGGTGCTAGCTT","AGGATTAGATACCCTGGGTAGTCCACGCCGTAAACGATGATTACTAGGTGTTGGTGGGTATGACCCATCGGTGCCGCAGCAAACGCAATAAGTAATCCACCTGGGGAGTACGTTCGCAAGAATGAAACTCAAAGGAATTGACGGGACCCGCACAAGCGGTGGAGCATGTGGTTTAATTCGAAGCAACGCGAAGAACCTTACCTGGTCTTGACATCCCGATGACAGATCTGTAATGAGATCCTTACTTCGG","AGGATTAGATACCCTGGGTAGTCCACGCCGTAAACGATGAGTGCTAGATGTTGGATCCTTTCCGGGATTCAGTGCCGCAGCTAACGCATTAAGCACTCCGCCTGGGGAGTACGACCGCAAGGTTGAAACTCAAAGGAATTGACGGGGGCCCGCACAAGCGGTGGAGCATGTGGTTTAATTCGAAGCAACGCGAAGAACCTTACCAGGTCTTGACATCCCGATGCTATTTCTAGAGATAGAAAGTTACTTC","AGGATTAGATACCCTTGGTAGTCCACGCCCTAAACGATGCATACTCGTTGTTGCTCTACTAGTTAGGGCAGTAATTCAGCTAACGCATTAAGTATGCCGCCTGGGGAGTACGGTCGCAAGATTAAAACTCAAAGGAATAGACGGGGACCCGCACAAGCGGTGGAGCATGTGGTTTAATTCGAAGATACGCGAAGAACCTTACCTGGGCTTGATATCCTAAGAACCTCTTAGAGATAAGAGGGTGCTAGCT","GATTAGATACCCTGGGTAGTCCACGCCGTAAACGATGATCACTAGGTGTGGGGAGTTGAACCTTTCCGTGCCGGAGTTAACACAATAAGTGATCCACCTGGGGAGTACGACCGCAAGGTTGAAACTCAAAGGAATTGACGGGGCCCGCACAAGCAGTGGAGTATGTGGTTTAATTCGAAGCAACGCGAAGAACCTTACCAGGTCTTGACATCGAGTGACGATCCCAGAGATGGGATTTCCCTTCGGGGCA","GATTAGATACCCTGGGTAGTCCACGCCGTAAACGATGAATACTAGGTGTCGGGGCCGTATAGGCTTCGGTGCCGCCGCTAACGCAGTAAGTATTCCACCTGGGGAGTACGTTCGCAAGAATGAAACTCAAAGGAATTGACGGGACCCGCACAAGCGGTGGAGCATGTGGTTTAATTCGAAGCAACGCGAAGAACCTTACCAGGTCTTGACATCCTTCTGACCACTCCGTAATGGGAGTCTTCCTTCGGGA","GATTAGATACCCTGGGTAGTCCACGCCGTAAACGATGAGCACTAGGTGTCGGGATCGTAGGATTTCGGTGCCGCAGTTAACGCATTAAGTGCTCCGCCTGGGGAGTACGCACGCAAGTGTGAAACTCAAAGGAATTGACGGGGACCCGCACAAGCAGCGGAGCATGTGGTTTAATTCGAAGCAACGCGAAGAACCTTACCAGGACTTGACATCCCTCTGACAGAGCCTTAACCGGCTCCTTCTTCGGACA","GATTAGATACCCTGGGTAGTCCACACAGTAAACGATGAATACTCGCTGTTTGCGATATACAGTAAGCGGCCAAGCGAAAGCGTTAAGTATTCCACCTGGGGAGTACGCCGGCAACGGTGAAACTCAAAGGAATTGACGGGGCCCGCACAAGCGGAGGAACATGTGGTTTAATTCGATGATACGCGAGGAACCTTACCCGGGCTTAAATTGCAAATGAATGTTCTGGAAACAGATCAGCCGCAAGGCATTT","AGGATTAGATACCCTTGGTAGTCCGCACAGTAAACGATGTGCACTAGGTGTCTGGGCATAAGCCCGGGTGCCAAAGCAAACGCGATAAGTGCACCGCCTGGGGAGTATGCCCGCAAGGGTGAAACTCAAAGGAATTGACGGGGGCCCGCACAAGCGGTGGAGCATGTGGTTTAATTCGATGGTACGCGAGGAACCTTACCTGGGTTTGACATACATACCGATTATTTAGAGATAAGTAAGCGTAGCAATA","AGGATTAGATACCCTGGGTAGTCCGCACAGTAAACGATGGATGCCGGCTGTCGGCGACAGAATGTCGGTGGCCACGCGAAAGTTTTAAGCATCCCACCTGGGGAGTACGCCGGCAACGGTGAAACTCAAAGGAATTGACGGGGCCCGCACAAGCGGAGGAACATGTGGTTTAATTCGATGATACGCGAGGAACCTTACCCGGGCTTGAATTGCAGATGACGTTTCAAGAGATTGGAATTTCCTTCGGGAC","GATTAGATACCCTGGGTAGTCCACACCGTAAACGATGGATACTAGGTGTAGGGGATGAATAATCTTCTGTGCCGTCGCAAACGCAGTAAGTATCCCACCTGGGGAGTACGGCCGCAAGGTTGAAACTCAAAGGAATTGACGGGGCCCGCACAAGCAGTGGAGTATGTGGTTTAATTCGACGCAACGCGAAGAACCTTACCAGGGCTTGACATATAGAGGAATAACTAAGAGATTAGTTAGCTCTTCGGAG","GATTAGATACCCTGGGTAGTCCACGCAGTAAACGATGAATACTCACCGTTTGCGATATAATGTAAGCGGTAAAGCGAAAGCGTTAAGTATTCCACCTGGGGAGTACGCCGGCAACGGTGAAACTCAAAGGAATTGACGGGGCCCGCACAAGCGGAGGAACATGTGGTTTAATTCGATGATACGCGAGGAACCTTACCCGGGCTCAAACGACAGGGGAATATATGGGAAACCATATAGCCAGCAATGGTCG","AGGATTAGATACCCTTGGTAGTCCGCGCAGTAAACGATGCACACTGGGTGTCCGGGCATGAGCCCGGGTGCCGAAGCGAACGCGTTAAGTGTGCCGCCTGGGGAGTATGCCCGCAAGGGTGAAACTCAAAGGAATTGACGGGGGCCCGCACAAGCGGTGGAGCATGTGGTTTAATTCGATGGTACGCGAGGAACCTTACCTGGGCTTGACATACACAGGGACCGCCTGGAGACAGGCGGGCGCAGCAATG","AGGATTAGATACCCTTGGTAGTCCACGCAGTAAACGATGAATACTAGCTGTTGGCGATATATGGTCAGCGGTAAAGCGAAAGTATTAAGTATTCCACCTGGGGAGTACGCCGGCAACGGTGAAACTCAAAGGAATTGACGGGGCCCGCACAAGCGGAGGAACATGTGGTTTAATTCGATGATACGCGAGGAACCTTACCCGGGCTTGAAAGTTAGTGACGGACTTGGAAACAGGTCTTTCCTTCGGGACA","AGGATTAGATACCCTGGGTAGTCCACGCCGTAAACGATGAGCACTAGGTGTCGGGGCCGCAGGGCTTCGGTGCCGCAGTTAACGCATTAAGTGCTCCGCCTGGGGAGTACGCACGCAAGTGTGAAACTCAAAGGAATTGACGGGGACCCGCACAAGCAGCGGAGCATGTGGTTTAATTCGAAGCAACGCGAAGAACCTTACCAGGACTTGACATCCCTCTGACGTCCCTTTAATCGGGGATTTCTTCGGA","AGGATTAGATACCCTTGGTAGTCCACGCAGTAAACGATGATGGCTAACTGTCGGGTTTTAGGATTCGGCGGCCAAGCGAAAGCGATAAGCCATCCACCTGGGGAGTACGACCGCAAGGTTGAAACTCAAAGGAATTGACGGGGCCCGCACAAGCGGAGGAACATGTGGTTTAATTCGATGATACGCGAGGAACCTTACCCAGGCTCGAACGGCACCTGAATCACCCAGAGATGGGTGAGTCTTCGGACAG","AGGATTAGATACCCTTGGTAGTCCACGCCCTAAACGATGTCAATTAGCTGTTGGGCAACTTGATTGCTTAGTAGCGTAGCTAACGCGTGAAATTGACCGCCTGGGGAGTACGGTCGCAAGATTAAAACTCAAAGGAATTGACGGGACCCGCACAAGCGGTGGATGATGTGGATTAATTCGATGCAACGCGAAGAACCTTACCTGGTCTTGACATGTACGGAATCCTCCAGAGACGGAGGAGTGCCTTCGG","AGGATTAGATACCCTTGGTAGTCCACGCTGTAAACGATGATTACTAGGTGTGGGGGACTGACCCCTTCCGTGCCGGAGTTAACACAATAAGTAATCCACCTGGGGAGTACGGCCGCAAGGCTGAAACTCAAAGGAATTGACGGGGCCCGCACAAGCAGTGGAGTATGTGGTTTAATTCGAAGCAACGCGAAGAACCTTACCAGGTCTTGACATCGTATGCTATCTGTAGAAGTACAGAGTTCTCTTCGGA","AGGATTAGATACCCTTGGTAGTCCACGCCGTAAACGATGAATACTAGGTGTTGGTGAGCAAAGCTCATCGGTGCCGCCGCAAACGCAATAAGTATTCCACCTGGGGAGTACGTTCGCAAGAATGAAACTCAAAGGAATTGACGGGGACCCGCACAAGCGGTGGAGCATGTGGTTTAATTCGAAGCAACGCGAAGAACCTTACCAAATCTTGACATCCCTCTGAAACACTCTTAATCGAGTGCCTCCTTCG","AGGATTAGATACCCTTGGTAGTCCACGCCGTAAACGATGAATACTAAGTGTCGGCATCCGAAGGATGTCGGTGCTGCCGTTAACACAATAAGTATTCCACCTGGGGAGTACGTACGCAAGTATGAAACTCAAAGGAATTGACGGGGACCCGCACAAGCGGTGGAGCATGTGGTTTAATTCGAAGCAACGCGAAGAACCTTACCAGGTCTTGACATCCCGATGAATGCGAAGTAATGTTTGCAGCTCTTCG","GATTAGATACCCTGGGTAGTCCACGCCGTAAACGATGAATACTAGGTGTAGGGGGTATCGACTCCCCCTGTGCCGCAGTTAACACAATAAGTATTCCACCTGGGGAGTACGGCCGCAAGGTTGAAACTCAAAGGAATTGACGGGGCCCGCACAAGCAGTGGAGTATGTGGTTTAATTCGATGCAACGCGAAGAACCTTACCTGGGCTTGACATCCCGCGCATAACCTGGAGACAGGTGAAATCCTTCGGG","GATTAGATACCCTGGGTAGTCCGCACAGTCAACTATGCACACTAGGTGTCTGGGTCTAAGCCCGGGTGCCGCAGCAAACGCGATAAGTGTGCCGCCTGGGGAGTATGCCCGCAAGGGTGAAACTCAAAGGAATTGACGGGGGCCCGCACAAGCGGTGGAGCATGTGGTTTAATTCGATGGTACGCGAGGAACCTTACCTGGGTTTGACATGCATAGGAATGGCCTGGAGACAGGCCAGCGCAGCAATGCG","GATTAGATACCCTTGGTAGTCCACGCCGTAAACGATGAATACTAGGTGTCGGGTGGCATGGCCATTCGGTGCCGTCGCAAACGCAGTAAGTATTCCACCTGGGGAGTACGTTCGCAAGAATGAAACTCAAAGGAATTGACGGGGACCCGCACAAGCGGTGGAGCATGTGGTTTAATTCGAAGCAACGCGAAGAACCTTACCAAATCTTGACATCCCTCTGACCGGAACTTAATCGTTCCTTCTCTTCGGA","GATTAGATACCCTTGGTAGTCCACGCCGTAAACGATGAATACTAGGTGTCGGAAAGCACAGCTTTTCGGTGCCGCCGCAAACGCATTAAGTATTCCACCTGGGGAGTACGTTCGCAAGAATGAAACTCAAAGGAATTGACGGGGACCCGCACAAGCGGTGGAGCATGTGGTTTAATTCGATGATACGCGAGGAACCTTACCCGGGCTTGAACTGCAGGCGAACGATTCAGAGATGATGAGGCCCTTCGGG","GATTAGATACCCTTGGTAGTCCACGCTGTAAACGATGATTACTAGGTGTGGGGGATTTCGGTCCTCCGTGCCGGAGCAAACGCAATAAGTAATCCACCTGGGGAGTACGGCCGCAAGGCTGAAACTCAAAGGAATTGACGGGGCCCGCACAAGCAGTGGATTATGTGGTTTAATTCGAAGCAACGCGAAGAACCTTACCAGGTCTTGACATCCGATGCATAGCTCAGAGATAAGTGAAATCCCTTCGGGG","GATTAGATACCCTGGGTAGTCCACGCCGTAAACGATGAATACTAGGTGTAGGGGGTATAGACTCCCTCTGTGCCGCAGCAAACGCAATAAGTATTCCGCCTGGGGAGTACGGCCGCAAGGTTGAAACTCAAAGGAATTGACGGGGGCCCGCACAAGCAGCGGAGCATGTGGTTTAATTCGACGCAACGCGAAAACCTTACCAAGACTTGACATCCTACTAAACTCATGGAAACATGAGGTGACTTCGGTC","AGGATTAGATACCCTTGGTAGTCCACGCCGTAAACGATGAATACTAGGTGTTGGTGAGCAAAGCTCATCGGTGCCGCCGCAAACGCAATAAGTATTCCACCTGGGGAGTACGTTCGCAAGAATGAAACTCAAAGGAATTGACGGGGACCCGCACAAGCGGTGGAGCATGTGGTTTAATTCGAAGCAACGCGAAGAACCTTACCAAATCTTGACATCCCTCTGAAACACTTTTAATCGAGTGCCTCCTTCG","GATTAGATACCCTGGGTAGTCCCAGCCGTAAACGTTGCACACTAGGTGCTCCTATTAAAATAGGCGTGCCGTAGCTAACGTCTTAAGTGTGCCGCCTGAGGAGTATGCCCGCAAGGGTGAAACTCAAAGAAATTGACGGGTCCCCGCACAAGTGGTGGAGCATGTGGTTTAATTCGATGATACGCGAAAAACCTTACCTGGGTTTGAATTGTTAGATGAATGATATAGAGATATGTCAGACCGCAAGGAC","GGATTAGATACCCTGGGTAGTCCACGCTGTAAACGATCAATACTAGGTGTGCGGGGACTAACCCCCTGCGTGCCGCAGCTAACGCAATAAGTATTGCACCTGGGGAGTACGATCGCAAGGTTGAAACTCAAAGGAATTGACGGGGGCCCGCACAAGCGGTGGATTATGTGGTTTAATTCGAAGCAACGCGAAGAACCTTACCAGGACTTGACATGGGGATGACCGCTCTAGAGATAGGGCTTTCCTTCGG","GATTAGATACCCTGGGTAGTCCACGCCGTAAACGATGAATACTAGGTGTTGGGGAGCATAAGCTCTTCGGTGCCGGCGCAAACGCATTAAGTATTCCACCTGGGGAGTACGTTCGCAAGAATGAAACTCAAAGGAATTGACGGGACCCGCACAAGCGGTGGAGCATGTGGTTTAATTCGACGCAACGCGGAGAACCTTACCAAGTCTTGACATCCCGGTGACCGGTCAGTAACGTGACCTTTTCTTCGGA","GGATTAGATACCCTGGGTAGTCCACGCCGTAAACGATGAATGCTAGGTGTAGGGGCAATAGCTTCTGTGCCGGAGTTAACACAATAAGCATTCCACCTGGGGAGTACGGCCGCAAGGTTGAAACTCAAAGGAATTGACGGGAGCCCGCACAAGCAGTGGAGTATGTGGATTAATTCGACGCAACGCGAAGAACCTTACCAAAGCTTGACATCCCGGAAAAAAGCCCATAAAAAGCTAATGCCCTTCGGGG","GGATTAGATACCCTTGGTAGTCCACGCCGTAAACGATGACTACTAGGTGTCGGGTGGCAAGGCCATTCGGTGCCGCAGCAAACGCAATAAGTAGTCCACCTGGGGAGTACGTTCGCAAGAATGAAACTCAAAGGAATTGACGGGGACCCGCACAAGCGGTGGAGCATGTGGTTTAATTCGAAGCAACGCGAAGAACCTTACCTGATCTTGACATCCCGATGCCAAAGCGCGTAACGCGCTCTTTCTTCGG","GGATTAGATACCCTTGGTAGTCCATGCCGTAAACGTTGTCAACTTGATGTGGGCGGATTTAGTCCTGTCCGTATCGAAGCTAACGCGATAAGTTGACCGCCTGGGAACTACGGCCGCAAGGCTAAAACTCAAAGGAATTGACGGGGCCCGCACAAGCGGTGGAGCATGTGGCTTAATTCGAGGCAACGCGAAGAACCTTACCTGGGCTTGAAATATACCGGACCGGCTGTGAAAGCAGTCTTCTCTTCGG","GGATTAGATACCCTGGGTAGTCCACGCTGTAAACGATGAATGCTAGGTGTAGGTGCGCAAGCATCTGTGCCGGAGTAAACACAATAAGCATTCCACCTGGGGAGTACGGCCGCAAGGTTGAAACTCAAAGGAATTGACGGGAGCCCGCACAAGCAGTGGAGTATGTGGTTTAATTCGACGCAACGCGAAGAACCTTACCAGAGCTTGACATCCCGAGAAAGCCGGGTAATGCCGGCCGTGCCCTTCGGGG","GGATTAGATACCCTTGGTAGTCCATGCCGTAAACGATGAATGCTAGGTGTTGGAAGGTTTCCGCCTTTCAGTGCCGCAGCTAACGCATTAAGCATTCCGCCTGGGGAGTACGACCGCAAGGTTGAAACTCAAAGGAATTGACGGGGACCCGCACAAGCGGTGGAGCATGTGGTTTAATTCGATGCTACGCGAAGAACCTTACCAGGACTTGACATCTTCTGCCAATCTAAGAGATTAGACGTTCCCTTCG","GGATTAGATACCCTTGGTAGTCCACGCGGTAAACGATGATTGCTAGGTGTAGGTGGGTATGGACCCATCGGTGCCGCAGCTAACGCAATAAGCAATCCACCTGGGGAGTACGTTCGCAAGAATGAAACTCAAAGGAATTGACGGGGACCCGCACAAGCGGTGGAGCATGTGGTTTAATTCGAAGCAACGCGAAGAACCTTACCAAGTCTTGACATCCCAATGACGCACCTGTAAAGAGGTGTTCCCTTCG","GGATTAGATACCCTGGGTAGTCCACGCCGTAAACGATGAATACTAGGTGTCGGGGCCGTATAGGCTTCGGTGCCGCAGCCAACGCAGTAAGTATTCCACCTGGGGAGTACGTTCGCAAGAATGAAACTCAAAGGAATTGACGGGGACCCGCACAAGCGGTGGAGCATGTGGTTTAATTCGAAGCAACGCGAAGAACCTTACCAGGTCTTGACATCCTTCTGACCGGGACTTAACCGTCCTTTTCCTTCGG","AGGATTAGATACCCTGGGTAGTCCACGCCGTAAACGATGACTGCTAGGTGTTGGAGGATTGACCCCTTCAGTGCCGCAGTTAACACAATAAGTAATCCACCTGGGGAGTACGACCGCAAGGTTGAAACTCAAAGGAATTGACGGGGCCCGCACAAGCGGAGGAACATGTGGTTTAATTCGATGATACGCGAGGAACCTTACCCGGGCTTGAATTGCAGAGGAAGGATTTGGAGACAATGACGCCCTTCGG","AGGATTAGATACCCTTGGTAGTCCACGCTGTAAACGATGAATGCTAGGTGTGGGGGTGCAAACCTCCGTGCCGCAGTTAACACAATAAGCATTCCACCTGGGGAGTACGGCCGCAAGGTTGAAACTCAAAGGAATTGACGGGAGCCCGCACAAGCAGTGGAGTATGTGGTTTAATTCGACGCAACGCGAAGAACCTTACCAGGATTTGACATCCCAGGAACCCGGCGTAATGGCTGGGGTGCCCTTCGGG","GATTAGATACCCTGGGTAGTCCACGCCGTAAACGATGTCGACTTGGAGGTTGTGCCCTTGAGGCGTGGCTTCCGGAGCTAACGCGTTAAGTCGACCGCCTGGGGAGTACGGCCGCAAGGTTAAAACTCAAATGAATTGACGGGGCCCGCACAAGCGGTGGAGCATGTGGTTTAATTCGATGCAACGCGAAGAACCTTACCTGGTCTTGACATCCACAGAACCTTGTAGAGATACGAGGGTGCCTTCGGGA","GATTAGATACCCTTGGTAGTCCACGCCGTAAACGATGATCACTAGGTGTGGGTGGGTATGGACCCATCGGTGCCGCAGCAAACGCAGTAAGTGATCCACCTGGGGAGTACGTTCGCAAGAATGAAACTCAAAGGAATTGACGGGGACCCGCACAAGCGGTGGAGCATGTGGTTTAATCCGAAGCAACGCGAAGAACCTTACCAAGTCTTGACATCCTCCTGGATAGAGGGTAAAGCCTCTAGGCCTTCGG","AGGATTAGATACCCTTGGTAGTCCGCGCTGTAAACGATGATGGCTAACCGCCGGCGACACACTGTCGGTGGCCAAGCGAAAGCGATAAGCCATCCACCTGGGGAGTACGGCCGCAAGGCTGAAACTCAAAGGAATTGACGGGGGCCCGCACAAGCGGAGGAACATGTGGTTTAATTCGATGATACGCGAGGAACCTTACCCGGGCTCGAACGGCAGGAGAACGACACAGAGATGTGAAGGTCCTTCGGGA","GATTAGATACCCTGGGTAGTCCACGCTGTAAACGATGAATGCTAGGTGTTGGGTCCGAAGGACTCGGTGCCGAAGTTAACGCATTAAGCATTCCACCTGGGGAGTACGACCGCAAGGTTGAAACTCAAAGGAATTGACGGGGCCCGCACAAGCGGTGGAGCATGTGGTTTAATTCGAAGCAACGCGAAGAACCTTACCAAGTCTTGACATCCCTCTGAATGGAGTAGAAATACTGCAGGCTCGAAAGAGA","AGGATTAGATACCCTGGGTAGTCCGCACAGTAAACGATGTGCACTAGGTGTCTGGGCATAAGCCCGGGTGCCAAAGCAAACGCGATAAGTGCACCGCCTGGGGAGTATGCCCGCAAGGGTGAAACTCAAAGGAATTGACGGGGGCCCGCACAAGCGGTGGAGCATGTGGTTTAATTCGATGGTACGCGAGGAACCTTACCTGGGTTTGACATACATACCGATTATTTAGAGATAAGTAAGCGTAGCAATA","CGGCACGAGCTGACGACAACCATGCAGCACCTTCACAGAAGCCCCGAAGGGAGTCACCATCTCTGGATCCGTCTTCTGCAATTCAAGCCCGGGTAAGGTTCCTCGCGTATCATCGAATTAAACCACATGTTCCTCCGCTTGTGCGGGCCCCCGTCAATTCCTTTGAGTTTCACCGTTGCCGGCGTACTCCCCAGGTGGGATGCTTAACGCTTTCGCTTGGCCGCGTACCATCAAGGCACACAGGGGATAG","AGGATTAGATACCCTGGGTAGTCCATGCCGTAAACGATGATTACTAGGTGTGGGAGGACTGACCCCTTCCGTGCCGGAGTTAACACAATAAGTAATCCACCTGGGAAGTACGATCGCAAGGTTGAAACTCAAAGGAATTGACGGGGCCCGCACAAGCAGTGGAGTATGTGGTTTAATTCGAAGATACGCGAAGAACCTTACCAGGTCTTGACATCCAACTAACGAGGTAGAGATACGTTAGGTGCCTTTC","AGGATTAGATACCCTTGGTAGTCCACGCCGTAAACGATGAATACTAGGTGTCAGGGAACAATAGTTCTTTGGTGCCGCAGCAAACGCATTAAGTATTCCACCTGGGGAGTACGTTCGCAAGAATGAAACTCAAAGGAATTGACGGGGACCCGCACAAGCGGTGGAGCATGTGGTTTAATTCGAAGCAACGCGAAGAACCTTACCTGGTCTTGACATCCCAATGACGCCTCTTTAATCGGAGGTTTCCTTC","AGGATTAGATACCCTGGGTAGTCCACGCAGTAAACGATGATTACTAGGAGTTTGCGATACAGTGTAAGCTCCACAGCGAAAGCGTTAAGTAATCCACCTGGGGAGTACGCCGGCAACGGTGAAACTCAAAGGAATTGACGGGGCCCGCACAAGCGGAGGAACATGTGGTTTAATTCGATGATACGCGAGGAACCTTACCCGGGTTTGAACGCAGGGGGACGGGGTGGAAACACCCTTTCCAGCAATGGTC","AGGATTAGATACCCTTGGTAGTCCATGCCGTAAACGTTGGGCACTAGGTGTGGGGGACATTCCACGTTTTCCGCGCCGTAGCTAACGCATTAAGTGCCCCGCCTGGGGAGTACGGCCGCAAGGCTAAAACTCAAAGAAATTGACGGGGCCCGCACAAGCGGCGGAGCATGCGGATTAATTCGATGCAACGCGAAGAACCTTACCAAGGCTTGACATATACTGGACCGCATCAGAGATGGTGTTTCCCTTC","AGGATTAGATACCCTGGGTAGTCCTGGCCGTAAACGATGGGTACTAGGTGTAGGAGGTATCGACCCCTTCTGTGCCGGAGTTAACGCAATAAGTACCCCGCCTGGGGAGTACGTCCGCAAGGATGAAACTCAAAGGAATTGACGGGGCCCGCACAAGCGGTGGAGTATGTGGTTTAATTCGACGCAACGCGAAGAACCTTACCAAGGCTTGACATTGAATGACCGCTTCAGAGATGGAGCTTTCCCTTCG","AGGATTAGATACCCTTGGTAGTCCATGCCGTAAACGATGATTACTAGGTGTGGGGAGACTGACCCTTTCCGTGCCGCAGTTAACACAATAAGTAATCCACCTGGGGAGTACGACCGCAAGGTTGAAACTCAAAGGAATTGACGGGGCCCGCACAAGCAGTGGAGTATGTGGTTTAATTCGAAGCAACGCGAAGAACCTTACCAGGTCTTGACATCCTAGGAACGGACTAGAGATAGACCGGTGCCTTTCG","AGGATTAGATACCCTTGGTAGTCCACGCCGTAAACGATGAGTGCTAGATGTAGGGAGCTATAAGTTCTCTGTATCGCAGCTAACGCAATAAGCACTCCGCCTGGGGAGTACGACCGCAAGGTTGAAACTCAAAGGAATTGACGGGGGCCCGCACAAGCGGTGGAGCATGTGGTTTAATTCGAAGCAACGCGAAGAACCTTACCAGGTCTTGACATACTCGTGCTATTCCTAGAGATAGGAAGTTCCTTCG","AGGATTAGATACCCTGGGTAGTCCACGCCGTAAACGATGAGTGCTAGGTGTTGGGTCCTTTCCGGGACTCAGTGCCGCAGCTAACGCATTAAGCACTCCGCCTGGGGAGTACGACCGCAAGGTTGAAACTCAAAGGAATTGACGGGGCCCGCACAAGCGGTGGAGCATGTGGTTTAATTCGAAGCAACGCGAAGAACCTTACCAGGTCTTGACATCCCTCTGACCGCTCTAGAGATAGAGCTTTCCTTCG","GATTAGATACCCTGGGTAGTCCACGCCGTAAACGATGAGTGCTAGGTGTCGGGGAGGAATCCTCGGTGCCGCAGTTAACACAATAAGCACTCCACCTGGGGAGTACGACCGCAAGGTTGAAACTCAAAGGAATTGACGGGGCCCGCACAAGCGGTGGAGCATGTGGTTTAATTCGAAGCAACGCGAAGAACCTTACCAAGGCTTGACATCCCGCTGACCGGTGTAGAGATGCACCTTTCCTTCGGGACAG","GATTAGATACCCTTGGTAGTCCACGCCGTAAACGATGAGTGCTAAGTGTTGGGGTCGAACCTCAGTGCTGAAGTTAACGCATTAAGCACTCCGCCTGGGGAGTACGGTCGCAAGACTGAAACTCAAAGGAATTGACGGGACCCGCACAAGCGGTGGAGCATGTGGTTTAATTCGAAGCAACGCGAAGAACCTTACCAGGTCTTGACATACCGTTGACCGTCCTAGAGATAGGATTTTCCCTTCGGGGACA","GATTAGATACCCTGGGTAGTCCACGCTGTAAACGATGATTACTAGGTGTGGGGGATTTCGGTCCTCCGTGCCGGAGCAAACGCAATAAGTAATCCACCTGGGGAGTACGGCCGCAAGGCTGAAACTCAAAGGAATTGACGGGGCCCGCACAAGCAGTGGATTATGTGGTTTAATTCGAAGCAACGCGAAGAACCTTACCAGGTCTTGACATCCGATGCATAGCTCAGAGATGAGTGAAATCCCTTCGGGG","AGGATTAGATACCCTTGGTAGTCCACGCAGTAAACGATGACTACTAGCTTTCCGGGGCGACTGTGCCCTGGGAGGCACAGCGAAAGCGTTAAGTAGTCCACCTGGGGAGTACGCCGGCAACGGTGAAACTCAAAGGAATTGACGGGGCCCGCACAAGCGGAGGAACATGTGGTTTAATTCGATGATACGCGAGGAACCTTACCCGGGCTTGAATTGCAGAGGAAAGATCCAGAGATGGTGATGCCCTTCG","AGGATTAGATACCCTGGGTAGTCCACACTGTAAACGATGGATACTAGGTGTAGGAGGTATTAAGCCTTCTGTGCCGTCGCTAACGCAGTAAGTATCCCACCTGGGGAGTACGACCGCAAGGTTGAAACTCAAAGGAATTGACGGGGCCCGCACAAGCAGTGGAGTATGTGGTTTAATTCGAAGCAACGCGAAGAACCTTACCAGGGCTTGACATACAGATGAATAACTAAGAGATTAGTTAGTATTTCGG","GATTAGATACCCTGGGTAGTCCACGCGGTAAACGATGAATACTGGCCATGTGTTCCGATTGGGGATTGCGTGGCTGAGCGAAAGCATTAAGTATTCCACCTGGGGAGTACGCCGGCAACGGTGAAACTCAAAGGAATTGACGGGGGCCCGCACAAGCGGAGGAACATGTGGTTTAATTCGATGATACGCGAGGAACCTTACCCGGGCTCAAACGCCTGCCGACCGGTCTGGAGACAGACTTTCCCGCAAG","GATTAGATACCCTGGGTAGTCCACGCCGTAAACGATGGATACTAGGTGTAGGCTCGAACGAGTCTGTGCCGTCGCAAACGCAATAAGTATCCCACCTGGGGAGTACGGCCGCAAGGTTGAAACTCAAAGGAATTGACGGGGCCCGCACAAGCAGTGGAGTATGTGGTTTAATTCGACGCAACGCGAAGAACCTTACCAAGACTTGACATATACTAGAAATCCTAAGAAATTAGGACCCTCTTCGGAGCTG","GATTAGATACCCTGGGTAGTCCACGCCGTAAACGATGAATACTAGGTGTAGGGGTTGTCATGACCTCTGTGCCGCCGCTAACGCATTAAGTATTCCGCCTGGGGAGTACGGTCGCAAGATTAAAACTCAAAGGAATTGACGGGGCCCGCACAAGCAGCGGAGCATGTGGTTTAATTCGAAGCAACGCGAAGAACCTTACCTAGACTTGACATCTCCTGCATTACCCTTAATCGGGGAAGTTCCTTCGGGG","GATTAGATACCCTTGGTAGTCCACACTGTAAACGATGAATGCTAGGTGTAGGGGGTATCGACCCCTTCTGTGCCGGAGTAAACACAATAAGCATTCCGCCTGGGGAGTACGGCCGCAAGGTTGAAACTCAAAGGAATTGACGGGGGCCCGCACAAGCAGCGGAGCATGTGGTTTAATTCGAAGCAACGCGAAGAACCTTACCAGGTCTTGACATCCAGTAAAGCCTGTAGAGATACAGAGTCCCTTCGGG","AGGATTAGATACCCTTGGTAGTCCACGCCGTAAACGATGAGTGCTAAGTGTTGGGGGTCGAACCTCAGTGCTGAAGTTAACGCATTAAGCACTCCGCCTGGGGAGTACGGTCGCAAGACTGAAACTCAAAGGAATTGACGGGGACCCGCACAAGCGGTGGAGCATGTGGTTTAATTCGAAGCAACGCGAAGAACCTTACCAGGTCTTGACATACCATTGACCGTTCTAGAGATAGGATTTTCCCTTCGGG","GGATTAGATACCCTTGGTAGTCCACGCCGTAAACGATGAATACTAGGTGTTGGGTTCCAAAGGGACTCGGTGCCGTCGCAAACGCATTAAGTATTCCACCTGGGGAGTACGTTCGCAAGAATGAAACTCAAAGGAATTGACGGGACCCGCACAAGCGGTGGAGCATGTGGTTTAATTCGAAGCAACGCGAAAACCTTACCAAGTCTTGACATCCTGATGACGGTTTCTTAACCGAAACTTCTCTTCGGAG","GGATTAGATACCCTGGGTAGTCCACGCCGTAAACGATGAATACTAGTTGTGGGAGGTATCGACTCCTTCCGTGACGACGTTAACACATTAAGTATTCCGCCTGGGGAGTACGGCCGCAAGGTTGAAACTCAAAGAAATTGACGGGGACCCGCACAAGCAGCGGAGCATGTGGTTTAATTCGACGCAACGCGAAAAACCTTACCAAGGTTTGACATCCTCTGACAGCCTGAGAGATCAGGTTTCCCTTCGG","AGGATTAGATACCCTTGGTAGTCCACGCCGTAAACGATGAGTGCTAGGTGTCGGGGAGGAATCCTCGGTGCCGCAGCTAACGCAATAAGCACTCCACCTGGGGAGTACGACCGCAAGGTTGAAACTCAAAGGAATTGACGGGGCCCGCACAAGCGGTGGAGCATGTGGTTTAATTCGAAGCAACGCGAAGAACCTTACCAAGGCTTGACATCCCGATGACCGTCCTAGAGATAGGACTTCTCTTCGGAGC","GGATTAGATACCCTTGGTAGTCCACGCTGTAAACGATGGATGCTAGGTGTGGGAGGTATCGACCCCTTCCGTGCCGGAGTTAACGCAATAAGCATCCCGCCTGGGGAGTACGGCCGCAAGGTTGAAACTCAAAGGAATTGACGGGGCCCGCACAAGCAGCGGAGCATGTGGTTTAATTCGAAGCAACGCGAAGAACCTTACCAGGGCTTGACATCTGCTTAAAGCGGTGGAAACATCGTGTCCCTTCGGG","GGATTAGATACCCTGGGTAGTCCACGCCGTAAACGATGATAACTCGTTGCAGGCGATACACAGTCTGTGACTTAGCGAAAGCGTTAAGTTATCCACCTGGGGAGTACGTTCGCAAGAATGAAACTCAAAGGAATTGACGGGGGCCCGCACAAGCGGAGGAACATGTGGTTTAATTCGATGATACGCGAGGAACCTTACCCGGGCTTGAAAGTTAGCGACGGATCCTGAAAGGGGTCTTCTCTTCGGAGCG","GGATTAGATACCCTTGGTAGTCCACGCCGTAAACGATGTATGCTAGGTGTAGGGGGTATCGACTCCCTCTGTGCCGACGTTAACACATTAAGCATACCGCCTGGGGAGTACGGCCGCAAGGTTGAAACTCAAAGAAATTGACGGGACCCGCACAAGCAGCGGAGCATGTGGTTTAATTCGACGCAACGCGAAAAACCTTACCAGGACTTGACATCGAGTGAAAGCCTAAGAGATTAGGCCCTCCTTCGGG","GGATTAGATACCCTGGGTAGTCCACGCCGTAAACGATGGATACTAGGTGTAGGCATCATAAGATGTCTGTGCCGCAGCAAACGCATTAAGTATCCCGCCTGGGGAGTACGACCGCAAGGTTGAAACTCAAAGGAATTGACGGGGGCCCGCACAAGCAGCGGAGCATGTGGTTTAATTCGAAGCAACGCGAAGAACCTTACCAAGGCTTGACATCCTCTGACCGCCATAGAGATATGGCTTCCCTTCGGGG","AGGATTAGATACCCTTGGTAGTCCACGCGGTAAACGATGAATACTAGATGTTGGGGAGCGAAGCTCTTCGGTGTCGCAGCAAACGCAATAAGTATTCCACCTGGGGAGTACGTTCGCAAGAATGAAACTCAAAGGAATTGACGGGGACCCGCACAAGCGGTGGAGCATGTGGTTTAATTCGAAGCAACGCGAAGAACCTTACCTGGTCTTGACATCCCCCTGACTGGTCGGTAATGCGACCTTTCCTTCG","AGGATTAGATACCCTGGGTAGTCCTGGCCGTAAACGATGGATACTAGGTGTAGGAGGTATCGACCCCTTCTGTGCCGGAGTTAACGCAATAAGTATCCCGCCTGGGGAGTACGGTCGCAAGACTGAAACTCAAAGGAATTGACGGGGCCCGCACAAGCGGTGGAGTATGTGGTTTAATTCGACGCAACGCGAAGAACCTTACCAGGGCTTGACATTGATTGAAACTCCTAGAGATAGGAGCCTCTCTTCG","AGGATTAGATACCCTGGGTAGTCCACGCGGTAAACGATGAATACTAGGTGTTGGGGGACAAAGTCCCTCGGTGCCGTCGCAAACGCAGTAAGTATTCCACCTGGGGAGTACGTTCGCAAGAATGAAACTCAAAGGAATTGACGGGACCCGCACAAGCGGTGGAGCATGTGGTTTAATTCGAAGCAACGCGAAGAACCTTACCTGCTCTTGACATCCCATTCAATAAGGGGTAATGCCCTTAGCCCTTCGG","AGGATTAGATACCCTTGGTAGTCCACGCCGTAAACGATGAATGCTAGGTGTGGGGGCCGAAATGGTTTCCGTGCCGCAGTTAACACAATAAGCATTCCACCTGGGGAGTACGGCCGCAAGGTTGAAACTCAAAGGAATTGACGGGAGCCCGCACAAGCAGTGGAGTATGCGGTTTAATTCGACGCAACGCGAAGAACCTTACCGGAGCTTGACATCCTGCTGACAATCCGAGTAATGTTGGATATTCCTT","AGGATTAGATACCCTGGGTAGTCCACACCGTAAACGATGGATACTAGGTGTAGGAGGTATCGACCCCTTCTGTGCCGCAGTTAACACAATAAGTATCCCACCTGGGGAGTACGACCGCAAGGTTGAAACTCAAAGGAATTGACGGGGCCCGCACAAGCAGTGGAGTATGTGGTTTAATTCGAAGCAACGCGAAGAACCTTACCTGGGCTTGACATCCCTGGAATCGAGTAGAGATACTTGAGTGCCTTCG","GATTAGATACCCTTGGTAGTCCACGCCGTAAACGATGAGTGCTAAGTGTTGGAGGGTTTCCGCCCTTCAGTGCTGCAGCAAACGCATTAAGCACTCCGCCTGGGGAGTACGACCGCAAGGTTGAAACTCAAAGGAATTGACGGGGCCCGCACAAGCGGTGGAGCATGTGGTTTAATTCGAAGCAACGCGAAGAACCTTACCAGGTCTTGACATCCTTTGACCACTCTAGAGATAGAGCTTCCCCTTCGGG","GATTAGATACCCTTGGTAGTCCACGCCCTAAACGATGTTAACTAGTTGTTGGGAAGTAAAATTCTCAGTAACGCAGCCAACGCGAGAAGTTAACCGCCTGGGAAGTACGGTCGCAAGACTAAAACTCAAAGGAATTGACGGGACCCGCACAAGCGGTGGATGATGTGGATTAATTCGATGCAACGCGAAAAACCTTACCTACCCTTGACATGTCAGGAAGCTCTTGTAATGAGAGCGTGCCCGCAAGGGA","AGGATTAGATACCCTTGGTAGTCCACGCAGTAAACGATGATAACTAACCGTTGGCGATAGACAGTCAGTGGCCAAGCGAAAGCGATAAGTTATCCACCTGGGGAGTACGACCGCAAGGTTGAAACTCAAAGGAATTGACGGGGCCCGCACAAGCGGAGGAACATGTGGTTTAATTCGATGATACGCGAGGAACCTTACCCGGGCTCGAACGGTATGTGAACGACTCAGAGATGAGGAGGTCCTTCGGGAC","AGGATTAGATACCCTTGGTAGTCCACGCCGTAAACGATGAATACTAAGTGTCGGCATCCGAAGGATGTCGGTGCTGCCGTTAACACAATAAGTATTCCACCTGGGGAGTACGTACGCAAGTATGAAACTCAAAGGAATTGACGGGGACCCGCACAAGCGGTGGAGCATGTGGTTTAATTCGAAGCAACGCGAAGAACCTTACCAGGTCTTGACATCCCGATGAAAGATCCTTAATCGGATCCCTTCTTCG","GATTAGATACCCTTGGTAGTCCATGCCGTAAACGATGAATGCTAGGTGTTGGAAGGTTTCCGCCTTTCAGTGCCGCAGCTAACGCATTAAGCATTCCGCCTGGGGAGTACGACCGCAAGGTTGAAACTCAAAGGAATTGACGGGGACCCGCACAAGCGGTGGAGCATGTGGTTTAATTCGATGCTACGCGAAGAACCTTACCAGGACTTGACATCTTCTGCCAATCTAAGAGATTAGACGTTCCCTTCGG","AGGATTAGATACCCTGGGTAGTCCACGCCGTAAACGATGAGTGCTAAGTGTTGGGGGTCGAACCTCAGTGCTGAAGTTAACGCATTAAGCACTCCGCCTGGGGAGTACGGTCGCAAGACTGAAACTCAAAGGAATTGACGGGACCCGCACAAGCGGTGGAGCATGTGGTTTAATTCGAAGCAACGCGAAGAACCTTACCAGGTCTTGACATACCATTGACCGTTCTAGAGATAGGATTTTCCCTTCGGGG","AGGATTAGATACCCTTGGTAGTCCACGCCGTAAACGATGGATACTAGGTGTAGGAGGTATCGACCCCTTCTGTGCCGGAGCAAACGCAATAAGTATCCCACCTGGGGAGTACGGTCGCAAGATTAAAACTCAAAGGAATTGACGGGACCCGCACAAGCAGTGGAGTATGTGGTTTAATTCGAAGCAACGCGAAGAACCTTACCAGGGCTTGACATCCCGTGCATAGCATAGAGATATGTGAAATCCTACG","AGGATTAGATACCCTGGGTAGTCCACGCCGTAAACGATGAGTACTAGGTGTAGGAGGTATCGACCCCTTCTGTGCCGCAGTTAACACAATAAGTACTCCACCTGGGAAGTACGATCGCAAGATTGAAACTCAAAGGAATTGACGGGGCCCGCACAAGCAGTGGAGTATGTGGTTTAATTCGAAGCAACGCGAAGAACCTTACCGGGGCTTGACATCCTTGGAATCCAGTAGAGATATTGGAGTGCCTTCG","GATTAGATACCCTTGGTAGTCCACGCTGTAAACGATGAATACTAGGTGTAGGGGTCATAAGACTTCTGTGCCGGAGCAAACGCAATAAGTATTCCGCCTGGGGAGTACGGCCGCAAGGCTGAAACTCAAAGGAATTGACGGGGGCCCGCACAAGCAGCGGAGCATGTGGTTTAATTCGAAGCAACGCGAAGAACCTTACCAAGGCTTGACATCCCGATGACCGGCGTAGAGATACGCCTTCTCTTCGGAG","AGGATTAGATACCCTGGGTAGTCCACGCCGTAAACGATGAGCACTAGGTGTCGGGGTCGCAAGACTTCGGTGCCGCAGTTAACGCAATAAGTGCTCCGCCTGGGGAGTACGTTCGCAAGAATGAAACTCAAAGGAATTGACGGGACCCGCACAAGCAGCGGAGCATGTGGTTTAATTCGAAGCAACGCGAAGAACCTTACCAGGACTTGACATCCCTCTGACAGCCTTTTAATCGAGGTTTTCTACGGAC","GATTAGATACCCTGGGTAGTCCACGCCGTAAACGATGAATACTAAGTGTCGGCATCCGAAGGATGTCGGTGCTGCCGTTAACACAATAAGTATTCCACCTGGGGAGTACGTACGCAAGTATGAAACTCAAAGGAATTGACGGGGACCCGCACAAGCGGTGGAGCATGTGGTTTAATTCGAAGCAACGCGAAGAACCTTACCAGGTCTTGACATCCCGATGAATGCGAAGTAATGTTTGCAGCTCTTCGGA","GATTAGATACCCTTGGTAGTCCTGGCCGTAAACGATGGGTACTAGGTGTAGGAGGTATCGACCCCTTCTGTGCCGGAGTTAACGCAATAAGTACCCCGCCTGGGGAGTACGGCCGCAAGGTTGAAACTCAAAGGAATTGACGGGGCCCGCACAAGCGGTGGAGTATGTGGTTTAATTCGACGCAACGCGAAGAACCTTACCAAGGCTTGACATTGATTGAACGCTCTAGAGATAGAGCTTTCCCTTCGGG","GATTAGATACCCTGGGTAGTCCACGCCGTAAACGATGGATACTAGGTGTGGGAGGTATTGACCCCTTCCGTGCCGCAGTTAACACAATAAGTATCCCACCTGGGGAGTACGGCCGCAAGGTTGAAACTCAAAGGAATTGACGGGGCCCGCACAAGCAGTGGAGTATGTGGTTTAATTCGAAGCAACGCGAAGAACCTTACCAGGCCTTGACATCCCGATGACCGTCCTAGAGATAGGGCTTCTCTTCGGA","GATTAGATACCCTGGGTAGTCCACGCTGTAAACGATGTCGATTTGGGGGTTGAGCTTTAAGTTTGGCGCCCGTAGCTAACGTGATAAATCGACCGCCTGGGGAGTACGGCCGCAAGGTTAAAACTCAAATGAATTGACGGGGCCCGCACAAGCGGTGGAGCATGTGGTTTAATTCGATGCAACGCGAAGAACCTTACCTACTCTTGACATCCAGAGAACTTTCCAGAGATGGATTGGTGCCTTCGGGAAC","GATTAGATACCCTGGGTAGTCCACGCCGTAAACGATGAATACTAGGTGTTGGAGAGCATTGCTCTTCGGTGCCGCAGCAAACGCAATAAGTATTCCACCTGGGGAGTACGTTCGCAAGAATGAAACTCAAAGGAATTGACGGGGACCCGCACAAGCGGTGGAGCATGTGGTTTAATTCGAAGCAACGCGAAGAACCTTACCTGATCTTGACATCGTAAGAACCTCACTGAAGGGTGAGGGTGCCTTCGGG","AGGATTAGATACCCTTGGTAGTCCATGCCGTAAACGATGATTACTAGGTGTGGGAGGATTGACCCCTTCCGTGCCGCAGTTAACACAATAAGTAATCCACCTGGGGAGTACGACCGCAAGGTTGAAACTCAAAGGAATTGACGGGGCCCGCACAAGCAGTGGAGTATGTGGTTTAATTCGAAGCAACGCGAAGAACCTTACCAGGTCTTGACATCGGATGCATACCTAAGAGATTAGGGAAGTCCTTCGG","GATTAGATACCCTGGGTAGTCCACGCCGTAAACGATGACTACTAGGTGTCGGGCAGCAAAGCTGTTCGGTGCCGCAGCAAACGCAATAAGTAGTCCACCTGGGGAGTACGTTCGCAAGAATGAAACTCAAAGGAATTGACGGGGACCCGCACAAGCGGTGGAGCATGTGGTTTAATTCGATGATACGCGAGGAACCTTACCCGGGCTCAAACGACAGCGGACAGCTCCCGAAAGGGAGTCTCCGGCAACG","GGATTAGATACCCTGGGTAGTCCACGCCGTAAACGATGGATACTAGCTGTTGGAGGTATCGACCCCTTCAGTAGCGAAGCTAACGCGTTAAGTATCCCGCCTGTGGAGTACGGCCGCAAGGCTAAAACATAAAGGAATTGACGGGGACCCGCACAAGCGGTGGATTATGTTCTTTAATTCGATGATAACCGAAGAACCTTACCAGGGCTTGACATCCAGGGAAGGTCTGCGAAAGTAGACTGTGCCTTTT","GGATTAGATACCCTGGGTAGTCCACGCTGTAAACGATGAGCGCTAGGTGTCGGAGGGGAACCTTCGGTGCCGCAGTAAACACAATAAGCGCTCCACCTGGGGAGTACGACCGCAAGGTTGAAACTCAAAGGAATTGACGGGGCCCGCACAAGCGGTGGAGCATGTGGTTTAATTCGAAGCAACGCGAAGAACCTTACCAAGGCTTGACATCCCTGCGGCGTATGTAGAGATACATATTTCCTTCGGGACG","GATTAGATACCCTGGGTAGTCCACGCGGTAAACGATGAATACTAGATGTCGGGAAGCAAAGCTTCTCGGTGTCGTCGCAAACGCAATAAGTATTCCACCTGGGGAGTACGTTCGCAAGAATGAAACTCAAAGGAATTGACGGGACCCGCACAAGCGGTGGAGCATGTGGTTTAATTCGAAGCAACGCGAAGAACCTTACCTGCTCTTGACATCCCATTCGATAGAGGGTAATGCCTCTAGCCCTTCGGGG","GATTAGATACCCTGGGTAGTCCGCACAGTCAACTATGCACACTAGGTGTCTGGGTCTAAGCCCGGGTGCCGCAGCAAACGCGATAAGTGTGCCGCCTGGGGAGTATGCCCGCAAGGGTGAAACTCAAAGGAATTGACGGGGGCCCGCACAAGCGGTGGAGCATGTGGTTTAATTCGATGATACGCGAGGAACCTTACCCGGGCTTGAATTGCAGAGGAAGGATTTGGAGACAATGACGCCCTTCGGGGTC","GATTAGATACCCTGGGTAGTCCACGCCGTAAACGATGAATACTAGGTGTCGGTGAGCAAAGCTCATCGGTGCCGCCGCAAACGCAATAAGTATTCCACCTGGGGAGTACGTTCGCAAGAATGAAACTCAAAGGAATTGACGGGGACCCGCACAAGCGGTGGAGCATGTGGTTTAATTCGAAGCAACGCGAAGAACCTTACCAAATCTTGACATCCCTCTGAAACACTCTTAATCGAGTGCCTCCTTCGGG","GGATTAGATACCCTGGGTAGTCCACGCCGTAAACGATGAATACTAGGTGTCGGGGAACAATAGTTCTTCGGTGCCGCAGCTAACGCATTAAGTATTCCACCTGGGGAGTACGTTCGCAAGAATGAAACTCAAAGGAATTGACGGGACCCGCACAAGCGGTGGAGCATGTGGTTTAATTCGAAGCAACGCGAAGAACCTTACCTGCTCTTGACATCCCACTGACAGGTCAGTAATGTGACCCTTTCTTCGG","GGATTAGATACCCTTGGTAGTCCACGCTGTAAACGATGAATGCTAGGTGTTGGGTCCGGATGGACTCGGTGCCGTAGTTAACGCAATAAGCATTCCACCTGGGGAGTACGACCGCAAGGTTGAAACTCAAAGGAATTGACGGGGCCCGCACAAGCGGTGGAGCATGTGGATTAATTCGACGCAACGCGAAGAACCTTACCAGGTCTTGACATCCCTCTGAAGAGACTAGAGATAGTCTTGGCCTTCGGGA","GGATTAGATACCCTTGGTAGTCCACGCCGTAAACGATGAATGCTAGGTGTAGGGGGTATCGACCCCCTCTGTGCCGCAGCTAACGCAATAAGCATTCCGCCTGGGGAGTACGGCCGCAAGGTTGAAACTCAAAGGAATTGACGGGGCCCGCACAAGCAGCGGAGCATGTTGTTTAATTCGACGCAACGCGAAGAACCTTACCAGGGCTTGACATCCAATGGATCCTGTGGAAACACGGGAGTGCCCTTCG","GGATTAGATACCCTGGGTAGTCCACACCGTAAACGATGGATACTAGGTGTAGGAGGTATCGACCCCTTCTGTGCCGCAGTTAACACAATAAGTATCCCACCTGGGGAGTACGACCGCAAGGTTGAAACTCAAAGGAATTGACGGGGCCCGCACAAGCAGTGGAGTATGTGGTTTAATTCGAAGCAACGCGAAGAACCTTACCTGGGCTTGACATCCCTGGAATCGAGTAGAGATACTTGAGTGCCTTCGG","AGGATTAGATACCCTGGGTAGTCCACGCTGTAAACGATGAATGCTAGGTGTTGGGTCCGAAGGACTCGGTGCCGAAGTTAACGCATTAAGCATTCCACCTGGGGAGTACGACCGCAAGGTTGAAACTCAAAGGAATTGACGGGGCCCGCACAAGCGGTGGAGCATGTGGTTTAATTCGAAGCAACGCGAAGAACCTTACCAAGTCTTGACATCCCTCTGAATGGAGTAGAAATACTGCAGGCTCGAAAGA","AGGATTAGATACCCTTGGTAGTCCACGCAGTAAACGATGATTACTAGGAGTTTGCGATATAGTGTAAGCTCTACAGCGAAAGCGTTAAGTAATCCACCTGGGGAGTACGCCGGCAACGGTGAAACTCAAAGGAATTGACGGGGCCCGCACAAGCGGAGGAACATGTGGTTTAATTCGATGATACGCGAGGAACCTTACCCGGGTTTAAACGGTAGCGGACCGGTCTTGAAAGAGATCTTCTAGCAATAGC","GGATTAGATACCCTTGGTAGTCCACGCTGTAAACGTTGGGCACTAGGTGTGGGGGCCACCCGTGGTTTCTGCGCCGTAGCTAACGCTTTAAGTGCCCCGCCTGGGGAGTACGGCCGCAAGGCTAAAACTCAAAGGAATTGACGGGGCCCGCACAAGCGGCGGAGCATGCGGATTAATTCGATGCAACGCGAAGAACCTTACCAAGGCTTGACATGCACGGCGGCACTGCAGAGATGTGGTGGCATTTAGT","GGATTAGATACCCTTGGTAGTCCACGCCCTAAACGATGTTAACTAGTTGTTGGGAAGTAAAATTCTCAGTAACGCAGCCAACGCGAGAAGTTAACCGCCTGGGAAGTACGGTCGCAAGACTAAAACTCAAAGGAATTGACGGGACCCGCACAAGCGGTGGATGATGTGGATTAATTCGATGCAACGCGAAAAACCTTACCTACCCTTGACATGTCAGGAAGCTCTTGTAATGAGAGCGTGCCCGCAAGGG","AGGATTAGATACCCTTGGTAGTCCGCGCAGTAAACGATGAGTGCCCGCCTTCTGTGGGATGTCCATGGGAGGCCAAGCGAAAGCGTTAAGCACTCCACCTGGGGAGTACGCCGGCAACGGTGAAACTCAAAGGAATTGACGGGGCCCGCACAAGCGGAGGAACATGTGGTTTAATTCGATGATACGCGAGGAACCTTACCCGGGCTTGAAATGTGCCTGGCGATTCCTGGAGACGGGAATCTCCTTCGGG","AGGATTAGATACCCTTGGTAGTCCACGCCGTAAACGTTGGGCACTAGGTGTGGGGGGCCTTTTCCGGGTCTTCCGCGCCGTAGCTAACGCATTAAGTGCCCCGCCTGGGGAGTACGGCCGCAAGGCTAAAACTCAAAGGAATTGACGGGGGCCCGCACAAGCGGCGGAGCATGCGGATTAATTCGATGCAACGCGAAGAACCTTACCAAGGCTTGACATGTGCCGGTCGGCTCCGGAGACGGGGTTTCCT","AGGATTAGATACCCTGGGTAGTCCACGCCGTAAACGATGAGTGCTAGGTGTTGGGTCCTTTCCGGGACTCAGTGCCACAGCTAACGCATTAAGCACTCCGCCTGGGGAGTACGACCGCAAGGTTGAAACTCAAAGGAATTGACGGGGGCCCGCACAAGCGGAGGAACATGTGGTTTAATTCGATGATACGCGAGGAACCTTACCCGGGCTTGAATTGCAGAGGAAGGATTTGGAGACAATGACGCCCTTC","GATTAGATACCCTGGGTAGTCCACGCCGTAAACGATGAATGTTAGCCGTCGGGCAGTATACTGTTCGGTGGCGCAGCTAACGCATTAAACATTCCGCCTGGGGAGTACGGTCGCAAGATTAAAACTCAAAGGAATTGACGGGGCCCGCACAAGCGGTGGAGCATGTGGTTTAATTCGAAGCAACGCGCAGAACCTTACCAGCTCTTGACATTCGGGGTTTGGCAGTGGAGACATTGTCCTTCAGTTAGGC","AGGATTAGATACCCTGGGTAGTCCACGCTGTAAACGATGATTACTAGGTGTTGGCGAGTATAGACTCGTCGGTGCCGTCGCAAACGCAATAAGTAATCCACCTGGGGAGTACGTTCGCAAGAATGAAACTCAAAGGAATTGACGGGGACCCGCACAAGCGGTGGAGCATGTGGTTTAATTCGAAGCAACGCGAAGAACCTTACCTGGTCTTGACATCCCTTTGAATAATCCGTAATGGGGTTAGTACTTC","AGGATTAGATACCCTGGGTAGTCCACGCTGTAAACGATGAATGCTAGGTGTGGGTGCGATAGCATCCGTGCCGCAGTTAACACAATAAGCATTCCACCTGGGGAGTACGGCCGCAAGGTTGAAACTCAAAGGAATTGACGGGAGCCCGCACAAGCAGTGGAGTATGTGGTTTAATTCGACGCAACGCGAAGAACCTTACCAGGATTTGACATGCCAAGTGATCGAGGTAACGCTTGATCGACCTGAAAGC","AGGATTAGATACCCTGGGTAGTCCACGCTGTAAACGATGATTACTAGGTGTGGGGGATAGACCCCTTCCGTGCCGGAGTAAACACAATAAGTAATCCACCTGGGGAGTACGGCCGCAAGGTTGAAACTCAAAGGAATTGACGGGGCCCGCACAAGCAGTGGAGTATGTGGTTTAATTCGAAGCAACGCGAAGAACCTTACCGGGTCTTGACATCGCACGCATAAACGTAAAGTGTAAATCTCTTCGGAGA","GATTAGATACCCTTGGTAGTCCACGCCCTAAACGATGTATACCGGTTGTTGCTTTGCTAGTCAAGGCAGTAATCCAGCTAACGCATTAAGTATACCGCCTGGGGAGTACGGTCGCAAGATTAAAACTCAAAGGAATAGACGGGGACCCGCACAAGCGGTGGAGCATGTGGTTTAATTCGAAGATACGCGAAGAACCTTACCCGGACTTGATATCTAACAAATCATCCAGAGATGGAAGAGTGTCTGCTTG","GATTAGATACCCTGGGTAGTCCACGCCGTAAACGATGAGTGCTAGGTGTCGGGGAGGAATCCTCGGTGCCGCAGTTAACACAATAAGCACTCCACCTGGGGAGTACGACCGCAAGGTTGAAACTCAAAGGAATTGACGGGGCCCGCACAAGCGGTGGAGCATGTGGTTTAATTCGAAGCAACGCGAAGAACCTTACCAAGGCTTGACATCCCGCTGACCGGTGTAGAGATACACTTTTCCTTCGGGACAG","AGGATTAGATACCCTTGGTAGTCCACGCTGTAAACGATGAATACTAGGTGTTGGGTTTCATAAGAAGCTCGGTGCCGGCGCAAACGCATTAAGTATTCCACCTGGGGAGTACGTTCGCAAGAATGAAACTCAAAGGAATTGACGGGGACCCGCACAAGCGGTGGAGCATGTGGTTTAATTCGAAGCAACGCGAAGAACCTTACCAAGTCTTGACATCCCGTTGACCTGTTATGTAATGTAACATCTCTTC","AGGATTAGATACCCTTGGTAGTCCACGCCGTAAACGATGAATGCTAGGTGTAGGCAAGAAATTGTCTGTGCCGGAGTAAACACAATAAGCATTCCACCTGGGGAGTACGGCCGCAAGGTTGAAACTCAAAGGAATTGACGGGAGCCCGCACAAGCAGTGGAGTATGTGGTTTAATTCGACGCAACGCGAAGAACCTTACCAGAGCTTGACATCCGCTTAAAGTTGATGTAATGTTGATGTGGACCTTCGG","AGGATTAGATACCCTTGGTAGTCCACACAGTAAACGTTGTACACTAGGTGTTAGAGAAGTTATTTTCTAGTGCCGAAGCAAACGCGTTAAGTGTACCGCCTGGGGAGTATGCCCGCAAGGGTGAAACTCAAAGGAATTGACGGGGCCCGCACAAGCGGTGGAGCATGTGGTTTAATTCGATGATACGCGAAGAACCTTACCAAGGTTTGACATACAGTAGACGAGGGTAGAGATACTCTTTCCAGCAATG","AGGATTAGATACCCTGGGTAGTCCACGCCGTAAACGATGATTACTAGGTATGGGAGGTATCGACTCCTTCCGTGCCGCAGCCAACGCAATAAGTAATCCGCCTGGGGAGTACGGCCGCAAGGTTGAAACTCAAAGAAATTGACGGGACCCGCACAAGCAGCGGAGCATGTGGTTTAATTCGACGCAACGCGAAAACCTTACCAGGTCTTGACATCCTTTGACCGCCTGAGAGATCAGGAATCTCTAGCAA","AGGATTAGATACCCTTGGTAGTCCACGCCGTAAACGATGAGTGCTAAGTGTTGGGGGTCGAACCTCAGTGCTGAAGTTAACGCATTAAGCACTCCGCCTGGGGAGTACGGTCGCAAGACTGAAACTCAAAGGAATTGACGGGACCCGCACAAGCGGTGGAGCATGTGGTTTAATTCGAAGCAACGCGAAGAACCTTACCAGGTCTTGACATACCATTGACCGTTCTAGAGATAGGATTTTCCCTTCGGGG","GATTAGATACCCTGGGTAGTCCACGCGGTAAACGATGAATACTAGATGTTGGGGAGCGAAGCTCTTCGGTGTCGCAGCAAACGCAATAAGTATTCCACCTGGGGAGTACGTTCGCAAGAATGAAACTCAAAGGAATTGACGGGGACCCGCACAAGCGGTGGAGCATGTGGTTTAATTCGAAGCAACGCGAAGAACCTTACCTGGTCTTGACATCCCCCTGACTGGTCGGTAATGCGACCTTTCCTTCGGG","GATTAGATACCCTGGGTAGTCCACGCCGTAAACGATGACTGCTAGGTGTCGGGTGGCAAAGCCATTCGGTGCCGCAGCTAACGCAATGAGCAGTCCACCTGGGGAGTACGTTCGCAAGAATGAAACTCAAAGGAATTGACGGGGACCCGCACAAGCGGTGGAGCATGTGGTTTAATTCGATGATACGCGAGGAACCTTACCCGGGCTTGAACTGCAGGCGAACGATACAGAGATGTTGAGGCCCTTCGGG","GATTAGATACCCTTGGTAGTCCACGCCGTAAACGATGAGTGCTAAGTGTTGGGGGTCGAACCTCAGTGCTGAAGTTAACGCATTAAGCACTCCGCCTGGGGAGTACGGTCGCAAGACTGAAACTCAAAGGAATTGACGGGACCCGCACAAGCGGTGGAGCATGTGGTTTAATTCGAAGCAACGCGAAGAACCTTACCAGGTCTTGACATACCATTGACCGTTCTAGAGATAGGATTTTCCCTTCGGGGAC","GATTAGATACCCTTGGTAGTCCACGCCGTAAACGATGGATACTAGGTGTAGGCATCATAAGATGTCTGTGCCGCAGCAAACGCATTAAGTATCCCGCCTGGGGAGTACGACCGCAAGGTTGAAACTCAAAGGAATTGACGGGGGCCCGCACAAGCAGCGGAGCATGTGGTTTAATTCGAAGCAACGCGAAGAACCTTACCAAGGCTTGACATCCTCTGACCGCCATAGAGATATGGCTTCCCTTCGGGGC","GATTAGATACCCTGGGTAGTCCACGCCGTAAACGATGTCAATTAGGAGCTTGGGCAAAAGCCTGGGTTCCGCAGCTAACGCAATAAATTGACCGCCTGGGGAGTACGGCCGCAAGGTTAAAACTCAAATGAATTGACGGGGCCCGCACAAGCGGTGGAGTATGTGGTTTAATTCGACGCAACGCGAAGAACCTTACCAGGTCTTGACATTGATCGCTATTCCAAGAAATTGGAAGTTCCTCTTCGGAGGA","GATTAGATACCCTGGGTAGTCCACGCCGTAAACGATGACTACTAGGTGTCGGGTGGCAAAGCCATTCGGTGCCGCAGCCAACGCAATAAGTAGTCCACCTGGGGAGTACGTTCGCAAGAATGAAACTCAAAGGAATTGACGGGGACCCGCACAAGCGGTGGAGCATGTGGTTTAATTCGAAGCAACGCGAAGAACCTTACCTGCCCTTGACATCCGAATGACCGGTGAGTAATGTCACCCTTCCTTCGGG","AGGATTAGATACCCTTGGTAGTCCACGCCGTAAACGATGAGCACTAGGTGTCGGGGTCGCAAGACTTCGGTGCCGCAGTTAACGCATTAAGTGCTCCGCCTGGGGAGTACGCACGCAAGTGTGAAACTCAAAGGAATTGACGGGGACCCGCACAAGCAGCGGAGCATGTGGTTTAATTCGAAGCAACGCGAAGAACCTTACCAGGACTTGACATCCCGATGACCGGCCTTTAATAGGGCCTTCTCTTCGG","GATTAGATACCCTGGGTAGTCCACGCAGTAAACGATGATCACTAGCTGTTTGCGATAGACAGTAAGCGGCACAGCGAAAGCGTTAAGTGATCCACCTGGGGAGTACGCCGGCAACGGTGAAACTCAAAGGAATTGACGGGGGCCCGCACAAGCGGAGGAACATGTGGTTTAATTCGATGATACGCGAGGAACCTTACCCGGGTTTGAACGCAGGGGGACAGGCCGTGAAAGCGGCCTTCTAGCAATAGTC","GATTAGATACCCTGGGTAGTCCATGCTGTAAACGATGAATGCTAGGTGTGGGGGGACTGACCCCTTCCGTGCCGGAGTAAACACAATAAGCATTCCACCTGGGGAGTACGACCGCAAGGTTGAAACTCAAAGGAATTGACGGGGCCCGCACAAGCGGAGGAACATGTGGTTTAATTCGATGATACGCGAGGAACCTTACCCAGGCTCGAACGGCATCTGAATTGTCCAGAGATGGACAAGTCTTCGGACA","GATTAGATACCCTTGGTAGTCCACGCAGTAAACGATGATAACTAACCGTTGGCGATAGACAGTCAGTGGCCAAGCGAAAGCGATAAGTTATCCACCTGGGGAGTACGACCGCAAGGTTGAAACTCAAAGGAATTGACGGGGCCCGCACAAGCGGAGGAACATGTGGTTTAATTCGATGATACGCGAGGAACCTTACCCGGGCTCGAACGGTATGTGAACGACTCAGAGATGAGGAGGTCCTTCGGGACAC","GATTAGATACCCTGGGTAGTCCACGCAGTAAACGATGACTACTAGCTTTCCGGGGCGACTGGGTCCTGGGAGGCACAGCGAAAGCGTTAAGTAGTCCACCTGGGGAGTACGCCGGCAACGGTGAAACTCAAAGGAATTGACGGGGCCCGCACAAGCGGAGGAACATGTGGTTTAATTCGATGATACGCGAGGAACCTTACCCGGGCTCAAACGACAGCGGACAGCACCCGAAAGGGTGTCTCCGGCAAAC","GATTAGATACCCTGGGTAGTCCACACTGTAAACGATGATTACTAGGTGTTGGAGGATTGACCCCTTCAGTGCCGCAGTTAACACAATAAGTAATCCACCTGGGGAGTACGACCGCAAGGTTGAAACTCAAAGGAATTGACGGGGCCCGCACAAGCGGTGGAGCATGTGGTTTAATTCGATGGTACGCGAGGAACCTTACCTGGGTTTGACATGCATAGGAATGGCCTGGAGACAGGTCAGCGCAGCAATG","GATTAGATACCCTGGGTAGTCCATGCTGTAAACGATGGGTACTAGGTGTAGGTTGTGAAGAACAATCTGTGCCGTCGCAAACGCAATAAGTACCCCGCCTGAGGAGTACGATCGCAAGATTAAAACTCAAAGGAATTGACGGGGACCCGCACAAGCAGCGGAGCATGTGGTTTAATTCGAAGCAACGCGAAGAACCTTACCTGAACTTGACATACCTTGAATTACCTTGTAATGAGGGAAGCTCGCAAGA","GATTAGATACCCTTGGTAGTCCACGCAGTAAACGATGAATACTAACTGTTCGGAGGGCGACCTCTGAGTGGTAAAGCGAAAGCGTTAAGTATTCCACCTGGGGAGTACGCCGGCAACGGTGAAACTCAAAGGAATTGACGGGGCCCGCACAAGCGGAGGAACATGTGGTTTAATTCGATGATACGCGAGGAACCTTACCCGGGCTCAAACGTCGGGCGAATCATCCTGAAAGGGATGAGCCAGCAATGGC","GATTAGATACCCTGGGTAGTCCACGCGGTAAACGATGAATACTAGGTGTTGGGGACAAAGTCCTTCGGTGCCGCCGCAAACGCATTAAGTATTCCACCTGGGGAGTACGTTCGCAAGAATGAAACTCAAAGGAATTGACGGGACCCGCACAAGCGGTGGAGCATGTGGTTTAATTCGAAGCAACGCGAAGAACCTTACCAAGTCTTGACATCGATCTGAATGGAGAGTAATGTTTCCAGTCTCTTCGGAG","GGATTAGATACCCTGGGTAGTCCACACGGTAAACGATGAATACTCGCTGTTTGCGATATACGGCAAGCGGCCAAGCGAAAGCGTTAAGTATTCCACCTGGGGAGTACGCCGGCAACGGTGAAACTCAAAGGAATTGACGGGGCCCGCACAAGCGGAGGAACATGTGGTTTAATTCGAAGCAACGCGAAGAACCTTACCAAATCTTGACATCCCTCTGACCGGGACTTAACCGTCCTTTTCTTTCGGGACA","GGATTAGATACCCTTGGTAGTCCACGCCGTAAACGATGAGTGCTAAGTGTTGGTCTCATAAGAGATCAGTGCTGCAGCTAACGCATTAAGCACTCCGCCTGGGGAGTACGACCGCAAGGTTGAAACTCAAAGGAATTGACGGGGACCCGCACAAGCGGTGGAGCATGTGGTTTAATTCGAAGCAACGCGAAGAACCTTACCAAGTCTTGACATACTGTGAGGACACAAGAGATTGTGTTGTTCTGACCTT","GGATTAGATACCCTTGGTAGTCCACGCCCTAAACGATGGATACTAGACGAAGGAGGGTAAAACCTTCTGTGTCGCAGCAAACGCATTAAGTATCCCGCCTGAGGAGTACGGCCGCAAGGTTGAAACTCAAAGAAATTGACGGGACCCGCACAAGCAGCGGAGCATGTGGTTTAATTCGATGCAACGCGAAGAACCTTACCAAGACTTGACATCGCAGGCATAGTCATGAAAGTGATGAATTCCTTCGGGA","GGATTAGATACCCTGGGTAGTCCACGCCGTAAACGATGAATGCTAGGTGTAGGGGGTATCGACCCCCTCTGTGCCGCAGCTAACGCAATAAGCATTCCGCCTGGGGAGTACGGCCGCAAGGTTGAAACTCAAAGGAATTGACGGGGCCCGCACAAGCAGCGGAGCATGTTGTTTAATTCGACGCAACGCGAAGAACCTTACCAGGGCTTGACATCCAATGGATCCTGTGGAAACACGGGAGTGCCCTTCG","GGATTAGATACCCTGGGTAGTCCATGCTGTAAACGATGATAGCTAGGTGTGGGAGGACTGACCCCTACCGTGCCGGAGTAAACACAATAAGCTATCCACCTGGGGAGTACGATCGCAAGATTGAAACTCAAAGGAATTGACGGGGGCCCGCACAAGCAGTGGAGTATGTGGTTTAATTCGACGCAACGCGAAGAACCTTACCAGGTCTTGACATCCAACTAACGAGGCAGAGATGCGTCAGGTGCCCTTC","AGGATTAGATACCCTTGGTAGTCCATGCTGTAAACGATGATTACTAGGTGTGGGGGCGAAAGCTTCCGTGCCGGAGTTAACACAATAAGTAATCCACCTGGGGAGTACGACCGCAAGGTTGAAACTCAAAGGAATTGACGGGGCCCGCACAAGCAGTGGAGTATGTGGTTTAATTCGAAGCAACGCGAAGAACCTTACCAGGTCTTGACATCGTGCGCATAGGCAAGAGATTGCTGAAATCACTCTTTGA","AGGATTAGATACCCTGGGTAGTCCGCACGGTAAACGATGAATACTCGCTGTCGGCGATACACAGTCGGCGGCCAAGCGAAAGCGTTAAGTATTCCACCTGGGGAGTACGCCGGCAACGGTGAAACTCAAAGGAATTGACGGGGCCCGCACAAGCGGAGGAACATGTGGTTTAATTCGATGATACGCGAGGAACCTTACCCGGGCTTGAATTGCGCTGGACGGATCCGGAAACGGATCTTTCTTCGGACCA","AGGATTAGATACCCTGGGTAGTCCACGCCGTAAACGATGACTGCTAGGTGTCGGGTAGCAAAGCTATTCGGTGCCGCAGCAAACGCAATAAGCATCCCGCCTGGGGAGTACGGCCGCAAGGCTAAAACTCAAAGAAATTGACGGGGGCCCGCACAAGCGGCGGAGCATGCGGATTAATTCGATGCAACGCGAAGAACCTTACCTGGGCTTGACATGTTCCCGACGACTCCAGAGATGGGGTTTCCCTTCG","GATTAGATACCCTGGGTAGTCCACGCCGTAAACGATGAGTGCTAAGTGTTGGTCTCATAAGAGATCAGTGCTGCAGCTAACGCATTAAGCACTCCGCCTGGGGAGTACGACCGCAAGGTTGAAACTCAAAGGAATTGACGGGGACCCGCACAAGCGGTGGAGCATGTGGTTTAATTCGAAGCAACGCGAAGAACCTTACCAAGTCTTGACATACTGTGAGGACACAAGAGATTGTGTTGTTCTGACCTTT","GATTAGATACCCTTGGTAGTCCACGCCGTAAACGATGTCGATTTGGAGGTTGTGCCCTTGAGGCGTGGCTTCCGGAGCTAACGCGTTAAATCGACCGCCTGGGGAGTACGGCCGCAAGGTTAAAACTCAAAGGAATTGACGGGGCCCGCACAAGCAGCGGAGCATGTGGTTTAATTCGAAGCAACGCGAAGAACCTTACCTAGACTTGACATCTCCTGCATTACCCTTAATCGGGGAAGTTCCTTTGGGA","GATTAGATACCCTGGGTAGTCCACGCCGTAAACGATGAGTGCTAGGTGTCGGGGAGGAATCCTCGGTGCCGCAGCTAACGCAATAAGCACTCCACCTGGGGAGTACGACCGCAAGGTTGAAACTCAAAGGAATTGACGGGGGCCCGCACAAGCGGTGGAGCATGTGGTTTAATTCGAAGCAACGCGAAGAACCTTACCAAGGCTTGACATCCCGATGACCGCTCTAGAGATAGAGCTTCTCTTCGGAGCA","GCCTCCCTCGCGCCATCAGAGGGACTGGAGATTCACTAGGGGTGAGCCGGAGCTGTCTCCGTGGTCTTGGCCTCTTCCAGGGCGAATGGGTGTGGGTGGCCCAGGCCAGAGAGTCATCGAACACTTCACAGCCGCACTTGGCTAGGGTGCAGGTCCTAGAACCTCGCTGGGACCTCTCTGATAGACTGGGACCCGGCTCTGGACCGCTGGGAGAGCCCCTCGCTGACGGACTGGCGCTTGTCCCTGCCAC","GATTAGATACCCTGGGTAGTCCACGCAGTAAACGATGAATACTAATTGTCCGGTCAGAATGATGACTGGGTGATACAGCGAAAGCGTTAAGTATTCCACCTGGGGAGTACGCCGGCAACGGTGAAACTCAAAGGAATTGACGGGGGCCCGCACAAGCGGAGGAACATGTGGTTTAATTCGATGATACGCGAGGAACCTTACCCGGGCTCAAACGTAGAATGACAGACGGTGAAAGCCGTTTTCCCTTCGG","AGGATTAGATACCCTTGGTAGTCCACGCCCTAAACGATGTCTGCTGATTGTTCGGGGAGCAATCCCTGGGTAACCAAGCCAACGCGTGAAGCAGACCGCCTGGGAAGTACGGTCGCAAGATTAAAACTCAAAGGAATTGACGGGACCCGCACAAGCGGTGGATGATGTGGATTAATTCGACGCAACGCGAAAAACCTTACCTAGCCTTGACATGCCAGGAACCCGGATGAAAGTCTGGGGTGCCCGCAAG","AGGATTAGATACCCTGGGTAGTCCACGCCGTAAACGATGGATACTAGGTGTAGGAGGTATCGACCCCTTCTGTGCCGGAGCAAACGCAATAAGTATCCCACCTGGGGAGTACGGTCGCAAGATTAAAACTCAAAGGAATTGACGGGACCCGCACAAGCAGTGGAGTATGTGGTTTAATTCGAAGCAACGCGAAGAACCTTACCAGGGCTTGACATCCCGTGCATAGCATAGAGATATGTGAAATCCTACG","AGGATTAGATACCCTGGGTAGTCCACGCAGTAAACGATGACTACTAGCTTTCCGGGGCGACTGGGCCCTGGGAGGCACAGCGAAAGCGTTAAGTAGTCCACCTGGGGAGTACGCCGGCAACGGTGAAACTCAAAGGAATTGACGGGGCCCGCACAAGCGGAGGAACATGTGGTTTAATTCGATGATACGCGAGGAACCTTACCCGGGCTTGAATTGCAGAGGAAGGATTTGGAGACAATGACGCCCTTCG","AGGATTAGATACCCTTGGTAGTCCACGCTGTAAACGATGAATACTAAGTGTTGGCACCCGAAGGGTGTCGGTGCTGCCGCAAACGCAATAAGTATTCCACCTGGGGAGTACGTTCGCAAGAATGAAACTCAAAGGAATTGACGGGGACCCGCACAAGCGGTGGAGCATGTGGTTTAATTCGAAGCAACGCGAAGAACCTTACCAGGTCTTGACATGCCGATGACCGCCTCGTAATGGAGGCTTCTCTTCG","GCCTCCCTCGCGCCATCAGGAGAAGGTTATAACGTGGTGGTTATTTCTCTAACAGAGGTACTTGGAAGGCTCCATCGCCCCTGAAGACAAAGGAAGCTGCTCATTGCTGCCTGGGCCTCCATTTGCCAGAGAGTTACACATCGAAATTGTGTCTTCTCCCCACTACAGCACTAATGGAAATTATGACGGTGTTCTTTACCGGCACTTTCAGATACCCAGGTTAGCTACCTAACCTTTTAAGGAGGATAGC","AGGATTAGATACCCTGGGTAGTCCACGCCGTAAACGATGAGTGCTAGGTGTCGGGGAGGAATCCTCGGTGCCGCAGCTAACGCAATAAGCACTCCACCTGGGGAGTACGGCCGCAAGGTTGAAACTCAAAGGAATTGACGGGGCCCGCACAAGCGGTGGAGTATGTGGTTTAATTCGAAGCAACGCGAAGAACCTTACCAAGGCTTGACATCCCGATGACCGGCATAGAGATATGCTTTTTCTTCGGAAC","AGGATTAGATACCCTTGGTAGTCCACGCCCTAAACGATGGATACTAGATGTGGGGAGAATCGACTCTTTCCGTATTGAAGCAAACGCGATAAGTATCCCGCCTGAGTAGTACGGCCGCAAGGTTGAAACTTAAAGGAATTGACGGGGACCCGCACAAGCAGCGGAGCATGTCGTTTAATTCGACGCAACACGAAGAACCTTACCAAGGCTTGACATTTTGAGCATATCATGGAAACATGAGAAATCGTAT","GATTAGATACCCTGGGTAGTCCACGCTGTAAACGATGGATACTAGGTGTGGGGGTCAAAAGACTTCTGTGCCGCAGCAAACGCAATAAGTATCCCGCCTGGGGAGTACGACCGCAAGGTTGAAACTCAAAGGAATTGACGGGGCCCGCACAAGCAGCGGAGCATGTGGTTTAATTCGAAGCAACGCGAAGAACCTTACCAAGGCTTGACATCCTCTGACGAATGTAGAGATACATTTTCCCTTCGGGGCA","AGGATTAGATACCCTTGGTAGTCCACACTGTAAACGATGAATGCTAGGTGTAGGGTGGGATACCATTCTGTGCCGCAGTTAACACAATAAGCATTCCACCTGGGGAGTACGGCCGCAAGGTTGAAACTCAAAGGAATTGACGGGAGCCCGCACAAGCAGTGGAGTATGTGGTTTAATTCGACGCAACGCGAAGAACCTTACCAGAACTTGACATCCCGGGAAGTCAGCTGTAATGGCAGATGTGCCCCTT","AGGATTAGATACCCTTGGTAGTCCACGCCGTAAACGATGAATACTAAGTGTCGGCATCCGAAGGATGTCGGTGCTGCCGTTAACACAATAAGTATTCCACCTGGGGAGTACGTACGCAAGTATGAAACTCAAAGGAATTGACGGGACCCGCACAAGCGGTGGAGCATGTGGTTTAATTCGAAGCAACGCGAAGAACCTTACCAGGTCTTGACATCCCGATGAATGCGAAGTAATGTTTGCAGCTCTTCGG","AGGATTAGATACCCTGGGTAGTCCACGCCGTAAACGATGAATACTAGGTGTCAGGGAACAATAGTTCTTTGGTGCCGCAGCAAACGCATTAAGTATTCCACCTGGGGAGTACGTTCGCAAGAATGAAACTCAAAGGAATTGACGGGGACCCGCACAAGCGGTGGAGCATGTGGTTTAATTCGAAGCAACGCGAAGAACCTTACCTGGTCTTGACATCCCAATGACGCTTCTTTAATCGGAGGTTTCCTTC","AGGATTAGATACCCTTGGTAGTCCATGCTGTAAACGATGATTACTAGGTGTGGGGGCGAAAGCTTCCGTGCCGGAGTTAACACAATAAGTAATCCACCTGGGGAGTACGACCGCAAGGTTGAAACTCAAAGGAATTGACGGGGCCCGCACAAGCAGTGGAGTATGTGGTTTAATTCGAAGCAACGCGAAGAACCTTACCAGGTCTTGACATCGTGCGCATAGTTAAGAGATTAATGAAATCACTCTTTGA","GATTAGATACCCTGGGTATTCCACGCCGTAAACGATGATGGCTAACCGCCGGCGGCATACAGTCGGTGGCCAAGCGAAAGCGATAAGCCATCCACCTGGGGAGTACGTCGGCAACGATGAAACTCAAAGGAATTGACGGGGGCCCGCACAAGCGGAGGAACATGTGGTTTAATTCGAAGCAACGCGAAGAACCTTACCAGGTCTTGACATCCGATGCATAGCGCAGAGATGCGTGAAGTCCTTCGGGACA","GATTAGATACCCTGGGTAGTCCGCACAGTAAACGATGTGCACTAGGTGTCTGGGCATAAGCCCGGGTGCCAAAGCAAACGCGATAAGTGCACCGCCTGGGGAGTATGCCCGCAAGGGTGAAACTCAAAGGAATTGACGGGGGCCCGCACAAGCGGTGGAGCATGTGGTTTAATTCGATGGTACGCGAGGAACCTTACCTGGGTTTGACATACATACCGATTATTTAGAGATAAGTAAGCGTAGCAATACG","GATTAGATACCCTTGGTAGTCCACGCCGTAAACGATGGGTACTAGGTGTTAGGGGTTTCGATGCCTCTAGTGCCGCAGTAAACACAATAAGTACCCCGCCTGGGGAGTACGGTCGCAAGACTGAAACTCAAAGGAATTGACGGGGCCCGCACAAGCGGTGGAGCATGTGGTTTAATTCGACGCAACGCGAAGAACCTTACCAAGACTTGACATCCCTTTGACCGGAAATGTAATGTTTCCTTCTCTTCGG","GATTAGATACCCTTGGTAGTCCACGCGGTAAACGATGAATGCTAGGTGTCGGGTGACAAAGTCATTCGGTGCCGCCGCAAACGCATTAAGCATTCCACCTGGGGAGTACGACCGCAAGGTTGAAACTCAAAGGAATTGACGGGGGCCCGCACAAGCAGTGGAGTATGTGGTTTAATTCGAAGCAACGCGAAGAACCTTACCAGGTCTTGACATCCGATGCATAGTGCAGAGATGCATGAAGTCCTTCGGG","GATTAGATACCCTGGGTAGTCCACGCCGTAAACGATGAGTGCTAGATGTAGGGAGCTATAAGTTCTCTGTATCGCAGCTAACGCAATAAGCACTCCGCCTGGGGAGTACGACCGCAAGGTTGAAACTCAAAGGAATTGACGGGGGCCCGCACAAGCGGTGGAGCATGTGGTTTAATTCGAAGCAACGCGAAGAACCTTACCAGGTCTTGACATACTCGTGCTATTCCTAGAGATAGGAAGTTCCTTCGGG","GATTAGATACCCTGGGTAGTCCGCGCGGTAAACGATGGATGCCCGCTGTTGGGCCAACTGGTTCAGCGGCCAAGCGAAAGCATTAAGCATCCCACCTGGGGAGTACGCCGGCAACGGTGAAACTCAAAGGAATTGACGGGGGCCCGCACAAGCGGAGGAACATGTGGTTTAATTCGACGCAACGCGAAGAACCTTACCAGGTCTTGACATCGATGTAAAGCCCAAGAGATTGGGTGTCTCTTCGGAGGAC","AGGATTAGATACCCTTGGTAGTCCACGCCGTAAACGATGAGTACTAAGTGTTGGGGGTCAAACCTCAGTGCTGCAGTTAACGCAATAAGTACTCCGCCTGAGTAGTACGTTCGCAAGAATGAAACTCAAAGGAATTGACGGGGGCCCGCACAAGCGGTGGAGCATGTGGTTTAATTCGAAGCAACGCGAAGAACCTTACCAGGTCTTGACATACCTCTAAAGGCTCTAGAGATAGAGAGATAGCTATAGG","GATTAGATACCCTTGGTAGTCCACGCTGTAAACGATGAATGCTAGGTGTAGCGGGTATCGACCCCTGCTGTGCCGGAGTAAACACAATAAGCATTCCGCCTGGGGAGTACGGCCGCAAGGTTGAAACTCAAAGGAATTGACGGGGGCCCGCACAAGCAGCGGAGCATGTTGTTTAATTCGAAGCAACGCGAAGAACCTTACCAGGTCTTGACATCGAGATAAAGCATCAGAGATGATGTGTCTCTTCGGA","GATTAGATACCCTTGGTAGTCCACGCTGTAAACGATGTCGATTTGGGGGTTGAGCTTTAAGTTTGGCGCCCGTAGCTAACGTGATAAATCGACCGCCTGGGGAGTACGGCCGCAAGGTTAAAACTCAAAGGAATTGACGGGGACCCGCACAAGCGGTGGAGCATGTGGTTTAATTCGAAGCAACGCGAAGAACCTTACCAGGTCTTGACATCCCGATGCTATTTCTAGAGATAGAAAGTTACTTAGGTAC","GATTAGATACCCTGGGTAGTCCATGCTGTAAACGATGAATGCTAGTTGTCGGCGTAAGTCGGTGACGAAGTTAACGCGATAAGCATTCCGCCTGGGGAGTACGGTCGCAAGATTAAAACTCAAAGGAATTGACGGGGCCCGCACAAGCAGTGGAGTATGTGGTTTAATTCGAAGCAACGCGAAGAACCTTACCAGGTCTTGACATCCGATGCATAGTGCAGAGATGCATGAAGTCCTTCGGGACATCGAG","GGATTAGATACCCTGGGTAGTCCACGCTGTAAACGATGAATGCTAGGTGTAGGGGTGGAAACACGTCTGTGCCGAAGTAAACACGATAAGCATTCCACCTGGGGAGTACGGCCGCAAGGTTGAAACTCAAAGGAATTGACGGGAGCCCGCACAAGCAGTGGAGTATGTGGTTTAATTCGAAGCAACGCGAAGAACCTTACCGAAACTTGACATCCTGACAATCCTGTTGTAAAGACGGGAGTGCCCCTTT","GGATTAGATACCCTGGGTAGTCCACGCCGTAAACGATGAGTGCTAGGTGTCGGAGGGGAACCTTCGGTGCCGCAGCAAACGCAATAAGCACTCCACCTGGGGAGTACGATCGCAAGATTGAAACTCAAAGGAATTGACGGGGCCCGCACAAGCGGTGGAGCATGTGGTTTAATTCGAAGCAACGCGAAGAACCTTACCAAGGCTTGACATCCCGACGACCGGTATAGAGATATACCTTTTCTTCGGAACG","AGGATTAGATACCCTTGGTAGTCCACGCCGTAAACGATGGGTGCTGGGTGCTGGGATGTATGTCTCGGTGCCGTAGCCAACGCGATAAGCACCCCGCCTGGGGAGTACGGTCGCAAGGCTGAAACTCAAAGAAATTGACGGGGGCCCGCACAAGCGGTGGAGTATGTGGTTTAATTCGATGCAACGCGAAGAACCTTACCCAGGCTTGACATCTAGGGAACCCTTCGGAAATGAAGGGGTGCCCTTCGGG","GGATTAGATACCCTTGGTAGTCCACGCGGTAAACGATGATTACTAGGTGTCGGGGGTCAACGGACCTTCGGTGCCGCAGCAAACGCATTAAGTAATCCACCTGGGGAGTACGTTCGCAAGAATGAAACTCAAAGGAATTGACGGGACCCGCACAAGCGGTGGAGCATGTGGTTTAATTCGAAGCAACGCGAAGAACCTTACCAATCCTTGACATCCTCCTGGACGGTCCGTAATGGGATCAGGCCTACGG","GCCTCCCTCGCGCCATCAGGAGTGAGTGTTGGCTTCATGGAAGGGGTGGGACTGGATCTGGGCCTAGACAACTGGGGGAGGACTGTGGTCCCTCATCCTCAGAGGATGCCCACCAGCTCCCCCGGACTAATACTGTTTCTCCTCTCAGGTGCGAGGAAGTGGCTGGAGTGGAGGAAGGAGGTTGAGCTGCTCTCAGATGTGGCCTACTTTGGCCTCACCACACTTGCAGGTAGAAGCTCCCACGGGACCT","AGGATTAGATACCCTTGGTAGTCCACGCCGTAAACGATGAATGCTAGGTGTAGGGTCGGAAACGGGTCTGTGCCGCAGCTAACGCGATAAGCATTCCACCTGGGGAGTACGGCCGCAAGGTTGAAACTCAAAGGAATTGACGGGAGCCCGCACAAGCAGTGGAGTATGTGGTTTAATTCGACGCAACGCGAAGAACCTTACCGAAACTTGACATCCTGCGAATCAGGTTGTAAAGACCGGAGTGCCCCTT","AGGATTAGATACCCTGGGTAGTCCATGCCGTAAACGATGAGTGCTAGGTGTTGGAGGGTTTCCGCCCTTCAGTGCCGGAGCTAACGCATTAAGCACTCCGCCTGGGGAGTACGACCGCAAGGTTGAAACTCAAAGGAATTGACGGGGCCCGCACAAGCGGTGGAGCATGTGGTTTAATTCGAAGCTACGCGAAGAACCTTACCAGGTCTTGACATCTTGCGCCAACCCTAGAGATAGGGCGTTTCCTTCG","AGGATTAGATACCCTGGGTAGTCCACGCCGTAAACGGTGGATGCTGGATGTGGGGCCCTTTCCACGGGTCCCGTGTCGGAGCCAACGCGTTAAGCATCCCGCCTGGGGAGTACGGCCGCAAGGCTAAAACTCAAAGGAATTGACGGGGCCCGCACAAGCGGAGGAACATGTGGTTTAATTCGATGATACGCGAGGAACCTTACCCGGGCTTGAATTGCAGAGGAAGGATTTGGAGACAATGACGCCCTTC","AGGATTAGATACCCTGGGTAGTCCACGCTGTAAACGATGAATGCTAGGTGTAGGGGGTATCGACCCCTCCTGTGCCGCAGTTAACACAATAAGCATTCCGCCTGGGGAGTACGGCCGCAAGGTTGAAACTCAAAGAAATTGACGGGGGCCCGCACAAGCAGCGGAGCATGTGGTTTAATTCGAAGCAACGCGAAGAACCTTACCAGGTCTTGACATCCACTTAAAGCCGTAGAGATACGGTGTGAGCTTG","AGGATTAGATACCCTGGGTAGTCCATGCCGTAAACGTTGGGCACTAGGTGTGGGGGACATTCCACGTTTTCCGCGCCGTAGCTAACGCATTAAGTGCCCCGCCTGGGGAGTACGGCCGCAAGGCTAAAACTCAAAGAAATTGACGGGGCCCGCACAAGCGGCGGAGCATGCGGATTAATTCGATGCAACGCGAAGAACCTTACCAAGGCTTGACATATACTGGACCGCATCAGAGATGGTGTTTCCCTTC","AGGATTAGATACCCTGGGTAGTCCACACCGTAAACGATGGATACTAGGTGTAGGGGATGATAAATCTTCTGTGCCGTCGCAAACGCAATAAGTATCCCACCTGGGGAGTACGGCCGCAAGGTTGAAACTCAAAGGAATTGACGGGGCCCGCACAAGCAGTGGAGTATGTGGTTTAATTCGACGCAACGCGAAGAACCTTACCAGGTCTTGACATCCGATGCATAGTGCAGAGATGCATGAAGTCCTTCGG","AGGATTAGATACCCTGGGTAGTCCACACTGTAAACGATGGATACTAGGTGTAGGCATGAATGTGTCTGTGCCGGCGTTAACACAATAAGTATCCCACCTGGGGAGTACGACCGCAAGGTTGAAACTCAAAGGAATTGACGGGGGCCCGCACAAGCAGTGGAGTATGTGGTTTAATTCGACGCAACGCGAAGAACCTTACCAAGACTTGACATATACGGGAATATTTAAGAAATTAGATAGTCTTTCGGGA","AGGATTAGATACCCTGGGTATTCCACGCCGTAAACGATGATGGCTAACCGCCGGCGACAGACTGTCGGTGGCCAAGCGAAAGCGATAAGCCATCCACCTGGGGAGTACGTCGGCAACGATGAAACTCAAAGGAATTGACGGGGGCCCGCACAAGCGGAGGAACATGTGGTTTAATTCGATGATACGCGAGGAACCTTACCCGGGCTCGAACGGCAGATGAATCAGTCAGAGATGGTTGAGTCTTCGGACA","AGGATTAGATACCCTGGGTAGTCCACGCAGTAAACGATGACTACTAGCTTTCCGGGGCGACTGGGTCCTGGGAGGCACAGCGAAAGCGTTAAGTAGTCCACCTGGGGAGTACGCCGGCAACGGTGAAACTCAAAGGAATTGACGGGGCCCGCACAAGCAGTGGATTATGTGGTTTAATTCGACGCAACGCGAAGAACCTTACCAGGATTTGACATCCAACTAACGAAGTAGAGATACATTAGGTACCCTT","AGGATTAGATACCCTTGGTAGTCCACGCCGTAAACGATGGATACTAGGTGTGCGGGGACTGACCCCCTGCGTGCCGGAGTCAACACAATAAGTATCCCACCTGGGGAGTACGATCGCAAGGTTGAAACTCAAAGGAATTGACGGGGCCCGCACAAGCGGTGGATTATGTGGTTTAATTCGAAGCAACGCGAAGAACCTTACCAGGTCTTGACATGGGAGCGCTGGGTGTAGAGATACACCGTTCTTTCGG","GATTAGATACCCTTGGTAGTCCACGCCGTAAACGATGAGCACTAGGTGTCGGGGCCGCAAGGCTTCGGTGCCGCAGTCAACGCATTAAGTGCTCCGCCTGGGGAGTACGCACGCAAGTGTGAAACTCAAAGGAATTGACGGGGACCCGCACAAGCAGCGGAGCATGTGGTTTAATTCGAAGCAACGCGAAGAACCTTACCAGGACTTGACATCCCTCTGACAGGACCTTAACCGGTTCCTTCTACGGACA","AGGATTAGATACCCTTGGTAGTCCACGCTGTAAACGATGAATGCTAGGTGTGGGTGCGATAGCATCCGTGCCGCAGTTAACACAATAAGCATTCCACCTGGGGAGTACGGCCGCAAGGTTGAAACTCAAAGGAATTGACGGGAGCCCGCACAAGCAGTGGAGTATGTGGTTTAATTCGACGCAACGCGAAGAACCTTACCAGGATTTGACATGCCAAGTGATCGAGGTAACGCTTGATCGACCTGAAAGC"
"ERR011058",2271,1527,0,0,48,0,980,0,0,823,706,0,59,0,0,0,0,0,604,0,0,0,0,0,0,0,0,0,0,0,0,0,0,0,0,0,0,0,0,0,0,0,0,0,0,0,537,0,0,118,0,0,0,0,0,0,0,0,0,0,0,0,0,0,365,0,0,0,0,0,0,0,0,0,0,0,278,0,0,0,0,0,0,0,49,0,0,0,0,0,0,52,0,0,199,0,0,0,0,0,0,0,0,0,46,0,0,0,0,0,0,0,0,0,0,0,0,0,0,110,0,0,18,0,0,0,0,0,0,0,0,0,0,0,0,0,0,0,0,0,0,0,211,0,0,0,0,0,0,149,0,0,0,0,0,0,0,0,0,156,0,0,0,0,0,0,0,0,0,0,0,0,0,0,0,0,0,0,0,0,0,0,0,0,0,0,0,0,0,0,0,0,0,0,0,0,0,0,0,0,0,182,0,0,0,0,0,0,0,14,0,0,0,42,0,177,0,0,0,0,0,0,0,0,0,0,0,0,0,0,0,0,0,0,0,0,0,0,0,142,0,0,0,0,0,0,0,0,0,0,0,0,0,0,0,0,0,0,0,0,0,0,0,0,0,0,0,84,0,0,0,0,0,101,0,0,0,0,0,0,0,0,0,0,0,0,0,0,70,0,0,0,0,0,0,0,0,0,0,0,0,0,0,68,0,0,0,0,0,0,0,0,0,0,0,0,0,0,0,0,0,0,0,0,0,0,0,0,0,0,0,0,0,0,0,0,0,0,0,0,0,0,82,0,0,0,0,0,0,0,0,0,0,0,0,167,0,0,0,0,166,0,0,0,0,0,0,0,0,0,0,46,0,0,0,0,0,0,0,0,0,0,0,0,0,0,0,0,0,0,0,0,0,0,0,63,0,0,0,16,0,0,0,0,0,0,0,0,0,0,0,0,0,51,0,0,0,0,0,0,0,74,0,0,0,0,0,0,0,0,0,0,0,0,0,0,0,0,0,0,0,0,0,65,0,0,0,0,0,0,0,0,61,0,0,0,0,0,0,0,0,0,120,0,0,0,0,74,0,0,0,0,0,0,0,0,0,0,0,0,0,0,0,0,0,0,0,0,0,0,0,0,0,0,0,0,0,0,0,0,0,0,0,0,0,0,0,0,0,0,0,0,0,0,0,0,0,0,0,0,0,0,0,0,0,0,0,0,0,0,0,0,0,0,0,0,0,0,0,0,99,0,0,0,0,98,0,0,0,0,0,0,0,0,0,0,0,0,0,0,0,0,0,0,0,0,0,0,0,0,0,0,0,0,0,0,0,0,0,0,0,0,0,0,0,0,0,0,0,0,0,0,0,0,0,0,0,0,54,0,0,0,0,0,0,0,0,0,13,0,0,0,0,0,0,0,0,0,0,0,0,0,0,0,0,0,0,0,0,0,83,0,0,0,0,0,0,0,0,0,81,30,0,0,0,0,0,0,0,0,0,0,0,0,0,0,0,0,0,0,79,0,0,0,0,0,0,0,0,0,0,0,0,0,77,0,0,0,0,0,0,0,0,0,0,0,0,0,0,0,0,0,0,0,0,0,0,0,0,0,0,0,0,0,0,73,0,0,0,0,0,0,0,0,0,0,0,71,0,0,0,0,0,63,70,0,0,0,0,0,0,0,0,0,0,0,0,0,0,0,0,0,0,0,0,0,0,0,0,0,0,0,0,0,0,0,0,0,0,67,0,0,0,0,0,0,0,0,0,0,0,0,0,0,0,0,0,37,0,0,0,0,0,0,0,0,0,0,0,0,0,0,0,0,0,0,0,0,0,0,0,0,0,0,0,0,0,0,22,48,0,0,0,0,0,0,0,0,0,0,0,0,0,0,0,0,0,0,0,0,0,0,0,0,60,0,0,0,0,0,0,0,0,0,0,0,35,0,0,0,0,0,0,0,0,57,0,0,0,0,0,0,0,0,0,0,0,0,0,0,0,0,0,0,0,0,0,0,0,0,0,0,0,0,0,0,0,0,0,0,0,0,0,0,0,0,0,0,0,0,0,0,0,0,0,0,0,0,0,0,0,0,0,0,0,0,0,0,0,0,0,0,0,0,0,0,0,0,0,0,0,0,0,0,0,0,0,0,0,0,0,0,50,36,0,0,0,0,0,0,0,0,0,0,0,0,0,0,49,0,0,0,0,0,0,0,0,0,0,48,0,0,0,0,0,0,0,0,0,0,0,0,0,0,0,0,0,0,0,0,0,0,0,0,0,0,0,0,0,0,0,0,0,0,45,0,0,0,0,0,0,0,0,0,0,0,0,0,0,0,0,0,0,0,0,0,0,0,0,0,0,0,0,0,0,43,0,0,0,0,0,0,0,0,0,0,0,0,0,0,0,0,0,42,42,0,0,0,0,0,0,0,0,0,0,0,0,0,0,0,0,0,0,0,0,0,0,0,0,0,0,0,0,0,0,0,0,0,0,0,40,0,0,0,0,0,0,0,0,0,0,0,0,0,0,0,0,39,0,0,0,0,0,0,0,0,0,0,0,0,0,0,0,0,0,0,0,0,0,0,0,0,0,0,0,0,0,0,0,0,37,0,0,0,0,0,0,0,0,0,0,0,0,0,0,0,0,0,0,0,0,0,0,0,0,0,0,0,0,0,0,0,0,0,0,0,0,0,0,0,0,0,0,0,0,0,0,0,0,0,0,0,0,0,34,0,0,0,0,0,0,0,0,0,0,0,0,0,0,0,0,0,0,0,0,0,0,0,0,0,0,0,0,0,0,0,33,33,0,0,0,0,0,0,0,0,0,0,0,0,0,0,0,0,0,0,0,0,0,0,0,0,0,32,0,0,0,0,0,0,0,0,0,0,0,0,0,0,0,0,0,0,0,0,0,0,0,0,0,0,0,0,0,0,0,0,0,0,0,0,0,0,0,0,0,0,0,0,0,0,0,0,0,0,0,0,29,0,0,0,0,0,0,0,0,0,0,0,0,0,0,0,0,0,0,0,0,0,0,0,0,0,0,0,0,0,0,0,0,0,0,0,0,0,0,0,0,0,0,27,0,0,0,0,0,0,0,0,0,0,0,0,0,0,0,0,0,0,0,0,0,0,0,0,0,0,0,0,0,0,0,0,0,0,0,0,0,0,0,0,0,0,0,0,0,0,0,0,0,0,0,0,0,0,0,0,0,0,0,0,0,0,24,24,0,0,0,0,0,0,0,0,0,0,0,0,0,0,0,0,0,0,0,0,0,0,0,0,0,0,0,0,0,0,0,0,0,0,0,0,0,0,0,0,0,0,0,0,0,0,0,0,0,0,0,22,0,0,0,0,0,0,0,0,0,0,0,0,0,0,0,0,0,0,0,0,0,0,0,0,0,0,0,0,21,6,21,0,0,0,0,0,0,0,0,0,0,0,0,0,0,0,0,20,0,0,0,0,0,0,0,0,0,0,0,0,0,0,0,0,0,0,0,0,0,0,0,0,0,0,0,0,0,0,0,0,0,0,0,0,0,0,0,0,0,0,0,0,0,0,0,0,0,0,0,0,0,0,0,0,0,0,0,0,18,0,0,0,0,0,0,0,0,0,0,0,0,0,0,0,0,0,0,0,0,0,0,0,0,0,0,0,0,0,0,0,0,0,0,0,0,0,0,0,0,0,0,0,0,0,0,0,0,0,0,0,0,0,0,0,0,0,0,0,0,0,0,0,0,0,0,0,0,16,0,0,0,0,0,0,0,0,0,0,0,0,0,0,0,0,0,0,0,0,0,0,0,0,0,0,0,15,0,0,0,0,0,0,0,0,0,0,0,0,0,0,0,0,0,0,0,0,0,0,0,0,0,0,0,0,0,0,0,0,0,0,0,0,0,0,0,0,0,0,0,0,0,0,14,14,0,0,0,0,0,0,0,0,0,0,0,0,0,0,0,0,0,0,0,0,0,13,13,0,0,0,0,0,0,0,0,0,0,0,0,0,0,0,0,0,0,0,0,0,0,0,0,0,0,0,0,0,0,0,0,0,0,0,0,0,12,12,0,0,0,0,0,0,0,0,0,0,0,0,0,0,0,0,0,0,0,0,0,0,0,0,0,0,0,0,0,0,0,0,0,11,11,11,11,0,0,0,0,0,0,0,0,0,0,0,0,0,0,0,0,0,0,0,0,0,0,0,0,0,0,0,0,0,10,10,10,0,0,0,0,0,0,0,0,0,0,0,0,0,0,0,0,0,0,0,0,0,0,0,0,0,0,0,0,0,0,0,0,0,0,0,0,9,9,9,0,0,0,0,0,0,0,0,0,0,0,0,0,0,0,0,0,0,0,0,0,0,0,0,0,0,0,0,0,0,0,8,0,0,0,0,0,0,0,0,0,0,0,0,0,0,0,0,0,0,0,0,0,0,0,0,0,0,0,0,0,0,0,0,0,0,0,7,0,0,0,0,0,0,0,0,0,0,0,0,0,0,0,0,0,0,0,0,0,0,0,0,0,0,0,0,0,0,0,0,0,0,0,0,0,0,0,0,0,0,0,0,0,0,0,0,0,0,0,0,0,0,0,0,0,0,0,0,0,0,0,0,0,0,0,0,0,0,0,0,0,0,0,0,0,0,0,0,0,0,0,0,0,0,0,5,5,0,0,0,0,0,0,0,0,0,0,0,0,0,0,0,0,0,0,0,0,0,0,0,0,0,4,0,0,0,0,0,0,0,0,0,0,0,0,0,0,0,0,0,0,0,0,0,0,0,0,0,0,0,0,0,0,0,0,0,3,3,0,0,0,0,0,0,0,0,0,0,0,0,0,0,0,0,0,0,0,0,0,0,0,0,0,0,0,0,0,0,0,0,0,0,0,0,0,0,2,2,0,0,0,0,0,0,0,0,0,0,0,0,0,0,0,0,0,0,0,0,0,0,0,0,0
"ERR011059",0,0,0,391,384,0,0,0,0,0,0,0,118,0,112,80,0,0,0,0,109,0,0,0,0,0,0,0,0,0,0,107,0,0,120,48,0,0,0,0,0,0,0,0,0,0,0,0,0,0,0,0,0,32,0,46,0,0,0,0,0,0,0,50,0,0,0,0,0,0,0,0,0,0,0,53,0,0,0,0,0,0,0,0,38,0,0,0,0,0,0,10,0,0,0,0,0,0,570,499,0,0,0,0,113,0,0,0,0,0,0,0,0,0,0,0,0,296,0,0,0,0,0,39,0,0,0,190,22,0,253,97,0,0,0,0,0,0,0,0,0,0,0,0,0,0,0,0,0,0,0,0,0,0,0,0,0,0,227,0,0,0,0,0,0,0,0,0,0,0,0,0,0,0,0,0,0,42,0,0,0,0,0,0,0,0,0,0,18,0,0,0,0,0,0,0,0,0,0,0,0,0,0,0,0,0,0,76,0,50,0,0,0,0,81,0,0,0,0,0,0,0,0,0,0,0,0,0,0,0,0,0,0,144,0,0,0,0,0,0,0,0,0,0,0,0,0,55,0,0,0,0,0,0,99,0,0,0,0,0,0,0,0,0,0,0,0,0,0,0,117,0,0,0,0,0,0,208,0,0,0,0,0,0,95,0,0,0,0,201,0,0,0,0,0,0,0,0,0,0,0,0,0,0,0,0,0,0,0,0,0,162,0,0,0,0,0,0,0,0,0,0,0,0,107,0,0,0,0,0,0,0,0,0,0,0,0,0,0,0,0,0,0,0,0,0,0,0,0,0,0,0,0,0,0,0,0,0,0,0,0,0,0,165,0,0,0,0,0,98,0,0,156,0,0,0,0,0,0,0,0,0,0,0,0,0,0,0,0,0,0,0,0,0,0,0,0,0,0,0,0,0,0,0,0,0,0,0,0,82,0,0,0,58,0,0,0,0,0,0,0,0,68,0,0,133,0,0,0,0,0,0,0,0,0,0,0,0,0,0,0,0,0,0,0,0,0,0,0,0,0,0,0,0,0,0,123,0,0,0,0,0,0,0,0,0,0,0,0,0,0,0,0,0,0,0,0,0,0,116,0,0,0,0,0,0,0,0,0,0,0,70,0,0,0,0,0,0,0,0,0,0,0,0,0,0,0,0,0,0,107,0,0,0,0,0,0,0,0,0,0,0,0,0,0,0,103,0,0,0,0,0,0,0,0,0,101,0,0,0,0,0,0,0,0,0,98,0,0,0,0,0,0,0,0,0,0,0,0,0,0,0,0,0,0,0,0,0,0,0,0,0,0,0,0,0,94,0,93,0,0,0,0,0,92,0,0,0,0,0,0,0,90,0,0,11,0,0,0,0,0,0,0,0,0,0,0,0,0,87,0,0,0,0,0,0,0,0,0,0,0,0,85,0,0,0,0,0,0,0,0,0,0,0,0,0,0,0,0,0,0,0,81,81,0,0,0,0,0,0,0,80,52,80,0,0,0,0,0,0,0,0,0,0,0,0,0,0,34,0,0,0,0,0,0,0,0,0,0,0,0,0,0,0,0,0,0,0,0,0,0,0,0,0,44,0,0,0,0,0,0,0,0,0,0,0,32,0,0,0,0,72,0,0,0,0,0,0,71,0,0,0,0,0,0,0,0,0,0,0,0,0,0,41,0,0,0,0,0,0,0,0,0,51,0,0,0,0,0,0,0,0,0,0,0,0,0,0,0,0,67,0,0,0,0,0,66,0,0,0,0,0,0,0,0,0,0,0,0,0,0,0,0,0,0,0,0,0,0,0,0,0,0,0,0,0,0,0,0,0,0,0,0,0,0,0,0,0,0,0,62,0,0,0,0,0,0,0,0,0,61,0,0,0,0,0,0,0,0,0,0,0,0,0,0,13,0,0,0,0,0,0,0,0,0,0,0,0,0,0,0,0,0,0,0,0,57,0,0,0,0,0,0,0,0,0,0,0,56,0,0,0,0,0,0,0,0,0,55,0,0,0,0,0,0,0,0,0,0,0,0,0,54,0,0,0,0,0,0,0,0,0,53,0,0,0,0,0,0,0,0,0,0,0,0,0,0,0,0,0,0,0,0,0,0,0,0,0,0,0,0,31,0,0,0,0,0,0,0,0,0,0,0,0,0,0,0,0,0,0,0,0,0,0,0,0,0,0,0,0,0,0,0,0,0,0,0,0,0,0,48,48,0,0,0,0,0,0,0,0,0,0,0,0,0,0,0,0,0,0,0,0,0,0,0,0,0,0,0,0,0,0,0,0,0,45,0,0,0,0,0,0,0,0,0,0,0,0,0,0,0,0,0,0,0,0,0,0,0,0,0,0,0,0,0,0,0,0,0,0,0,0,0,0,0,0,0,0,0,0,0,0,0,0,0,42,0,0,0,0,0,0,0,0,0,0,0,0,0,0,0,0,0,0,0,0,0,0,0,0,0,0,0,0,0,0,0,0,0,0,0,0,0,0,0,0,0,0,0,0,0,0,0,0,0,0,0,0,0,0,0,0,0,0,0,0,0,0,0,0,38,0,0,0,0,0,0,0,0,0,0,0,0,0,0,0,0,0,0,0,0,37,0,0,0,0,0,0,0,0,0,0,0,0,0,0,0,0,0,0,0,0,0,0,0,0,0,36,0,0,0,0,0,0,0,0,0,0,0,0,0,0,35,35,0,0,0,0,0,0,0,0,0,0,0,26,0,0,0,0,0,0,0,0,0,0,0,0,0,0,0,0,0,0,0,0,0,0,0,0,0,0,0,0,0,0,0,0,33,0,0,0,0,0,0,0,0,0,0,0,0,0,0,0,0,0,0,0,0,0,0,0,0,0,0,0,0,0,0,0,0,0,0,0,0,0,0,0,0,0,31,0,0,0,0,0,0,0,0,0,0,18,30,0,0,0,0,0,0,0,0,0,0,0,0,0,0,0,0,0,0,0,0,0,0,0,0,29,29,0,0,0,0,0,0,0,0,0,0,0,0,0,0,0,0,0,0,0,28,0,0,0,0,0,0,0,0,0,0,0,0,0,0,0,0,0,0,0,0,0,0,0,0,0,0,0,0,0,0,0,0,0,0,0,0,26,0,0,0,0,0,0,0,0,0,0,0,0,0,0,0,0,0,0,0,25,25,25,25,0,0,0,0,0,0,0,0,0,0,0,0,0,0,0,0,0,0,0,0,0,0,0,0,0,24,0,0,0,0,0,0,0,0,0,0,0,0,0,0,0,0,0,0,0,0,0,0,0,0,0,23,8,0,0,0,0,0,0,0,0,0,0,0,0,0,0,0,0,0,0,0,0,0,0,0,0,22,0,0,0,0,0,0,0,0,0,0,0,0,0,0,0,0,0,0,0,0,0,0,0,0,0,0,0,0,0,0,0,0,0,0,0,0,0,0,0,0,0,0,0,0,0,0,0,20,20,0,0,0,0,0,0,0,0,0,0,0,0,0,0,0,0,0,0,0,0,0,0,0,0,0,0,0,0,0,0,0,0,0,0,0,0,0,0,0,0,0,0,0,0,0,0,0,0,0,0,0,0,0,0,0,0,0,0,0,18,7,0,0,0,0,0,0,0,0,0,0,0,0,0,0,0,0,0,0,0,0,0,0,0,0,0,0,0,0,0,0,0,0,0,0,0,0,0,0,0,0,0,0,0,0,0,0,0,0,0,0,0,0,0,0,0,0,0,0,0,0,0,0,0,0,0,0,0,16,0,0,0,0,0,0,0,0,0,0,0,0,0,0,0,0,0,0,0,0,0,0,0,0,0,0,0,0,0,0,0,0,0,0,0,0,0,0,0,0,0,0,0,0,0,0,0,0,0,0,0,0,0,0,0,0,0,0,0,0,0,0,0,0,0,0,0,0,0,0,0,0,0,0,0,0,0,0,0,0,0,0,0,0,0,0,0,0,0,0,0,0,0,0,0,0,0,0,13,13,0,0,0,0,0,0,0,0,0,0,0,0,0,0,0,0,0,0,0,0,0,0,0,0,0,0,0,0,0,0,0,0,0,0,0,0,0,12,0,0,0,0,0,0,0,0,0,0,0,0,0,0,0,0,0,0,0,0,0,0,0,0,0,0,0,0,0,0,0,0,0,0,0,0,11,0,0,0,0,0,0,0,0,0,0,0,0,0,0,0,0,0,0,0,0,0,0,0,0,0,0,0,0,0,0,0,0,0,0,0,0,0,0,0,0,0,0,0,0,0,0,0,0,0,0,0,0,0,0,0,0,0,0,0,0,0,0,0,0,0,0,0,0,0,0,9,9,0,0,0,0,0,0,0,0,0,0,0,0,0,0,0,0,0,0,0,0,0,0,0,0,0,0,0,0,0,0,8,8,8,0,0,0,0,0,0,0,0,0,0,0,0,0,0,0,0,0,0,0,0,0,0,0,0,0,0,0,0,0,0,0,0,0,7,7,7,7,0,0,0,0,0,0,0,0,0,0,0,0,0,0,0,0,0,0,0,0,0,0,0,0,0,0,0,0,0,0,0,0,0,0,0,0,0,0,0,0,0,0,0,0,0,6,0,0,0,0,0,0,0,0,0,0,0,0,0,0,0,0,0,0,0,0,0,0,0,0,0,0,0,0,0,0,0,0,0,0,0,0,0,0,0,0,0,0,0,0,0,0,0,0,0,0,0,0,0,0,0,0,0,0,0,0,0,0,0,0,0,4,0,0,0,0,0,0,0,0,0,0,0,0,0,0,0,0,0,0,0,0,0,0,0,0,0,0,0,0,0,0,0,0,0,0,3,3,0,0,0,0,0,0,0,0,0,0,0,0,0,0,0,0,0,0,0,0,0,0,0,0,0,0,0,0,0,0,0,0,0,0,0,0,0,0,2,0,0,0,0,0,0,0,0,0,0,0,0,0,0,0,0,0,0,0,0,0,0,0,0
"ERR011060",2754,1884,0,0,0,0,552,0,0,153,468,0,0,0,0,64,0,0,86,0,0,0,0,0,1138,0,0,0,0,0,0,0,0,0,0,0,0,0,0,0,744,0,0,0,0,0,211,0,0,0,0,0,0,0,0,0,0,0,0,0,0,0,0,0,142,0,0,0,0,0,0,0,11,0,0,0,0,0,0,0,0,0,0,0,47,0,0,0,0,0,0,23,0,0,0,0,0,0,0,0,0,0,0,0,0,0,0,0,0,0,0,0,0,0,0,0,0,0,0,90,98,0,0,32,0,0,0,0,0,0,0,0,0,77,0,0,0,0,0,0,0,0,0,0,0,0,0,0,99,0,0,0,0,0,0,0,0,0,0,0,0,0,0,0,0,0,0,0,0,0,0,0,0,0,0,0,0,0,0,0,0,73,0,0,0,110,0,0,0,0,0,0,0,0,0,0,0,0,0,0,0,0,0,0,0,128,0,0,0,0,0,0,0,60,0,0,0,0,0,0,0,0,0,0,0,0,0,0,0,0,0,0,0,0,0,0,0,7,0,0,0,5,0,41,0,0,0,0,0,0,0,0,0,0,0,0,0,0,0,0,0,0,0,0,0,0,0,0,0,0,0,0,0,0,0,0,0,0,0,0,0,0,0,0,0,0,0,0,0,0,0,0,0,0,0,0,0,0,0,0,0,0,0,0,0,0,0,0,0,0,0,0,0,0,0,0,0,0,0,0,0,0,0,0,0,0,0,0,0,0,0,0,0,0,0,0,0,0,0,0,0,0,0,0,0,0,0,0,0,0,0,0,0,0,0,0,0,0,0,0,0,0,0,0,0,0,0,0,0,0,0,0,0,0,0,0,0,0,0,0,0,0,0,0,0,0,0,0,0,0,107,0,0,0,0,0,0,0,0,0,72,0,0,0,0,0,0,0,0,0,0,0,0,0,0,0,0,0,0,0,0,0,0,0,0,0,0,0,0,0,0,0,0,0,0,0,0,0,21,0,0,0,0,0,0,0,0,0,0,0,0,0,0,0,0,0,0,0,0,0,0,0,0,0,0,0,0,45,0,0,0,0,0,0,0,0,0,0,0,0,0,0,0,0,0,0,0,0,0,0,0,0,0,0,0,0,0,0,0,0,0,0,0,0,0,0,0,0,0,0,0,0,0,0,0,0,0,0,0,0,0,0,0,0,0,0,0,0,0,0,0,0,0,0,0,0,0,0,0,0,0,0,0,0,0,0,0,0,0,0,0,0,0,0,0,0,0,0,0,0,0,0,0,0,0,0,0,0,0,0,0,0,0,0,0,0,0,0,0,0,0,0,0,0,0,0,0,0,0,0,0,0,0,0,0,0,0,0,0,0,0,0,0,0,0,0,0,0,0,0,0,0,0,0,0,0,0,0,0,0,0,0,0,0,0,0,0,0,0,0,0,0,0,0,0,0,0,0,0,0,0,33,0,0,0,0,0,0,0,0,0,0,0,0,4,0,0,0,0,0,0,0,0,0,0,0,0,0,0,0,0,0,0,0,0,0,0,0,0,0,0,0,0,0,0,0,0,0,0,0,0,0,0,0,0,0,0,0,0,0,0,0,0,0,0,0,0,0,0,0,0,0,0,0,0,0,0,0,0,0,0,0,0,0,0,0,0,0,0,0,0,0,0,0,0,0,0,0,0,0,0,0,0,0,68,0,0,0,0,0,0,0,0,0,0,0,0,0,0,0,0,0,0,0,0,0,0,0,0,0,0,0,0,0,0,0,0,28,0,0,0,0,0,0,0,0,0,0,0,0,0,0,0,0,0,0,0,0,0,0,0,0,0,0,0,0,0,0,0,14,0,0,0,0,0,0,0,0,0,0,0,0,0,0,0,0,0,0,0,0,0,0,0,0,0,0,0,0,0,0,0,0,0,0,0,0,0,0,0,0,0,0,0,0,0,0,0,57,0,0,0,0,0,0,0,0,0,0,0,0,0,0,0,0,0,0,0,0,0,55,0,0,0,0,0,0,0,0,0,0,0,0,0,0,0,0,0,0,0,0,0,0,0,8,0,0,0,0,0,0,0,0,0,0,0,0,0,0,0,0,0,0,0,0,0,0,0,0,0,0,0,0,51,29,0,0,0,0,0,0,0,0,0,0,0,0,0,0,0,0,0,0,0,0,0,0,0,0,0,0,0,0,0,0,0,0,0,0,0,0,0,0,0,0,0,0,0,0,0,0,0,0,47,0,0,0,0,0,0,0,0,0,0,0,0,0,0,0,0,0,0,0,0,0,0,0,0,0,0,0,0,0,0,0,0,0,0,0,0,0,0,0,0,0,0,0,0,0,0,0,0,0,0,0,0,0,0,0,0,0,0,0,0,0,0,0,0,0,0,0,0,0,0,0,0,0,0,0,0,0,0,0,0,0,0,0,0,0,0,0,0,0,0,0,0,0,0,0,0,0,0,0,0,0,0,0,0,0,0,0,0,0,0,0,0,0,0,0,0,0,0,0,0,0,0,0,0,0,0,0,0,0,0,0,0,0,0,0,0,0,0,0,0,0,0,0,0,0,0,0,0,0,0,0,0,0,0,0,0,0,0,0,0,0,0,0,0,0,0,0,0,0,0,0,0,0,0,0,0,0,0,0,0,0,0,0,0,0,0,0,0,0,0,0,0,0,0,0,0,0,0,0,0,0,0,0,0,0,0,0,0,0,0,0,0,0,0,0,0,0,0,0,0,0,0,0,0,0,0,0,0,0,0,0,0,0,0,0,0,0,0,0,0,0,0,0,0,0,0,0,0,0,0,0,0,0,0,0,0,0,0,0,0,0,0,0,0,0,0,0,0,0,0,0,0,0,0,0,0,0,0,0,0,0,0,0,0,0,0,0,0,0,0,0,0,0,0,0,0,0,0,0,0,0,0,0,0,0,0,0,0,0,0,0,0,0,0,0,0,0,0,0,0,0,0,0,0,0,0,0,0,0,0,0,0,0,0,0,0,0,0,0,0,0,0,0,0,0,0,3,0,0,0,0,0,0,0,0,0,0,0,0,0,0,0,0,0,0,0,0,0,0,0,0,0,0,0,0,0,0,0,0,0,0,0,0,0,0,0,0,0,0,0,0,0,0,0,0,0,0,0,0,0,0,0,0,0,0,0,25,0,0,0,0,0,0,0,0,0,0,0,0,0,0,0,0,0,0,0,0,0,0,0,0,0,0,0,0,0,0,0,0,0,0,0,0,0,0,0,0,0,0,0,0,0,0,0,0,0,0,0,0,23,0,0,0,0,0,0,0,0,0,0,0,0,0,0,0,0,0,0,0,0,0,0,0,0,0,0,0,0,0,0,0,0,0,0,0,0,0,0,0,0,0,0,0,0,0,0,0,0,0,0,0,0,0,0,0,0,0,0,0,0,0,0,0,0,0,0,0,0,0,0,0,0,0,0,0,0,0,0,0,0,0,0,0,0,0,0,0,0,0,0,0,0,0,0,0,0,0,0,0,0,0,0,0,0,0,0,0,0,0,0,0,0,0,0,0,0,0,0,0,0,0,0,0,0,0,0,0,0,0,0,0,0,0,0,0,0,0,0,0,0,0,0,0,0,0,0,0,0,0,0,0,0,0,0,0,0,0,0,0,0,0,0,0,0,0,0,0,0,0,0,0,0,0,0,0,0,0,0,0,0,0,0,0,0,0,0,0,0,0,0,0,0,0,0,0,0,0,0,0,0,0,0,0,0,0,0,0,0,0,0,0,0,0,0,0,0,0,0,0,0,0,0,0,0,0,0,0,0,0,0,0,0,0,0,0,0,0,0,0,0,0,0,0,0,0,0,0,0,0,0,0,0,0,0,0,0,0,0,0,0,0,0,0,0,0,0,0,0,0,0,0,0,0,0,0,0,0,0,0,0,0,0,0,0,0,0,0,0,0,0,0,0,0,0,0,0,0,0,0,0,0,0,0,0,0,0,0,0,0,0,0,0,0,0,0,0,0,0,0,0,0,0,0,0,0,0,0,0,0,0,0,0,0,0,0,0,0,0,0,0,12,12,0,0,0,0,0,0,0,0,0,0,0,0,0,0,0,0,0,0,0,0,0,0,0,0,0,0,0,0,0,0,0,0,0,0,0,0,0,0,0,0,0,0,0,0,0,0,0,0,0,0,0,0,0,0,0,0,0,0,0,0,0,0,0,0,0,0,10,0,0,0,0,0,0,0,0,0,0,0,0,0,0,0,0,0,0,0,0,0,0,0,0,0,0,0,0,0,0,0,0,0,0,0,0,0,0,0,0,0,0,0,0,0,0,0,0,0,0,0,0,0,0,0,0,0,0,0,0,0,0,0,0,0,0,0,0,0,0,0,0,0,8,8,0,0,0,0,0,0,0,0,0,0,0,0,0,0,0,0,0,0,0,0,0,0,0,0,0,0,0,0,0,0,0,0,0,0,0,7,7,0,0,0,0,0,0,0,0,0,0,0,0,0,0,0,0,0,0,0,0,0,0,0,0,0,0,0,0,0,0,0,0,0,0,0,0,0,0,0,0,0,0,0,0,6,6,6,0,0,0,0,0,0,0,0,0,0,0,0,0,0,0,0,0,0,0,0,0,0,0,0,0,0,0,0,0,0,0,0,0,0,0,0,5,0,0,0,0,0,0,0,0,0,0,0,0,0,0,0,0,0,0,0,0,0,0,0,0,0,0,4,0,0,0,0,0,0,0,0,0,0,0,0,0,0,0,0,0,0,0,0,0,0,0,0,0,0,0,0,0,0,0,0,0,0,0,0,0,0,0,0,0,0,0,0,0,0,0,0,0,0,0,0,0,0,0,0,0,0,0,0,0,0,0,0,0,0,0,0,0,0,0,0,0,0,2,0,0,0,0,0,0,0,0,0,0,0,0,0,0,0,0,0,0,0,0,0,0,0
"ERR011061",0,0,0,1761,1514,0,0,0,0,0,0,0,0,0,1126,0,0,0,0,0,932,0,0,0,0,0,0,0,0,0,0,461,0,0,465,99,0,0,0,0,0,0,0,0,0,507,0,0,0,0,0,0,0,85,0,401,0,0,0,0,0,0,0,0,0,0,0,0,0,0,0,0,0,0,0,0,0,0,0,0,0,0,0,0,0,0,0,0,0,0,0,13,0,0,0,0,0,0,0,0,0,102,0,0,0,0,0,0,114,0,0,0,0,0,0,0,0,0,0,0,0,0,0,0,124,0,0,0,0,0,0,0,0,0,0,0,0,0,0,0,0,0,0,0,0,0,0,0,0,0,0,0,0,0,0,0,0,0,0,0,0,0,0,0,0,0,62,0,0,0,0,0,0,0,0,0,0,0,0,0,0,0,97,0,0,0,0,0,0,0,144,0,0,0,0,0,0,0,0,0,0,0,0,0,0,0,0,211,0,0,284,88,0,0,0,0,0,0,272,0,0,0,0,0,0,0,0,0,0,0,0,0,0,0,0,0,0,0,0,0,0,0,0,0,0,0,0,0,0,0,0,0,0,0,0,0,0,0,0,0,0,0,0,0,0,0,0,0,0,0,0,0,0,0,214,0,0,0,0,0,0,0,0,0,0,0,0,0,0,0,0,0,0,0,0,0,0,0,0,0,0,0,0,0,0,0,0,0,0,0,0,0,0,0,0,0,0,118,0,0,0,0,0,0,0,41,0,0,0,54,0,0,0,0,0,0,0,0,0,0,0,0,0,0,0,0,0,0,0,0,22,0,0,0,0,0,0,0,0,0,0,0,0,0,0,0,0,0,0,0,0,0,0,0,0,0,0,0,0,0,0,0,0,0,0,0,0,0,0,0,0,0,0,0,0,0,0,0,0,0,0,0,0,0,0,70,0,0,79,0,0,0,0,0,0,0,0,0,0,0,0,0,0,0,0,0,0,132,0,0,0,0,0,0,0,0,0,0,0,0,0,0,0,0,0,0,0,0,0,0,0,0,0,0,0,0,0,0,0,0,0,0,0,0,0,0,0,0,0,0,0,0,0,0,0,0,0,0,0,0,0,0,0,0,0,0,0,0,0,0,0,0,0,0,0,0,0,0,0,0,0,0,0,0,0,0,0,0,0,0,0,107,0,0,0,0,0,0,0,0,0,0,0,0,0,0,0,0,0,0,0,0,0,0,0,0,0,101,0,0,0,0,0,0,0,0,0,0,0,0,0,0,0,0,0,0,0,0,0,0,0,0,0,0,0,0,0,0,0,0,95,0,0,0,0,0,0,0,0,93,0,0,0,0,0,0,0,0,0,0,0,0,0,0,0,0,0,0,0,0,0,0,0,0,0,0,0,0,0,0,0,0,0,0,0,0,0,0,0,0,0,0,0,0,0,0,0,0,0,0,0,0,0,0,8,0,0,0,0,0,0,0,0,0,0,0,0,0,0,0,0,0,0,0,0,0,0,0,0,0,0,0,0,0,0,0,0,0,0,0,0,0,0,0,0,0,0,0,0,0,0,0,0,0,0,35,0,0,0,0,0,0,0,0,0,0,0,0,0,0,0,0,0,0,0,0,0,73,0,0,0,0,0,0,0,0,0,0,0,0,0,0,0,0,0,0,0,0,0,0,0,0,0,0,0,0,0,0,0,0,0,0,0,17,0,68,0,0,0,0,0,0,0,0,0,0,0,0,0,0,0,0,0,0,0,0,0,0,0,0,0,0,0,0,0,0,0,0,0,0,0,0,0,0,0,0,0,0,0,0,0,0,0,0,0,0,0,0,0,0,0,0,0,0,0,0,0,0,0,0,0,62,29,0,0,0,0,0,0,0,0,43,0,0,0,0,0,0,0,0,0,0,0,0,0,0,0,0,0,0,0,0,0,0,0,0,0,15,0,0,0,0,0,0,0,0,0,0,0,0,0,0,0,0,0,0,0,0,0,0,0,0,0,0,0,0,0,0,0,0,55,0,0,0,0,0,0,0,0,0,0,0,0,10,0,0,0,0,0,0,0,0,0,0,53,53,0,0,0,0,0,0,0,0,0,0,0,0,0,0,0,0,0,0,0,0,0,0,0,0,0,0,0,0,0,0,0,0,0,0,0,0,0,0,0,0,0,0,0,0,0,0,0,0,0,0,0,0,0,0,0,0,0,0,0,0,0,0,0,0,0,0,0,0,0,0,0,0,0,0,0,0,0,0,0,0,0,0,0,0,0,46,0,0,0,0,0,0,0,0,0,0,0,0,0,0,0,0,0,0,0,0,0,0,0,0,0,0,0,0,44,0,0,0,0,0,0,0,0,0,0,0,0,0,0,0,0,0,0,0,0,0,0,0,0,0,0,0,0,0,0,0,0,0,0,0,0,0,0,0,0,0,0,0,0,0,0,0,0,0,0,0,0,0,0,0,0,0,0,0,0,0,0,0,0,0,0,0,0,0,0,0,0,0,0,0,0,0,0,0,0,0,0,0,0,0,0,0,39,39,0,0,0,0,0,0,0,0,0,0,0,0,0,0,0,0,0,0,0,0,0,0,0,0,0,0,0,0,0,0,0,0,37,0,0,0,0,0,0,0,0,0,0,0,0,0,0,0,0,0,0,0,0,0,0,0,0,0,0,0,0,0,0,0,0,0,0,0,0,0,0,0,0,0,0,0,0,0,0,0,0,0,0,0,0,0,34,0,0,0,0,0,0,0,0,0,0,0,0,0,0,0,0,0,0,0,0,0,0,0,0,0,0,0,0,0,0,0,0,0,0,0,0,0,0,0,0,0,0,0,0,0,0,0,0,0,0,0,0,0,0,0,0,0,0,0,0,0,0,0,0,0,0,0,0,0,0,0,0,0,0,19,0,0,0,0,0,0,0,0,0,0,0,0,0,0,0,0,0,0,0,0,0,0,0,0,0,0,0,0,0,0,0,0,0,0,0,0,0,0,0,0,0,0,0,0,0,0,0,0,0,0,0,0,0,0,0,0,0,0,0,0,0,0,0,0,0,0,0,0,0,0,0,0,0,0,0,0,0,0,0,0,0,0,0,0,0,0,0,0,0,0,0,0,0,0,26,26,0,0,0,0,0,0,0,0,0,0,0,0,0,0,0,0,0,0,0,0,0,0,0,0,0,0,0,0,0,0,0,0,0,0,0,0,0,0,0,0,0,0,0,0,0,0,0,0,0,0,0,0,0,0,0,0,0,0,0,0,0,0,0,0,0,0,0,0,0,0,0,0,0,0,0,23,0,0,0,0,0,0,0,0,0,0,0,0,0,0,0,0,0,0,0,0,0,0,0,0,0,0,0,0,0,0,0,0,0,0,0,0,0,0,0,0,0,0,0,0,0,0,0,0,0,0,0,0,0,0,0,0,0,0,0,0,0,0,0,0,0,0,0,0,0,0,0,0,20,0,0,0,0,0,0,0,0,0,0,0,0,0,0,0,0,0,0,0,0,0,0,0,0,0,0,0,0,0,0,0,0,0,0,0,0,0,0,0,0,0,0,0,0,0,0,0,0,0,0,0,0,0,0,0,0,0,0,0,0,0,0,0,0,0,0,0,0,0,0,0,0,0,0,0,0,0,0,0,0,0,0,0,0,0,0,0,0,0,0,17,0,0,0,0,0,0,0,0,0,0,0,0,0,0,0,0,0,0,0,0,0,0,0,0,0,0,0,0,0,0,0,0,0,0,0,0,0,0,0,0,0,0,0,0,0,0,0,0,0,0,0,0,0,0,0,0,0,0,0,0,0,0,0,0,15,15,0,0,0,0,0,0,0,0,0,0,0,0,0,0,0,0,0,0,0,0,0,0,0,0,0,0,0,0,0,0,0,0,0,0,0,0,0,0,0,0,0,0,0,0,0,0,14,0,0,0,0,0,0,0,0,0,0,0,0,0,0,0,0,0,0,0,0,0,0,0,0,13,0,0,0,0,0,0,0,0,0,0,0,0,0,0,0,0,0,0,0,0,0,0,0,0,0,0,0,0,0,0,0,0,0,0,0,0,0,0,0,0,0,0,0,0,0,0,0,0,0,0,0,0,0,0,0,0,0,0,0,0,0,0,0,0,0,0,0,0,0,0,0,0,0,0,11,11,0,0,0,0,0,0,0,0,0,0,0,0,0,0,0,0,0,0,0,0,0,0,0,0,0,0,0,0,0,0,0,0,0,0,0,0,0,0,0,0,0,0,0,0,0,0,0,0,0,0,0,0,0,0,0,0,0,0,0,0,0,0,0,0,0,0,0,0,0,0,9,9,0,0,0,0,0,0,0,0,0,0,0,0,0,0,0,0,0,0,0,0,0,0,0,0,0,0,0,0,0,0,0,0,0,0,0,0,0,0,0,0,0,0,0,0,0,0,0,0,0,0,0,0,0,0,0,0,0,0,0,0,0,0,0,0,0,0,0,0,0,0,7,0,0,0,0,0,0,0,0,0,0,0,0,0,0,0,0,0,0,0,0,0,0,0,0,0,0,0,0,0,0,0,0,0,0,0,0,0,0,0,0,0,0,0,0,0,0,6,0,0,0,0,0,0,0,0,0,0,0,0,0,0,0,0,0,0,0,0,0,0,0,0,0,0,0,0,0,0,0,0,0,0,0,0,0,0,0,0,0,0,0,0,0,0,0,0,0,0,0,0,0,0,0,0,0,0,0,0,0,0,0,0,0,0,0,0,0,0,0,0,0,0,0,0,0,0,0,0,0,0,0,0,0,0,0,0,0,0,0,0,0,0,0,0,0,0,0,0,0,0,0,0,0,0,0,0,0,0,0,0,0,0,0,0,0,0,0,0,0,0,0,0,0,0,0,0,0,0,0,0,0,0,0,0,0,0,2,0,0,0,0,0,0,0,0,0,0,0,0,0,0,0,0,0,0,0,0,0,0
"ERR011062",5685,3419,0,0,30,0,914,0,0,899,665,0,45,0,0,0,0,0,663,0,0,0,0,0,0,0,0,0,0,0,0,0,0,0,0,0,0,0,0,0,0,0,0,0,0,0,217,0,0,121,0,0,0,0,0,0,0,0,0,0,0,0,0,0,195,0,0,0,0,0,0,0,0,0,0,0,267,0,0,0,0,0,0,0,0,0,0,0,0,0,0,0,0,0,213,0,0,0,0,0,0,0,0,0,0,0,0,0,0,0,0,0,0,0,0,0,0,0,0,69,77,0,0,29,0,0,0,0,0,0,0,0,0,0,0,0,0,0,0,0,0,0,0,0,0,0,0,0,0,238,0,0,0,0,0,0,0,0,0,107,0,0,0,0,0,0,0,0,0,0,0,0,0,0,0,0,0,0,0,0,0,0,0,0,0,0,0,0,0,0,0,0,0,0,0,0,0,0,0,0,0,111,0,0,0,0,0,0,0,0,0,0,0,0,0,71,0,0,0,0,0,264,0,0,0,0,0,0,0,0,0,0,0,0,0,0,0,0,0,100,0,0,0,0,0,0,0,0,0,0,0,0,0,0,0,0,0,0,0,0,0,0,0,0,0,0,0,59,0,0,0,0,0,0,0,0,0,0,0,0,0,0,0,0,0,0,0,0,98,0,11,0,0,0,0,0,0,0,0,0,0,0,0,52,0,0,0,0,0,0,192,0,0,0,0,0,0,0,0,0,0,0,0,0,0,0,0,0,0,0,0,0,0,0,0,0,0,0,0,175,0,0,92,0,0,0,0,0,0,0,0,0,0,0,0,0,0,0,0,0,0,0,0,0,0,0,0,0,0,0,0,0,0,0,0,0,0,0,0,0,0,0,0,0,0,0,0,0,0,0,0,0,0,0,0,32,0,0,0,0,0,0,0,0,0,0,141,0,0,0,0,0,0,27,0,0,0,0,0,0,0,0,0,0,0,0,0,0,0,0,0,0,0,32,0,0,0,0,0,0,0,0,0,7,0,0,0,0,0,0,0,0,63,0,0,0,0,0,0,0,0,0,0,0,0,0,0,0,0,0,0,0,0,0,0,0,0,0,0,0,0,0,0,0,0,0,0,0,0,0,0,0,0,0,0,0,0,0,0,0,0,0,0,0,0,0,0,0,0,0,0,0,0,0,0,0,77,0,0,0,0,0,0,0,0,0,0,0,0,0,0,0,0,0,0,0,0,0,0,0,0,0,0,0,0,0,0,15,0,0,0,0,0,0,97,0,0,0,0,0,0,0,0,0,0,0,0,0,0,0,0,0,0,0,0,0,0,0,0,0,0,0,0,0,0,0,0,0,0,0,0,0,0,0,0,0,0,0,34,0,0,0,0,0,0,0,0,0,7,0,0,0,0,0,0,0,0,0,0,0,0,0,0,0,0,0,0,0,0,0,0,0,0,0,0,0,0,0,0,0,0,0,0,0,0,0,0,0,0,0,0,0,0,0,0,0,0,0,0,0,0,0,0,0,0,0,0,0,0,0,0,0,0,0,0,0,0,0,0,0,0,0,0,0,0,0,0,0,0,0,0,0,0,0,11,0,0,0,0,0,0,0,0,0,0,0,0,0,0,0,0,0,0,0,0,0,0,0,0,0,0,0,0,7,0,14,0,0,0,0,0,0,0,0,0,0,0,0,0,0,0,0,0,0,0,0,0,0,0,0,0,0,0,0,0,0,0,0,0,0,0,0,0,0,0,0,0,0,0,0,0,0,0,0,0,0,0,0,65,65,0,0,0,0,0,0,0,0,64,0,0,0,0,0,0,0,0,0,0,0,0,0,0,0,0,0,0,0,0,0,0,0,0,0,0,0,0,0,0,0,0,0,0,0,0,0,0,0,0,0,0,0,0,0,0,0,0,0,0,0,0,0,0,0,0,0,0,0,0,0,0,0,0,0,0,0,0,0,57,0,0,0,0,0,0,0,0,0,0,0,0,0,0,0,0,0,0,0,0,0,0,7,0,0,0,0,0,0,0,0,0,0,0,0,0,0,0,0,0,0,0,0,0,0,0,0,53,0,0,0,0,0,0,0,0,0,0,0,0,0,0,0,0,52,0,0,0,0,0,0,0,0,0,0,0,0,0,0,0,0,0,0,0,0,0,0,0,0,0,0,0,0,0,0,0,0,0,0,0,49,0,0,0,0,0,0,0,0,0,0,0,0,0,0,0,0,0,0,0,0,0,0,0,0,0,0,0,0,0,0,0,0,0,0,0,0,0,0,0,0,0,0,0,0,0,0,0,0,0,0,0,0,0,0,0,0,0,0,0,0,0,0,0,0,0,0,0,0,0,0,0,0,0,0,0,0,0,0,0,0,0,0,0,0,0,0,0,0,0,0,0,0,0,0,0,0,0,0,0,0,0,0,0,0,0,0,0,0,0,0,0,0,0,0,0,0,0,0,0,0,0,0,0,0,0,0,0,0,0,0,0,0,0,0,0,0,0,0,0,0,0,0,0,0,0,0,0,0,0,0,0,0,0,0,0,0,0,0,0,0,0,0,0,0,0,0,0,0,0,0,0,0,0,0,0,0,0,0,0,0,0,0,0,37,0,0,0,0,0,0,0,0,0,0,0,0,0,0,0,0,0,0,0,0,0,0,0,0,0,0,0,0,0,0,0,0,0,0,0,0,0,0,0,0,0,0,0,0,0,0,0,0,0,0,0,0,0,0,0,0,0,0,0,0,0,0,0,0,0,0,0,0,0,0,0,0,0,0,0,0,0,0,0,0,0,0,0,0,0,33,0,0,0,0,0,0,0,0,0,0,0,0,0,0,0,0,0,0,0,0,0,0,0,0,0,0,0,0,0,0,0,0,0,0,0,0,0,0,0,0,0,0,0,0,0,0,0,0,0,0,0,0,0,0,0,0,0,0,0,0,0,0,0,0,0,0,0,0,0,0,0,0,0,0,0,0,0,0,0,29,0,0,0,0,0,0,0,0,0,0,0,0,0,0,0,0,0,0,0,0,0,0,0,0,0,0,0,0,0,0,0,0,0,0,0,0,0,0,0,0,0,0,0,0,0,0,0,0,0,0,0,0,0,0,0,0,0,0,26,0,0,0,0,0,0,0,0,0,0,0,0,0,0,0,0,0,0,0,0,0,25,0,0,0,0,0,0,0,0,0,0,0,0,0,0,0,0,0,0,0,0,0,0,0,0,18,24,0,0,0,0,0,0,0,0,0,0,0,0,0,0,0,0,0,0,0,0,0,0,0,0,0,0,0,23,0,0,0,0,0,0,0,0,0,0,0,0,0,0,0,0,0,0,0,0,0,0,0,0,0,0,0,0,0,0,0,0,0,0,0,0,0,0,0,0,0,0,0,0,0,0,0,0,0,0,0,0,21,0,0,0,0,0,0,0,0,0,0,0,0,0,0,0,0,0,0,0,0,0,0,0,0,0,0,0,0,0,0,0,0,0,0,0,0,0,0,0,0,0,0,0,0,0,0,0,0,0,0,0,0,0,0,0,0,0,0,0,0,0,0,0,0,0,0,0,0,0,0,0,0,0,0,0,0,0,0,0,18,18,0,0,0,0,0,0,0,0,0,0,0,0,0,0,0,0,0,0,0,0,0,0,0,0,0,0,0,0,0,0,0,0,0,0,0,0,0,0,0,0,0,0,0,0,0,0,0,0,0,0,0,0,0,0,0,0,0,0,0,0,0,0,0,0,0,0,0,0,0,0,0,0,0,0,0,0,0,0,0,0,0,0,0,0,0,0,0,0,0,0,0,0,0,0,0,15,15,15,0,0,0,0,0,0,0,0,0,0,0,0,0,0,0,0,0,0,0,0,0,0,0,0,0,0,0,0,0,0,0,0,0,0,0,0,0,0,0,0,0,0,0,0,0,0,0,0,0,0,0,0,0,0,0,0,0,0,0,0,0,0,0,0,0,0,0,0,0,13,13,13,0,0,0,0,0,0,0,0,0,0,0,0,0,0,0,0,0,0,0,0,0,0,0,0,0,0,0,0,0,0,0,0,0,0,0,0,12,12,0,0,0,0,0,0,0,0,0,0,0,0,0,0,0,0,0,0,0,0,0,0,0,0,0,0,0,0,0,0,0,0,0,0,0,11,0,0,0,0,0,0,0,0,0,0,0,0,0,0,0,0,0,0,0,0,0,0,0,0,0,0,0,0,0,10,0,0,0,0,0,0,0,0,0,0,0,0,0,0,0,0,0,0,0,0,0,0,0,0,0,0,0,0,0,0,0,0,0,0,0,0,0,0,0,0,0,0,0,0,0,0,0,0,0,0,0,0,0,0,0,0,0,0,0,0,0,0,0,0,0,0,0,0,0,0,0,0,0,0,8,0,0,0,0,0,0,0,0,0,0,0,0,0,0,0,0,0,0,0,0,0,0,0,0,0,0,0,0,0,0,0,0,0,0,0,0,0,0,0,0,0,0,0,0,0,0,0,0,0,0,0,0,0,0,0,0,0,0,0,0,0,0,0,0,0,0,0,0,0,0,0,0,0,0,0,0,0,0,0,0,0,0,0,0,6,0,0,0,0,0,0,0,0,0,0,0,0,0,0,0,0,0,0,0,0,0,0,0,0,0,0,0,0,0,0,0,0,0,0,0,5,0,0,0,0,0,0,0,0,0,0,0,0,0,0,0,0,0,0,0,0,0,0,0,0,0,0,4,4,0,0,0,0,0,0,0,0,0,0,0,0,0,0,0,0,0,0,0,0,0,0,0,0,0,0,0,0,0,0,0,0,0,3,3,0,0,0,0,0,0,0,0,0,0,0,0,0,0,0,0,0,0,0,0,0,0,0,0,0,0,0,0,0,0,0,0,0,0,0,0,0,0,0,2,0,0,0,0,0,0,0,0,0,0,0,0,0,0,0,0,0,0,0,0,0
"ERR011063",0,0,0,0,0,0,0,0,0,0,0,0,0,0,0,0,0,0,0,0,0,0,0,908,0,0,0,0,0,0,0,0,0,0,0,0,0,96,0,0,0,0,0,0,0,0,0,0,0,0,0,0,0,0,0,0,0,898,0,0,0,0,0,0,0,0,0,0,0,0,0,0,0,0,320,0,0,0,0,0,0,0,0,0,0,43,0,0,0,0,0,0,0,0,0,596,0,0,0,0,270,0,0,0,0,0,32,0,0,0,156,0,0,0,0,0,0,0,0,0,0,0,0,0,0,0,0,0,0,0,0,0,285,0,380,0,0,246,0,0,0,0,0,145,0,0,0,0,0,0,0,0,0,0,0,371,0,0,0,0,0,357,0,0,0,0,0,0,0,0,0,0,0,0,0,0,0,0,0,0,0,0,0,0,0,0,0,0,0,0,0,0,0,0,0,0,0,0,0,0,0,0,0,0,0,0,0,0,0,0,0,0,134,0,0,0,0,0,0,0,0,0,0,0,0,0,0,0,0,0,0,0,0,0,0,0,0,0,0,0,0,0,0,0,0,0,0,0,0,0,0,0,0,0,0,0,0,0,0,0,0,0,0,0,0,0,0,0,0,0,0,0,0,0,0,0,0,0,0,0,0,0,0,0,0,0,0,0,0,0,0,0,0,0,0,0,94,0,0,0,0,0,0,0,0,0,0,0,0,0,0,0,0,0,0,0,0,0,0,0,0,0,0,0,0,0,0,0,0,0,0,0,0,0,0,0,0,0,0,0,51,0,0,174,0,0,0,0,0,0,0,0,0,0,0,0,0,0,0,0,0,0,0,0,0,0,0,0,0,0,0,0,0,0,0,0,0,0,0,0,0,0,0,0,0,0,0,0,0,0,0,0,0,0,0,0,0,0,0,0,0,15,0,0,0,0,0,0,0,0,0,0,0,0,136,0,0,0,0,0,0,0,0,0,0,0,0,0,132,0,0,0,0,0,0,0,0,0,0,128,0,0,0,0,0,0,0,0,0,0,0,0,0,0,0,0,0,0,0,0,0,0,0,0,0,0,0,0,119,119,0,0,0,0,0,117,0,0,0,0,115,0,0,0,0,0,0,0,0,0,0,0,111,0,0,0,0,0,0,0,0,0,0,0,0,86,0,0,0,0,0,0,0,0,0,0,0,0,0,0,0,0,0,0,0,0,0,103,0,0,0,0,0,0,0,0,0,0,0,0,0,0,0,0,0,0,0,0,0,0,0,0,0,0,0,0,0,0,0,0,0,0,0,96,96,0,0,0,0,0,0,0,0,0,0,0,0,0,0,0,41,0,0,0,0,0,0,0,0,0,0,0,0,0,0,0,0,0,0,0,0,0,0,0,0,0,0,0,0,0,0,0,0,0,0,23,0,0,0,0,0,0,0,0,0,0,0,0,0,0,0,83,0,0,0,82,0,0,0,0,0,0,0,0,81,0,0,0,0,0,0,0,0,0,0,0,0,0,0,0,0,0,0,0,0,0,0,0,0,78,0,0,0,0,0,77,0,0,0,0,0,0,0,0,0,0,0,0,0,0,0,0,0,0,0,0,0,0,0,0,0,0,0,0,0,0,0,0,0,0,0,0,0,0,0,0,0,0,0,0,0,0,0,0,0,0,0,0,0,0,0,0,0,0,0,0,0,0,0,0,0,0,0,0,0,0,0,0,0,0,0,0,0,0,0,0,0,0,0,0,0,0,0,0,0,0,0,66,0,0,0,0,0,0,0,0,0,0,0,0,0,0,0,0,0,0,0,0,0,64,13,0,0,0,0,0,0,0,0,0,0,63,63,0,0,0,0,0,0,0,0,0,0,0,0,0,0,0,0,0,0,0,61,0,0,0,0,0,0,0,0,0,0,0,0,0,0,0,0,0,0,0,0,0,50,0,0,0,0,0,0,0,0,0,0,0,0,0,0,0,0,0,0,0,0,0,0,0,0,0,0,0,0,0,0,0,0,0,0,0,0,0,55,55,0,0,0,0,0,0,0,0,0,0,0,0,0,0,0,0,0,0,0,0,0,0,0,0,0,0,0,0,0,0,0,0,0,0,0,0,0,0,0,0,0,0,0,0,0,0,0,0,0,0,51,0,0,0,0,0,0,0,0,0,50,0,0,0,0,0,0,0,0,0,0,0,0,0,0,0,0,0,0,0,0,0,0,0,0,0,0,0,0,0,0,0,0,0,0,0,0,0,0,4,0,0,0,0,0,0,0,0,0,0,0,0,0,0,0,0,0,0,0,0,0,0,0,0,0,0,0,0,0,0,0,0,0,0,0,0,0,44,0,0,0,0,0,0,0,0,0,0,0,0,0,0,43,0,0,0,0,0,0,0,0,0,0,0,0,0,0,0,0,0,0,0,28,0,0,0,0,0,0,0,0,0,0,0,0,0,0,0,0,0,0,0,0,0,0,0,0,0,0,0,0,0,0,0,0,0,0,40,0,0,0,0,0,0,0,0,0,0,0,0,0,0,0,0,0,0,39,0,0,0,0,0,0,0,0,0,0,38,0,0,0,0,0,0,0,0,0,0,0,0,0,0,0,0,0,0,0,0,0,0,37,0,0,0,0,0,0,0,0,0,0,0,0,0,0,0,0,0,0,0,0,0,0,0,0,0,0,0,0,0,0,0,0,0,0,0,0,0,0,0,0,0,0,0,0,0,0,0,0,0,0,0,0,34,34,0,0,0,0,0,0,0,0,0,0,0,0,0,0,0,0,0,0,0,0,0,0,0,0,0,0,0,0,0,0,0,33,0,0,0,0,0,0,0,0,0,0,0,0,0,0,0,0,0,0,0,0,0,0,0,32,0,0,0,0,0,0,0,0,0,0,0,0,0,0,0,0,0,0,0,0,0,0,0,0,0,0,0,0,0,0,0,0,0,0,0,0,0,0,0,0,0,0,0,0,0,0,0,0,0,0,0,0,0,0,0,29,0,0,0,0,0,0,0,0,0,0,0,0,0,0,0,0,0,0,0,0,0,0,0,0,0,0,0,0,0,0,0,0,0,0,0,0,0,0,0,0,0,0,0,0,0,0,0,0,0,0,0,0,0,0,0,0,0,0,26,0,0,0,0,0,0,0,0,0,0,0,0,0,0,0,0,0,0,0,0,0,0,0,0,0,0,0,0,0,0,0,0,0,0,0,0,0,0,0,0,0,0,0,0,0,0,0,8,24,0,0,0,0,0,0,0,0,0,0,0,0,0,0,0,0,0,0,0,0,0,0,0,0,0,0,0,0,0,0,0,0,0,0,0,0,0,0,0,0,0,0,0,0,0,0,0,0,22,13,0,0,0,0,0,0,0,0,0,0,0,0,0,0,0,0,0,0,0,0,0,0,0,0,0,0,0,0,0,0,0,0,0,0,0,0,0,0,0,0,0,0,0,0,0,0,0,0,20,0,0,0,0,0,0,0,0,0,0,0,0,0,0,0,0,0,0,0,0,0,0,0,0,0,0,0,0,0,0,0,0,0,0,0,0,0,0,0,0,0,0,0,0,0,0,0,0,0,0,0,0,0,0,0,0,0,0,0,0,0,18,18,0,0,0,0,0,0,0,0,0,0,0,0,0,0,0,0,0,0,0,0,0,0,0,0,0,0,0,17,17,0,0,0,0,0,0,0,0,0,0,0,0,0,0,0,0,0,0,0,0,0,0,0,0,0,0,0,0,0,0,0,0,0,0,0,16,0,0,0,0,0,0,0,0,0,0,0,0,0,0,0,0,0,0,0,0,0,0,0,0,0,0,0,0,0,0,0,15,15,15,0,0,0,0,0,0,0,0,0,0,0,0,0,0,0,0,0,0,0,0,0,0,0,0,0,0,0,0,0,0,0,0,0,0,0,0,0,0,0,0,0,0,0,0,0,0,0,0,0,0,0,0,0,0,0,0,0,0,0,0,0,0,0,0,0,0,0,0,0,13,0,0,0,0,0,0,0,0,0,0,0,0,0,0,0,0,0,0,0,0,0,0,0,0,0,0,0,0,0,0,0,0,0,0,0,0,0,12,12,12,0,0,0,0,0,0,0,0,0,0,0,0,0,0,0,0,0,0,0,0,0,0,0,0,0,0,0,0,0,0,0,0,0,11,0,0,0,0,0,0,0,0,0,0,0,0,0,0,0,0,0,0,0,0,0,0,0,0,0,0,0,0,0,0,0,0,0,0,0,0,0,0,0,0,0,0,0,0,0,0,0,0,0,0,0,0,0,0,0,0,0,0,0,0,0,0,0,0,0,0,0,0,0,0,0,0,0,0,0,0,0,0,0,0,0,0,0,0,0,0,0,0,0,0,0,0,0,0,0,0,0,0,0,0,0,0,0,0,0,0,0,0,0,0,0,0,0,0,0,0,0,0,0,0,0,0,0,0,0,0,0,0,0,0,0,0,0,0,0,0,0,0,0,0,0,7,0,0,0,0,0,0,0,0,0,0,0,0,0,0,0,0,0,0,0,0,0,0,0,0,0,0,0,0,0,0,0,0,0,0,0,0,0,0,0,0,0,0,0,0,0,0,0,6,0,0,0,0,0,0,0,0,0,0,0,0,0,0,0,0,0,0,0,0,0,0,0,0,0,0,0,0,0,0,0,0,0,0,0,5,0,0,0,0,0,0,0,0,0,0,0,0,0,0,0,0,0,0,0,0,0,0,0,0,0,0,0,4,0,0,0,0,0,0,0,0,0,0,0,0,0,0,0,0,0,0,0,0,0,0,0,0,0,0,0,0,0,0,0,0,0,0,3,0,0,0,0,0,0,0,0,0,0,0,0,0,0,0,0,0,0,0,0,0,0,0,0,0,0,0,0,0,0,0,0,0,0,0,0,0,0,0,2,0,0,0,0,0,0,0,0,0,0,0,0,0,0,0,0,0,0,0,0
"ERR011064",1797,1241,0,0,42,0,493,0,0,535,376,0,0,0,0,87,0,0,336,0,0,0,0,0,194,0,0,0,0,0,0,0,0,0,0,0,0,0,0,0,150,0,0,0,0,0,134,0,0,136,0,0,0,0,0,0,0,0,0,0,0,0,0,0,178,0,0,0,0,0,0,0,65,0,0,0,0,0,0,0,0,0,0,0,0,0,0,0,0,504,0,34,0,0,0,0,0,0,0,0,0,0,0,0,0,0,0,0,0,0,0,0,0,0,0,0,0,0,0,80,180,0,156,108,0,0,0,0,0,0,0,0,0,199,0,0,0,0,0,0,0,0,190,0,0,0,0,0,179,0,0,0,0,0,0,0,0,0,0,101,0,0,0,0,0,0,0,0,0,0,0,0,0,0,0,0,0,0,0,0,0,114,0,0,0,60,0,0,0,0,0,0,0,0,0,0,0,0,0,0,0,0,0,0,0,89,0,0,0,0,0,0,0,128,0,0,0,0,0,0,0,0,0,0,0,0,0,0,0,0,0,0,0,0,0,0,0,0,0,0,0,0,0,0,0,0,0,0,0,0,0,0,0,0,0,0,0,0,0,0,0,0,0,0,0,0,0,0,0,0,0,0,0,113,0,0,0,0,0,0,0,0,0,0,0,0,0,0,0,0,190,0,0,0,0,0,0,0,0,0,0,0,0,0,0,0,0,0,0,0,0,0,118,37,0,0,0,0,0,0,0,0,0,0,0,0,0,0,0,0,0,0,0,0,0,0,0,0,0,0,0,0,0,0,52,0,0,0,0,0,0,0,0,0,0,0,0,0,0,0,0,0,0,0,0,0,0,0,0,0,0,0,0,0,0,0,0,0,0,0,0,0,0,0,0,0,0,0,0,0,0,0,0,0,0,0,0,0,0,0,70,0,0,0,0,0,0,0,0,57,0,0,0,0,0,0,0,63,0,0,0,60,0,0,0,0,0,0,0,0,0,0,0,97,129,0,0,0,0,0,0,0,0,20,127,0,0,0,0,0,0,0,0,0,0,0,0,0,0,0,0,0,0,0,0,0,0,0,0,0,0,0,0,0,0,0,0,0,0,0,0,0,0,0,0,0,0,48,0,0,0,0,0,0,0,0,0,0,0,0,0,0,0,0,0,0,0,0,0,0,0,0,0,0,0,0,0,0,0,0,0,0,0,0,0,0,0,0,0,0,0,0,0,0,0,0,0,0,0,0,0,0,0,0,0,0,0,83,0,0,0,0,0,0,0,0,0,0,0,0,0,0,0,0,0,0,0,0,0,0,0,0,0,0,0,0,0,0,0,0,0,0,0,0,0,0,0,0,71,0,0,0,0,0,0,0,0,0,0,0,0,0,0,0,0,0,0,0,67,0,0,0,0,0,0,0,0,0,0,0,0,0,0,0,0,0,0,0,0,0,0,0,0,0,0,0,0,0,0,0,0,0,0,0,0,0,0,0,0,0,0,0,0,0,0,0,0,0,0,0,0,0,0,0,0,0,0,0,0,0,0,0,0,0,0,0,0,0,0,0,0,0,0,0,0,0,0,0,0,0,0,0,0,0,20,0,0,0,0,0,0,0,0,0,0,0,0,0,0,0,0,0,72,0,0,0,0,0,0,0,0,0,0,0,0,0,0,0,0,0,0,0,0,0,0,0,0,0,0,0,0,0,0,0,0,0,41,0,0,0,0,0,0,0,0,0,0,0,0,0,0,0,0,0,0,0,0,0,0,0,0,0,0,0,0,0,0,0,0,0,65,0,0,0,0,0,0,0,0,0,0,0,0,0,0,0,0,0,0,0,0,0,0,0,0,0,0,0,40,0,0,0,0,0,0,0,0,0,0,0,0,0,0,0,0,0,0,0,0,0,0,0,0,0,0,0,0,0,0,0,0,0,0,0,0,0,23,0,0,0,0,0,0,0,0,0,0,0,0,57,0,0,0,0,0,0,0,0,0,56,0,0,0,0,0,0,0,0,0,0,0,0,0,0,0,0,0,0,0,0,0,0,0,0,0,0,0,0,0,0,0,0,0,45,0,0,0,53,0,0,0,0,0,0,0,0,0,0,0,0,0,0,0,0,0,0,0,0,0,0,0,0,0,0,0,0,0,0,0,0,0,0,0,0,0,50,0,0,0,0,0,0,0,0,0,0,0,0,0,0,21,0,0,0,0,0,0,0,0,0,0,0,48,48,0,0,0,0,0,0,0,0,0,0,47,0,0,0,0,0,0,0,0,0,0,0,0,0,0,0,0,0,0,0,0,0,0,0,0,0,0,0,0,0,0,0,0,0,0,0,0,0,0,0,0,0,0,0,0,0,0,0,0,0,0,0,0,43,0,0,0,0,0,0,0,0,0,0,0,0,0,0,0,0,0,0,0,42,0,0,0,0,0,0,0,0,0,0,0,0,0,0,0,0,0,0,0,0,0,0,0,0,0,0,0,0,0,0,0,0,0,0,21,0,0,0,0,0,0,0,0,0,0,0,0,0,0,0,0,0,0,0,0,0,0,0,0,0,0,0,0,0,0,0,0,0,0,0,0,0,0,0,0,0,0,0,0,0,0,0,0,0,0,0,0,0,0,0,0,0,0,0,0,0,0,0,0,0,0,0,0,0,0,0,0,0,0,0,0,0,0,0,0,0,0,0,0,0,0,0,0,0,0,0,0,0,0,0,0,0,0,0,0,0,0,0,0,0,0,34,0,0,0,0,0,0,0,0,0,0,0,0,0,0,0,0,0,0,0,0,0,0,0,0,0,0,0,0,0,0,0,0,0,0,0,0,0,0,0,0,0,0,0,0,0,0,0,0,0,0,0,0,0,0,0,0,0,0,0,0,0,0,0,0,0,0,0,0,0,0,0,0,0,0,0,0,0,0,0,0,0,0,0,30,30,30,0,0,0,0,0,0,0,0,0,0,0,0,0,0,0,0,0,0,0,0,0,0,0,0,0,29,29,0,0,0,0,0,0,0,0,0,0,0,0,0,0,0,0,0,28,9,0,0,0,0,0,0,0,0,0,0,0,0,0,0,0,0,0,0,0,0,0,0,0,0,0,0,0,0,0,0,0,0,0,0,0,0,0,0,0,0,0,0,0,0,0,0,0,0,0,0,0,0,0,0,0,0,0,0,0,0,0,0,0,0,0,0,0,0,0,0,0,0,0,0,0,0,0,0,0,0,0,0,0,6,0,0,0,24,0,0,0,0,0,0,0,0,0,0,0,0,0,0,0,0,0,0,0,0,0,0,0,0,0,23,0,0,0,0,0,0,0,0,0,0,0,0,0,0,0,0,0,0,0,0,0,0,0,22,0,0,0,0,0,0,0,0,0,0,0,0,0,0,0,0,0,0,0,0,0,0,0,0,0,0,0,0,21,0,0,0,0,0,0,0,0,0,0,0,0,0,0,0,0,0,0,0,20,20,0,0,0,0,0,0,0,0,0,0,0,0,0,0,0,0,0,0,0,0,0,0,0,0,0,19,0,0,0,0,0,0,0,0,0,0,0,0,0,0,0,0,0,0,0,0,0,0,0,0,0,0,0,0,0,0,0,0,0,0,0,0,0,0,0,0,0,0,0,0,0,0,0,0,0,0,0,0,0,0,0,0,0,0,0,0,0,0,0,0,17,17,0,0,0,0,0,0,0,0,0,0,0,0,0,0,0,0,0,0,0,0,0,0,0,0,0,0,0,0,0,0,0,0,0,0,0,0,0,0,0,0,0,0,0,0,0,0,0,0,0,0,0,0,0,0,0,0,0,0,0,0,0,0,0,0,0,0,0,0,0,0,0,0,0,0,0,0,0,0,0,0,0,0,0,0,0,0,0,0,0,0,0,0,0,0,0,0,0,0,0,0,0,0,0,0,0,0,0,0,0,14,0,0,0,0,0,0,0,0,0,0,0,0,0,0,0,0,0,0,0,0,0,0,0,0,0,0,0,0,13,0,0,0,0,0,0,0,0,0,0,0,0,0,0,0,0,0,0,0,0,0,0,0,0,0,0,0,0,0,0,0,0,0,0,0,0,0,0,0,12,0,0,0,0,0,0,0,0,0,0,0,0,0,0,0,0,0,0,0,0,0,0,0,0,0,0,0,0,0,0,0,0,0,11,11,0,0,0,0,0,0,0,0,0,0,0,0,0,0,0,0,0,0,0,0,0,0,0,0,0,0,0,0,0,0,0,0,0,0,0,0,0,0,0,0,0,0,0,0,0,0,0,0,0,0,0,0,0,0,0,0,0,0,0,0,0,0,0,0,0,0,0,0,0,0,0,0,0,0,0,0,0,0,0,0,0,0,0,0,0,0,0,0,0,0,0,0,0,0,0,0,0,0,0,0,0,0,8,8,0,0,0,0,0,0,0,0,0,0,0,0,0,0,0,0,0,0,0,0,0,0,0,0,0,0,0,0,0,0,0,0,0,0,0,0,7,7,0,0,0,0,0,0,0,0,0,0,0,0,0,0,0,0,0,0,0,0,0,0,0,0,0,0,0,0,0,0,0,0,0,0,0,0,0,0,0,0,0,0,0,0,0,0,6,0,0,0,0,0,0,0,0,0,0,0,0,0,0,0,0,0,0,0,0,0,0,0,0,0,0,0,0,0,0,0,0,0,0,0,0,0,0,0,0,0,0,0,0,0,0,0,0,0,0,0,0,0,0,0,0,0,0,0,0,0,0,0,4,0,0,0,0,0,0,0,0,0,0,0,0,0,0,0,0,0,0,0,0,0,0,0,0,0,0,0,0,0,0,0,0,0,0,3,3,3,0,0,0,0,0,0,0,0,0,0,0,0,0,0,0,0,0,0,0,0,0,0,0,0,0,0,0,0,0,0,0,0,0,0,0,0,0,2,0,0,0,0,0,0,0,0,0,0,0,0,0,0,0,0,0,0,0
"ERR011065",0,0,0,0,0,0,0,1094,0,0,0,993,0,0,0,0,0,0,0,0,0,1086,919,0,0,653,760,0,0,0,0,0,271,0,0,0,0,0,0,0,0,462,0,242,0,0,0,9,39,0,0,0,0,0,0,0,0,0,0,0,500,0,0,0,0,0,0,0,612,0,0,0,0,0,0,0,0,0,0,0,0,0,0,600,0,0,0,0,0,0,0,0,0,0,0,0,0,0,0,0,0,0,255,0,0,0,0,0,0,31,0,0,0,0,0,0,0,0,0,0,0,0,0,0,0,35,0,0,0,0,0,0,0,0,0,0,0,0,0,0,0,0,0,0,0,0,0,0,0,0,0,0,0,275,0,0,0,0,0,0,0,0,0,0,338,0,0,0,0,0,0,346,0,0,0,163,0,0,0,0,0,0,0,0,0,0,0,0,0,77,0,0,0,0,0,0,0,0,0,0,0,0,0,0,0,0,0,0,0,0,0,0,0,0,0,0,0,52,0,0,0,0,0,0,0,0,181,0,0,155,0,97,0,0,0,0,0,0,0,0,0,0,0,0,0,0,0,0,0,0,0,0,0,0,0,0,0,0,0,0,0,0,0,0,0,0,0,0,88,0,0,0,0,0,0,0,0,0,208,0,0,0,0,0,0,0,0,0,0,0,0,93,0,0,0,0,0,147,0,0,0,0,0,0,195,0,0,0,0,0,0,0,0,0,0,0,0,0,0,0,0,60,0,0,0,0,0,38,0,0,0,0,0,178,0,0,0,0,0,0,0,175,0,0,0,95,0,0,0,0,0,78,0,0,0,0,29,0,0,0,0,0,0,0,0,0,0,0,0,0,0,0,0,0,0,0,0,0,0,0,0,0,0,138,0,0,0,0,149,0,0,0,0,0,0,0,0,0,0,0,0,0,0,0,0,0,0,0,0,0,0,0,0,0,0,0,0,0,0,0,0,0,0,0,0,0,0,0,0,113,0,0,0,0,0,0,0,0,0,0,0,0,0,0,0,0,0,0,0,0,0,0,0,124,0,0,0,77,0,0,0,0,0,0,0,0,0,0,0,0,0,0,118,0,0,0,0,0,0,0,0,0,0,0,93,0,0,0,0,0,0,0,0,73,0,0,0,0,0,0,109,0,0,0,0,0,0,0,0,0,0,0,0,0,0,0,0,0,0,0,0,59,0,0,0,0,0,0,0,0,102,102,102,0,0,0,0,0,0,0,0,0,0,0,0,0,0,0,98,0,0,0,0,0,0,0,0,0,0,0,0,0,0,0,0,0,0,0,0,0,0,95,0,0,0,0,0,0,0,0,0,0,0,0,0,0,0,0,0,0,0,0,0,0,0,0,0,0,0,88,0,0,0,0,0,0,0,0,0,0,0,0,0,0,0,0,86,0,0,0,0,0,0,0,0,0,0,0,0,0,0,0,0,0,0,0,0,0,0,0,0,0,0,0,0,0,0,0,0,0,0,0,0,0,0,0,0,0,0,0,0,69,0,0,0,0,0,0,0,0,0,0,0,0,0,0,0,0,0,0,0,0,0,0,0,0,0,0,0,0,0,0,0,0,0,0,0,0,0,0,0,0,0,0,0,0,0,0,0,0,0,0,0,0,0,0,0,0,0,0,0,0,0,0,0,0,0,0,0,0,0,0,0,0,0,0,0,0,0,0,0,0,0,0,0,0,0,68,68,0,0,0,0,0,0,0,0,0,0,0,0,67,0,0,0,0,0,0,66,0,0,0,0,0,0,0,0,0,0,0,0,65,0,0,0,0,0,0,0,0,0,64,0,0,0,0,0,0,0,0,0,0,0,63,0,0,0,0,0,0,0,0,0,62,43,0,0,0,0,0,0,0,0,0,0,0,0,0,0,0,0,0,0,0,0,0,0,0,0,0,0,0,0,0,0,0,0,0,58,0,0,0,0,0,0,0,0,0,0,0,0,0,0,0,0,0,0,0,0,0,0,0,0,0,0,0,0,0,0,0,0,0,0,0,21,0,0,0,0,0,0,0,0,0,28,0,0,0,0,0,0,0,0,0,0,0,0,0,53,40,53,0,0,0,0,0,0,0,0,0,0,0,0,0,52,0,0,0,0,0,0,0,0,0,0,51,0,0,0,0,0,0,0,0,0,0,50,0,0,0,0,0,0,0,0,0,0,0,0,0,0,49,0,0,0,0,0,0,0,0,0,0,0,0,39,0,0,0,0,0,0,0,0,0,0,0,0,0,0,0,0,0,46,0,0,0,0,0,0,0,0,0,0,0,0,0,0,0,0,0,0,0,0,0,0,0,0,0,0,0,0,0,44,0,0,0,0,0,0,0,0,0,0,0,0,0,0,0,43,43,43,0,0,0,0,0,0,0,0,0,0,0,0,0,0,0,0,0,42,0,0,0,0,0,0,0,0,0,0,0,0,0,0,41,41,0,0,0,0,0,0,0,0,0,0,0,0,0,0,0,0,0,0,40,40,0,0,0,0,0,0,0,0,0,0,0,0,0,0,0,0,0,0,0,0,0,0,0,0,0,0,0,38,0,0,0,0,0,0,0,0,0,0,0,0,0,0,0,0,0,0,0,0,0,0,37,25,37,0,0,0,0,0,0,0,0,0,0,0,0,0,0,0,0,0,0,0,0,0,0,0,0,0,0,0,0,0,0,0,0,0,0,0,0,0,0,0,0,0,0,0,0,0,0,0,0,0,0,0,0,34,34,34,34,0,0,0,0,0,0,0,0,0,0,0,0,0,0,0,0,0,0,0,0,0,0,0,0,0,0,0,0,0,0,0,0,0,0,0,0,0,0,0,0,0,0,0,0,0,0,0,0,0,0,0,32,32,0,0,0,0,0,0,0,0,0,0,0,0,0,0,0,0,0,0,0,0,0,0,0,0,0,0,0,0,0,30,30,30,0,0,0,0,0,0,0,0,0,0,0,0,0,0,0,0,0,0,0,0,0,0,0,0,0,0,0,0,0,0,0,0,0,0,0,0,0,0,0,0,0,0,0,0,0,0,0,0,0,0,0,0,0,0,0,0,0,0,0,0,0,0,0,0,0,0,0,0,0,0,0,0,0,0,0,0,0,0,0,0,0,0,0,0,0,0,0,0,0,0,0,0,0,0,0,0,0,0,0,0,0,0,25,0,0,0,0,0,0,0,0,0,0,0,0,0,0,0,0,0,0,0,0,0,0,0,0,0,0,0,0,0,0,0,0,0,0,0,0,0,0,0,0,0,0,0,0,0,0,0,0,0,0,0,0,0,0,0,0,0,0,0,0,0,0,0,0,0,0,0,0,0,0,0,0,0,0,0,0,0,0,0,0,0,0,0,0,0,0,0,0,0,0,0,0,0,0,0,0,0,0,0,0,0,0,0,0,0,0,0,0,0,0,0,0,0,0,0,0,0,0,0,0,0,0,0,0,0,0,0,0,0,0,0,0,0,0,0,0,0,0,0,0,0,0,0,0,0,0,0,0,0,0,0,0,0,0,19,19,0,0,0,0,0,0,0,0,0,0,0,0,0,0,0,0,0,0,0,0,0,0,0,0,0,0,0,0,0,0,0,0,0,18,0,0,0,0,0,0,0,0,0,0,0,0,0,0,0,0,0,0,0,0,0,0,0,0,0,0,0,0,0,0,0,0,0,0,0,0,0,0,0,0,0,0,0,0,0,0,0,0,0,0,0,0,0,0,0,0,0,0,0,0,0,0,0,0,16,0,0,0,0,0,0,0,0,0,0,0,0,0,0,0,0,0,0,0,0,0,0,0,0,0,0,0,0,0,0,0,0,0,0,0,0,0,0,0,0,0,0,0,0,0,0,0,0,0,0,0,0,0,0,0,0,0,0,0,0,0,0,0,0,0,0,0,0,0,0,0,0,0,0,0,0,0,0,0,0,0,0,0,0,0,0,0,0,0,0,0,0,0,0,0,0,0,0,0,0,0,0,0,0,13,0,0,0,0,0,0,0,0,0,0,0,0,0,0,0,0,0,0,0,0,0,0,0,0,0,0,0,0,0,0,0,0,0,0,0,0,0,0,0,0,0,0,0,0,0,0,0,0,0,0,0,0,0,0,0,0,0,0,0,0,0,0,0,0,0,0,0,0,0,0,0,0,0,0,0,0,0,0,0,0,0,0,0,0,0,0,0,0,0,0,0,0,0,0,0,0,0,0,0,0,0,10,10,0,0,0,0,0,0,0,0,0,0,0,0,0,0,0,0,0,0,0,0,0,0,0,0,0,0,0,0,0,0,0,0,0,0,0,0,0,0,0,9,9,0,0,0,0,0,0,0,0,0,0,0,0,0,0,0,0,0,0,0,0,0,0,0,0,0,0,0,0,0,0,0,0,0,0,0,0,0,0,0,0,0,0,0,0,0,0,0,0,0,0,0,0,0,0,0,0,0,0,0,0,0,0,0,0,0,0,0,0,0,0,0,0,0,0,0,0,0,0,0,0,0,0,0,0,0,0,0,0,0,0,0,0,0,0,0,0,0,0,0,0,0,0,0,0,0,0,0,0,0,0,0,0,0,0,0,0,0,0,0,6,0,0,0,0,0,0,0,0,0,0,0,0,0,0,0,0,0,0,0,0,0,0,0,0,0,0,0,0,0,0,0,0,0,0,0,0,0,0,0,0,0,0,0,0,0,0,0,0,0,0,0,0,0,0,0,0,0,0,0,0,0,0,0,4,4,0,0,0,0,0,0,0,0,0,0,0,0,0,0,0,0,0,0,0,0,0,0,0,0,0,0,0,0,0,0,0,0,0,0,0,0,0,0,0,0,0,0,0,0,0,0,0,0,0,0,0,0,0,0,0,0,0,0,0,0,0,0,0,0,0,0,0,0,0,0,0,0,0,0,0,0,0,0,0,0,0,0,0,0,0,0,0,0,0,0,0,0
"ERR011066",0,0,0,13,0,0,0,0,0,0,0,0,0,0,0,0,0,0,0,0,0,0,0,0,206,0,0,0,0,0,0,0,0,1357,0,0,0,0,0,0,141,0,1226,0,0,0,0,0,0,0,0,0,0,0,0,0,0,0,0,0,0,0,0,0,0,0,926,0,0,0,0,0,0,0,0,0,0,0,0,0,764,0,0,0,23,0,0,0,682,0,0,0,0,0,0,0,0,0,0,0,0,0,0,0,0,0,0,0,0,0,0,0,0,0,0,488,0,0,0,29,42,0,0,49,0,0,0,0,0,0,0,0,0,143,0,0,0,0,0,0,0,0,0,0,0,0,0,0,110,0,0,0,0,0,0,0,0,0,0,0,0,0,9,0,0,0,0,0,0,0,0,0,0,0,0,0,0,0,0,0,0,55,0,0,0,36,0,0,0,0,0,0,0,0,0,0,0,0,0,0,0,0,0,0,0,0,0,0,0,0,0,0,0,0,0,0,0,0,0,0,0,0,0,0,0,0,0,257,0,0,0,0,0,0,0,0,0,0,0,0,0,0,0,14,0,0,0,0,0,0,0,0,0,0,0,0,0,0,0,0,0,0,0,0,0,0,0,0,0,0,0,0,0,0,0,0,0,0,0,0,0,0,0,0,0,0,0,0,0,0,0,0,0,0,0,0,0,0,0,0,0,0,0,0,0,0,0,0,0,0,0,0,73,0,0,0,0,0,0,0,0,0,0,0,0,0,0,0,0,0,0,0,0,0,0,0,0,0,0,0,0,0,0,0,0,0,0,0,0,0,0,0,0,0,0,0,0,0,0,0,0,0,0,0,0,0,0,0,0,0,0,0,0,0,0,0,0,0,0,0,0,0,0,0,0,0,0,0,0,0,41,0,0,0,0,0,0,0,0,0,0,0,0,0,0,0,0,0,0,0,0,0,0,0,0,0,0,0,0,0,0,0,0,0,0,0,0,0,0,0,0,0,0,0,0,0,0,0,68,0,0,0,0,35,0,0,0,0,0,0,0,0,0,0,0,0,0,0,0,0,0,0,0,0,0,0,0,0,0,0,0,0,0,0,0,0,0,0,0,0,0,0,0,0,0,0,0,0,0,0,0,0,0,0,0,0,0,0,0,0,0,0,0,0,0,0,6,0,0,0,0,0,0,0,0,0,0,0,0,0,0,0,0,0,0,0,0,0,0,0,0,0,0,0,0,0,0,0,0,0,0,0,0,0,0,0,0,0,0,98,0,0,0,0,0,0,0,0,0,0,0,0,0,0,0,0,0,0,0,0,0,0,0,0,0,0,0,0,0,0,0,0,0,0,0,0,0,0,0,0,0,0,0,0,0,0,0,0,0,0,0,0,0,0,0,0,0,0,0,0,0,0,0,0,0,0,0,0,0,0,0,0,0,0,0,0,0,0,0,0,0,0,0,0,0,0,0,0,0,0,0,18,0,0,0,0,0,0,0,0,0,0,0,0,0,0,0,0,0,0,0,0,0,0,0,0,0,0,0,0,0,0,0,0,0,0,0,0,0,0,0,0,0,0,0,0,0,0,0,0,0,0,0,0,0,0,0,0,0,0,0,0,0,0,0,0,0,0,0,0,0,0,0,0,0,0,0,0,0,0,0,0,0,0,0,0,0,0,0,0,0,0,0,0,0,0,0,0,0,0,0,0,0,0,0,0,0,0,0,0,0,0,0,0,0,0,0,0,0,0,0,0,0,0,0,0,0,0,0,0,0,0,0,0,0,0,0,0,0,0,0,0,0,0,0,0,0,0,0,0,0,0,0,0,0,0,0,0,0,0,0,0,0,0,0,0,0,0,0,0,0,0,0,0,0,0,0,0,0,0,0,0,0,61,0,0,0,0,0,0,0,0,0,0,0,0,0,0,0,0,0,0,0,0,0,0,0,0,0,0,0,0,0,0,0,0,0,0,0,0,0,0,0,0,0,0,0,0,0,0,0,0,0,0,0,0,0,0,0,0,0,0,0,0,0,0,0,0,0,0,0,0,0,0,0,0,0,0,0,0,0,0,0,0,0,0,0,0,0,0,0,0,0,0,0,0,0,0,0,0,0,0,0,0,0,0,0,0,0,0,0,0,0,0,0,0,0,0,0,0,0,0,0,0,0,0,0,0,0,0,0,0,0,0,0,0,0,0,0,0,0,0,0,0,0,0,0,0,0,0,0,0,0,0,0,0,0,0,0,0,0,0,0,0,0,0,0,0,0,0,0,0,0,46,0,0,0,0,0,0,0,0,0,0,0,0,0,0,0,0,0,0,0,0,0,0,0,0,0,0,0,0,0,0,0,0,0,0,0,0,0,0,0,0,0,0,0,0,0,0,0,43,0,0,0,0,0,0,0,0,0,0,0,0,0,0,0,0,0,0,0,0,0,0,0,0,0,0,0,0,0,0,0,0,0,0,0,0,0,0,0,0,0,0,0,0,0,0,0,0,0,0,0,0,0,0,0,0,0,0,0,0,0,0,0,0,0,0,0,0,0,0,0,0,0,0,0,0,0,0,0,0,0,0,0,0,0,0,0,0,0,0,0,0,0,0,0,0,0,0,0,0,0,0,0,0,0,0,0,0,0,0,0,0,0,0,0,0,0,0,0,0,0,0,0,0,0,0,0,0,0,0,0,0,0,0,0,0,0,0,0,0,0,0,0,0,0,0,0,0,0,0,0,0,0,0,0,0,0,0,0,0,0,0,0,0,0,0,0,0,0,0,0,0,0,0,0,0,0,0,0,0,0,0,0,0,0,0,0,0,0,0,0,0,0,0,0,0,0,0,0,0,0,0,0,0,0,0,0,0,0,0,0,0,0,0,0,0,0,0,0,0,0,0,0,0,0,0,0,0,0,0,0,0,0,0,0,0,0,0,0,0,0,0,0,0,0,0,0,0,0,0,0,0,0,0,0,0,0,0,0,0,0,0,0,0,0,0,0,0,0,0,0,0,0,0,0,0,0,0,0,0,0,0,0,0,0,0,0,8,0,0,0,0,0,0,0,0,0,0,0,0,0,0,0,0,0,0,0,0,0,0,0,0,0,0,0,0,0,0,0,0,0,0,0,0,0,0,0,0,0,0,0,0,0,0,0,0,0,0,0,0,0,0,0,0,0,0,0,0,0,0,0,0,0,0,0,0,0,0,0,0,0,0,0,0,0,0,0,0,0,0,0,0,0,0,0,0,0,0,0,0,0,0,0,0,0,0,0,0,0,0,0,0,0,0,0,0,0,0,0,0,0,0,0,0,0,0,0,0,0,0,0,0,0,0,0,0,0,0,0,0,0,0,0,0,0,0,0,0,22,0,0,0,0,0,0,0,0,0,0,0,0,0,0,0,0,0,0,0,0,0,0,0,0,0,0,0,0,0,0,0,0,0,0,0,0,0,0,0,0,0,0,0,0,0,0,0,0,0,0,0,0,0,0,0,0,0,0,0,0,0,0,0,0,0,0,0,0,0,0,0,0,0,0,0,0,0,0,0,0,0,0,0,0,0,0,0,0,0,0,0,0,0,0,0,0,0,0,0,0,0,0,0,0,0,0,0,0,0,0,0,0,0,0,0,0,0,0,0,0,0,0,0,0,0,0,0,0,0,0,0,0,0,0,0,0,0,0,0,0,0,0,0,0,0,0,0,0,0,0,0,0,0,0,0,0,0,0,0,0,0,0,0,0,0,0,0,0,0,0,0,0,0,0,0,0,16,0,0,0,0,0,0,0,0,0,0,0,0,0,0,0,0,0,0,0,0,0,0,0,0,0,0,0,0,0,0,0,0,0,0,0,0,0,0,0,0,0,0,0,0,0,0,0,0,0,0,0,0,0,0,0,0,0,0,0,0,0,0,0,0,0,0,0,0,0,0,0,0,0,0,0,0,0,0,0,0,0,0,0,0,0,0,0,0,0,0,0,0,0,0,0,0,0,0,0,0,0,0,0,0,0,0,0,0,0,0,0,0,0,0,0,0,0,0,0,0,0,0,0,0,0,0,0,0,0,0,0,0,0,0,0,0,0,0,0,0,0,0,0,12,0,0,0,0,0,0,0,0,0,0,0,0,0,0,0,0,0,0,0,0,0,0,0,0,0,0,0,0,0,0,0,0,0,0,11,0,0,0,0,0,0,0,0,0,0,0,0,0,0,0,0,0,0,0,0,0,0,0,0,0,0,0,0,10,10,0,0,0,0,0,0,0,0,0,0,0,0,0,0,0,0,0,0,0,0,0,0,0,0,0,0,0,0,0,0,0,0,0,0,0,0,0,0,0,0,0,0,0,0,0,0,0,0,0,0,0,0,0,0,0,0,0,0,0,0,0,0,0,0,0,0,0,0,0,0,0,0,0,0,0,0,0,0,0,0,0,0,0,0,0,0,0,0,0,0,0,0,0,0,0,0,0,0,0,0,0,0,0,0,0,0,0,0,0,0,0,7,0,0,0,0,0,0,0,0,0,0,0,0,0,0,0,0,0,0,0,0,0,0,0,0,0,0,0,0,0,0,0,0,0,0,0,0,0,0,0,0,0,0,0,0,0,0,0,6,0,0,0,0,0,0,0,0,0,0,0,0,0,0,0,0,0,0,0,0,0,0,0,0,0,0,0,0,0,0,0,0,0,0,0,0,0,0,0,0,0,0,0,0,0,0,0,0,0,0,0,0,0,0,0,0,0,0,0,0,0,0,0,0,4,4,4,0,0,0,0,0,0,0,0,0,0,0,0,0,0,0,0,0,0,0,0,0,0,0,0,0,0,0,0,0,0,0,0,3,3,0,0,0,0,0,0,0,0,0,0,0,0,0,0,0,0,0,0,0,0,0,0,0,0,0,0,0,0,0,0,0,0,0,0,0,0,0,0,0,0,0,0,0,0,0,0,0,0,0,0,0,0,0,0,0
"ERR011067",2085,1472,0,62,43,0,364,0,3117,595,275,0,0,0,0,0,0,0,478,2101,0,0,0,0,0,0,0,0,0,0,0,0,0,0,0,0,0,0,0,0,0,0,0,0,0,0,0,0,0,139,0,0,0,0,0,0,0,0,0,0,0,0,0,0,0,0,0,0,0,0,0,0,0,0,0,0,251,0,0,0,0,0,0,0,109,0,0,0,0,0,0,0,0,0,191,0,0,0,0,0,0,0,0,0,0,0,0,0,0,0,0,0,0,0,0,0,0,0,0,0,0,0,166,112,0,0,0,0,0,0,0,53,0,0,0,0,0,0,44,0,0,0,0,0,0,0,0,0,0,0,0,0,0,0,0,0,0,0,0,0,0,0,0,0,0,0,118,0,0,0,0,0,0,0,0,0,0,0,0,0,0,0,0,0,0,0,0,0,0,0,0,0,0,0,0,0,0,0,0,0,0,0,0,0,0,0,0,0,0,0,0,0,0,0,0,29,0,0,0,0,0,0,0,0,0,0,0,0,0,0,0,0,0,0,0,0,0,0,0,0,0,0,0,0,0,0,0,0,0,0,0,0,0,0,0,0,0,0,0,0,0,0,0,0,0,0,0,73,0,0,0,0,0,0,0,0,0,0,0,0,0,0,0,0,0,0,0,0,33,0,0,0,0,0,0,0,0,0,145,0,0,0,0,20,0,0,0,0,0,0,0,0,0,0,0,0,0,0,0,0,0,0,0,0,0,0,0,0,0,0,0,0,0,0,0,0,0,0,0,0,0,0,0,0,0,0,0,0,0,0,7,0,0,0,0,0,0,167,0,0,0,0,0,0,0,0,0,0,0,0,0,111,0,0,0,34,0,0,0,0,0,0,0,0,0,0,0,0,0,0,0,0,0,0,0,0,0,0,0,0,0,0,0,0,0,0,0,0,0,0,0,138,0,0,0,136,0,0,0,0,0,0,0,0,0,0,0,0,0,0,0,0,0,0,0,0,0,0,0,0,128,0,0,0,0,0,0,0,0,0,58,0,0,0,0,0,0,0,0,0,0,0,0,0,0,0,0,0,0,0,0,0,0,0,0,0,0,0,0,0,0,0,0,0,0,113,0,0,0,0,0,0,0,0,0,0,0,0,0,0,0,0,0,0,0,0,0,0,0,0,0,0,0,0,0,0,0,0,0,0,0,0,0,0,0,0,0,0,0,0,0,0,0,0,0,0,0,0,0,0,0,0,0,0,0,0,0,0,0,0,0,0,0,0,0,0,0,0,0,0,0,0,0,0,0,0,0,0,0,0,0,0,0,0,0,0,0,0,0,0,0,0,0,0,0,0,0,0,0,0,0,0,0,0,0,0,0,0,0,0,0,0,0,0,0,0,0,0,0,0,20,0,0,0,0,0,0,0,0,0,0,0,0,0,0,0,0,0,0,0,0,0,0,0,0,0,0,0,0,0,0,0,0,0,0,0,0,0,0,0,0,0,0,0,0,80,0,0,0,0,0,0,0,0,0,0,0,0,0,0,0,0,0,0,0,0,0,0,0,0,0,0,0,0,0,0,0,0,0,0,0,0,0,0,0,0,0,0,0,0,0,0,0,0,0,0,0,0,0,0,0,0,0,0,0,0,0,0,0,0,0,0,0,0,0,0,0,0,0,0,0,0,0,0,0,0,0,0,0,0,0,0,0,0,0,0,27,0,0,0,0,0,0,0,0,0,0,0,0,0,0,0,0,0,0,0,0,0,0,0,0,0,0,0,0,0,0,0,0,0,0,0,65,0,0,0,0,0,0,0,0,0,0,0,0,0,0,0,0,0,0,0,0,0,0,0,0,0,0,0,0,0,0,0,0,0,0,0,0,0,0,0,0,0,61,0,0,0,0,0,0,0,0,0,0,0,60,60,0,0,0,0,0,0,0,0,0,0,0,0,0,0,0,0,0,0,0,0,0,0,0,0,0,0,0,0,0,0,0,0,0,0,0,0,0,0,0,0,0,0,0,0,0,0,0,0,0,0,0,0,0,0,0,0,0,54,0,0,0,0,0,0,0,0,0,0,0,0,0,0,0,0,0,0,0,0,0,0,0,0,0,0,0,0,0,0,0,0,0,0,0,0,0,0,0,0,0,0,0,0,0,0,0,0,0,0,0,0,0,0,0,0,0,0,0,0,0,0,0,0,0,0,49,0,0,0,0,0,0,0,0,0,0,0,0,0,0,0,0,0,0,0,0,0,0,47,0,0,0,0,0,0,0,0,0,0,0,0,0,0,0,0,0,0,0,0,45,0,0,0,0,0,0,0,0,0,0,0,0,0,0,0,0,44,0,0,0,0,0,0,0,0,0,0,0,0,0,0,0,0,0,0,0,0,0,0,0,0,0,0,0,0,0,0,0,0,0,0,0,0,0,0,0,0,0,0,0,0,0,0,0,0,0,0,0,0,0,0,0,0,0,0,0,0,0,0,0,0,0,0,0,0,0,0,0,0,0,0,0,0,0,0,0,0,0,0,0,0,0,0,0,39,0,0,0,0,0,0,0,0,0,0,0,0,0,0,0,0,0,0,0,0,0,0,0,0,0,0,0,0,0,0,0,0,0,0,0,0,37,0,0,0,0,0,0,0,0,0,0,0,0,0,0,0,0,0,0,0,36,36,0,0,0,0,0,0,0,0,0,0,0,0,0,0,0,0,0,0,0,0,0,0,0,0,0,0,0,0,0,0,0,0,0,0,0,0,0,0,0,0,0,0,0,0,0,0,0,0,0,0,0,0,0,0,0,0,0,0,0,0,0,0,0,0,0,0,0,0,0,0,0,0,0,0,0,0,0,0,0,0,0,0,0,0,0,0,0,0,0,0,0,0,0,0,0,0,0,0,0,0,0,0,0,0,0,0,0,0,0,0,0,0,0,0,0,0,0,0,0,30,0,0,0,0,0,0,0,0,0,0,0,0,0,0,0,0,0,0,0,0,0,0,0,0,0,0,0,0,0,0,0,0,0,0,0,0,0,0,0,0,0,0,28,0,0,0,0,0,0,0,0,0,0,0,0,0,0,0,0,0,0,0,0,0,0,0,0,0,0,0,0,0,0,0,0,0,0,0,0,0,0,0,0,0,0,0,0,0,0,0,0,0,0,0,0,0,0,0,0,0,0,0,0,0,0,0,0,0,0,0,0,0,0,0,0,0,0,0,0,0,0,0,0,0,0,0,0,0,0,0,0,0,0,0,0,0,0,0,0,0,0,0,0,0,0,0,0,0,0,0,0,0,0,0,0,0,23,0,0,0,0,0,0,0,0,0,0,0,0,0,0,0,0,0,0,0,0,0,0,0,0,10,22,0,0,0,0,0,0,0,0,0,0,0,0,0,0,0,0,0,0,0,0,0,0,0,0,0,0,21,0,0,0,0,0,0,0,0,0,0,0,0,0,0,0,0,0,0,0,0,0,0,0,0,0,0,0,0,0,0,0,0,0,0,0,0,0,0,0,0,0,0,0,0,0,0,0,0,0,0,0,0,0,0,0,0,0,0,0,0,0,0,0,0,0,0,0,0,0,0,0,0,0,0,0,0,0,0,0,0,0,0,18,0,0,0,0,0,0,0,0,0,0,0,0,0,0,0,0,0,0,0,0,0,0,0,0,0,0,0,0,0,17,0,0,0,0,0,0,0,0,0,0,0,0,0,0,0,0,0,0,0,0,0,0,0,0,0,0,0,0,0,0,0,0,0,0,0,16,0,0,0,0,0,0,0,0,0,0,0,0,0,0,0,0,0,0,0,0,0,0,0,0,0,0,0,0,0,0,0,0,0,0,0,0,0,0,0,0,0,0,0,0,0,0,0,0,0,0,0,0,0,0,0,0,0,0,0,0,0,0,0,0,0,0,0,0,0,0,0,0,0,14,0,0,0,0,0,0,0,0,0,0,0,0,0,0,0,0,0,0,0,0,0,0,0,0,0,0,0,0,0,0,0,0,0,0,0,0,0,0,0,0,0,0,0,0,0,0,0,0,0,0,0,0,0,0,0,0,0,0,0,0,0,0,0,0,0,0,0,0,0,0,0,0,0,0,0,0,0,0,0,0,0,0,0,0,0,0,0,0,0,0,0,0,0,0,0,0,0,0,0,0,0,0,0,0,0,0,0,0,0,0,0,0,0,0,0,0,0,0,0,0,0,0,0,0,0,0,0,0,0,0,0,0,0,0,10,10,0,0,0,0,0,0,0,0,0,0,0,0,0,0,0,0,0,0,0,0,0,0,0,0,0,0,0,0,0,0,0,0,0,0,0,0,0,0,0,0,0,0,0,0,0,0,0,0,0,0,0,0,0,0,0,0,0,0,0,0,0,0,0,0,0,0,0,0,0,0,0,0,0,0,0,0,0,0,0,0,0,0,0,0,0,0,0,0,0,0,0,0,0,0,0,0,0,0,0,0,0,0,0,0,0,0,0,0,0,0,0,0,0,0,0,0,0,0,0,0,0,0,0,0,0,0,0,0,0,0,0,0,0,0,0,0,0,0,0,0,0,0,0,0,0,0,0,0,0,0,0,0,0,0,0,0,0,0,0,0,0,0,0,0,0,0,0,0,0,0,0,0,0,0,0,0,0,0,0,0,0,0,0,0,0,0,0,0,0,0,0,0,0,0,0,0,0,0,0,0,0,0,0,0,0,0,0,0,0,0,0,0,0,0,0,0,0,0,0,0,0,0,0,0,0,0,0,0,0,0,0,0,0,0,0,0,0,0,0,0,0,0,0,0,0,0,0,0,0,0,0,0,0,0,0,0,0,0,0,3,0,0,0,0,0,0,0,0,0,0,0,0,0,0,0,0,0,0,0,0,0,0,0,0,0,0,0,0,0,0,0,0,0,0,0,2,2,0,0,0,0,0,0,0,0,0,0,0,0,0,0,0,0,0
"ERR011068",4095,2751,0,106,84,0,363,0,0,92,313,0,0,0,0,0,0,0,0,6,0,0,0,0,305,0,0,0,0,0,0,0,0,0,0,0,0,0,0,0,212,0,0,0,0,0,64,0,0,148,0,0,0,0,0,0,0,0,0,0,0,0,0,0,50,0,0,0,0,0,0,0,49,0,0,0,0,0,0,0,0,0,0,0,109,0,0,0,0,25,0,8,0,0,0,0,0,0,0,0,0,0,0,0,0,0,0,0,0,0,0,0,0,0,0,0,0,0,0,80,60,0,37,0,0,0,0,0,54,0,0,0,0,0,0,0,0,0,0,0,0,0,0,0,0,0,0,0,0,0,0,0,0,0,0,0,0,0,0,0,0,0,0,0,0,0,0,0,0,0,0,0,0,0,0,0,0,0,0,0,0,85,0,0,0,114,0,0,0,0,0,0,0,0,0,0,0,0,0,0,0,0,0,0,0,73,0,0,0,0,0,0,0,49,0,0,0,0,0,0,0,0,0,0,0,0,0,0,0,0,0,0,0,0,0,0,0,0,0,0,0,0,0,183,0,0,0,0,0,0,0,0,0,0,0,0,0,0,0,0,0,0,0,220,0,0,0,0,0,0,0,0,0,0,0,0,0,0,0,0,0,0,0,0,0,0,0,0,0,0,0,0,0,0,0,0,0,0,0,0,0,0,0,55,0,0,0,0,0,0,0,0,0,153,190,0,0,0,0,0,0,0,0,0,0,0,0,0,0,0,0,0,0,0,0,0,0,176,0,0,0,0,0,0,0,0,0,0,0,0,19,0,0,0,0,0,0,0,0,0,0,0,0,0,0,0,0,0,0,0,0,0,0,0,0,0,0,0,0,0,0,0,0,0,0,0,0,0,0,0,0,0,0,0,0,49,0,143,0,0,0,0,142,0,0,0,0,0,0,0,0,0,0,0,0,0,0,72,0,0,0,0,0,0,0,0,0,0,0,0,0,0,0,0,0,0,0,0,39,0,0,0,0,0,0,0,0,0,0,0,67,0,0,0,0,0,0,0,0,0,0,0,0,0,0,0,0,0,0,0,0,0,0,0,0,0,0,0,0,0,0,0,0,0,0,0,0,0,0,0,0,0,0,0,0,0,0,0,0,0,0,0,0,0,0,0,20,0,0,0,0,0,0,0,0,0,28,0,0,0,0,0,0,0,0,0,0,0,0,0,0,0,0,0,0,0,0,0,0,0,0,0,0,0,0,0,0,0,0,0,0,0,0,0,0,0,0,0,0,0,0,0,0,0,0,0,0,0,0,0,0,0,0,0,0,0,0,0,0,0,0,0,0,0,0,0,0,0,0,0,0,0,0,0,0,0,0,0,0,0,0,0,0,0,0,0,0,0,0,0,24,0,0,0,0,0,0,0,0,0,0,0,0,0,0,0,0,0,0,0,0,0,0,0,0,0,0,0,0,0,0,0,0,0,0,0,0,0,0,0,0,0,0,0,0,0,0,0,0,0,0,0,0,0,0,0,0,0,0,0,0,0,0,0,0,0,0,0,0,0,0,0,0,0,0,0,0,0,0,0,0,0,0,0,0,0,0,0,0,0,0,0,0,0,0,0,0,0,0,0,0,0,0,0,0,0,0,0,0,0,0,0,0,0,0,0,70,0,0,0,0,0,0,0,0,0,0,0,0,0,0,0,0,0,0,0,0,0,0,0,0,0,0,0,0,0,0,0,0,0,0,0,0,0,0,0,0,0,0,0,0,0,0,0,0,0,0,0,0,0,0,0,0,0,0,0,0,0,0,0,0,0,0,0,0,0,0,0,0,0,0,0,0,0,0,0,0,0,0,0,0,0,0,0,0,0,0,0,0,0,0,0,0,0,0,0,0,0,0,0,0,0,0,0,0,4,0,0,0,0,0,0,0,0,0,0,0,0,0,0,0,0,0,0,0,0,0,0,0,0,57,0,0,0,0,0,0,0,0,0,0,0,0,0,0,0,0,0,0,0,0,32,0,0,0,0,0,0,0,0,0,0,0,0,0,0,0,0,0,0,0,0,0,0,0,0,0,0,0,0,0,0,0,0,0,0,0,0,0,0,0,0,0,0,0,0,0,0,0,0,0,0,0,22,0,0,0,0,0,0,0,0,0,14,0,0,0,0,0,0,0,0,0,0,0,0,0,0,0,0,0,0,0,0,0,0,0,0,0,0,0,0,0,0,0,48,0,0,0,0,0,0,0,0,0,0,0,0,0,0,0,0,0,0,0,0,0,0,0,0,0,0,0,0,0,0,0,45,0,0,0,0,0,0,0,0,0,0,0,0,0,0,0,0,0,0,0,0,0,0,0,0,0,0,0,0,0,0,0,0,0,0,0,0,0,0,0,0,0,0,0,0,0,0,0,0,0,0,0,0,0,0,0,0,0,0,0,0,0,0,0,0,0,0,0,0,0,0,0,0,0,0,0,0,0,0,0,0,0,0,0,0,19,0,0,40,0,0,0,0,0,0,0,0,0,0,0,0,0,0,0,0,0,0,0,0,0,0,0,0,0,0,0,38,38,0,0,0,0,0,0,0,0,0,0,0,0,0,0,0,0,0,0,0,0,0,0,0,0,0,0,0,0,0,0,0,0,0,0,0,0,0,0,0,0,0,0,0,0,0,0,0,0,0,0,0,0,0,0,0,0,0,0,0,0,0,0,0,0,0,0,0,0,0,0,0,0,0,0,0,0,0,0,0,0,0,0,0,0,0,0,0,0,0,0,0,0,0,0,0,0,0,0,0,0,0,0,0,0,0,0,0,0,0,0,0,0,0,0,0,0,0,0,0,0,0,0,0,0,0,0,0,0,0,0,0,0,32,0,0,0,0,0,0,0,0,0,0,0,0,0,0,0,0,0,0,0,0,0,0,0,0,0,0,0,0,0,0,0,0,30,0,0,0,0,0,0,0,0,0,0,0,0,0,0,0,0,0,0,0,0,0,0,29,0,0,0,0,0,0,0,0,0,0,0,0,0,0,0,17,0,0,0,28,28,0,0,0,0,0,0,0,0,0,0,0,0,0,0,0,0,0,0,0,0,0,0,0,0,0,0,0,0,0,0,0,0,0,0,0,26,0,0,0,0,0,0,0,0,0,0,0,0,0,0,0,0,0,0,0,0,0,0,0,0,0,0,0,0,0,0,0,0,0,0,0,0,0,0,0,0,0,0,0,0,0,0,0,0,0,24,0,0,0,0,0,0,0,0,0,0,0,0,0,0,0,0,0,0,0,0,0,0,0,0,0,0,23,23,0,0,0,0,0,0,0,0,0,0,0,0,0,0,0,0,0,0,0,0,0,0,0,0,22,0,0,0,0,0,0,0,0,0,0,0,0,0,0,0,0,0,0,0,0,0,0,0,0,0,0,0,0,0,0,0,0,0,0,0,0,0,0,0,0,0,0,0,0,0,0,0,0,0,0,0,0,0,0,0,0,0,0,0,0,0,0,0,0,0,0,0,0,0,0,0,0,0,0,19,19,0,0,0,0,0,0,0,0,0,0,0,0,0,0,0,0,0,0,0,0,0,0,0,0,0,0,0,0,0,0,0,0,0,0,0,0,0,0,0,0,0,0,0,0,0,0,0,0,0,0,0,0,0,0,0,0,0,0,0,0,0,0,0,17,0,0,0,0,0,0,0,0,0,0,0,0,0,0,0,0,0,0,0,0,0,0,0,0,0,0,0,0,0,0,0,0,0,0,0,16,0,0,0,0,0,0,0,0,0,0,0,0,0,0,0,0,0,0,0,0,0,0,0,0,0,0,0,0,0,0,15,0,0,0,0,0,0,0,0,0,0,0,0,0,0,0,0,0,0,0,0,0,0,0,0,0,0,0,0,0,0,0,0,0,0,0,0,0,0,0,0,0,0,14,0,0,0,0,0,0,0,0,0,0,0,0,0,0,0,0,0,0,0,0,0,0,0,0,0,0,0,0,13,0,0,0,0,0,0,0,0,0,0,0,0,0,0,0,0,0,0,0,0,0,0,0,0,0,0,0,0,0,0,0,0,0,0,0,0,0,0,0,0,0,0,0,0,0,0,0,0,0,0,0,0,0,0,0,0,0,0,0,0,0,0,0,0,0,0,0,0,0,0,0,0,0,0,0,0,0,0,0,0,0,0,0,0,0,0,0,0,0,0,0,0,0,0,0,0,0,0,0,0,0,0,0,0,0,0,0,0,0,0,0,0,0,0,0,0,0,0,0,0,0,0,0,0,0,0,0,0,0,0,0,0,0,0,0,0,0,0,0,0,0,0,0,9,9,0,0,0,0,0,0,0,0,0,0,0,0,0,0,0,0,0,0,0,0,0,0,0,0,0,0,0,0,0,0,0,0,8,0,0,0,0,0,0,0,0,0,0,0,0,0,0,0,0,0,0,0,0,0,0,0,0,0,0,0,0,0,0,0,0,0,0,0,0,0,0,7,7,0,0,0,0,0,0,0,0,0,0,0,0,0,0,0,0,0,0,0,0,0,0,0,0,0,0,0,0,0,0,0,0,0,0,0,0,0,0,0,0,0,0,0,0,0,0,0,0,0,0,0,0,0,0,0,0,0,0,0,0,0,0,0,0,0,0,0,0,0,0,0,0,0,0,0,0,0,0,0,0,0,0,0,0,0,0,0,0,0,0,0,0,0,0,0,0,0,0,0,0,0,0,0,0,0,0,0,0,0,0,0,0,0,0,0,0,0,0,0,0,0,0,0,0,0,0,0,0,0,0,0,0,0,0,0,0,0,0,0,0,0,0,0,0,0,0,0,0,3,3,0,0,0,0,0,0,0,0,0,0,0,0,0,0,0,0,0,0,0,0,0,0,0,0,0,0,0,0,0,0,0,0,0,0,0,0,0,0,0,0,0,0,0,0,0,0,0,0,0,0,0,0
"ERR011069",0,0,0,0,0,0,0,0,0,0,0,6,0,0,0,0,0,0,0,0,0,251,304,0,0,181,143,0,0,0,0,0,157,0,0,0,0,0,0,0,0,44,0,143,178,0,0,0,0,0,0,932,439,0,145,0,451,0,0,0,55,0,0,0,0,809,0,0,0,310,198,189,0,0,0,0,0,0,0,0,0,235,0,0,0,0,0,0,0,0,0,0,0,0,0,0,0,0,0,0,0,0,17,0,0,0,0,0,0,104,0,0,0,0,0,0,152,0,0,0,0,0,0,0,0,61,0,0,0,0,0,0,0,0,0,0,0,0,0,0,0,0,0,0,0,62,0,0,0,0,0,0,0,0,0,0,0,0,0,0,0,0,0,0,0,0,0,174,0,0,0,0,0,0,0,39,0,0,0,0,60,0,0,0,0,0,0,0,0,0,0,0,0,58,0,0,0,57,0,0,0,0,139,0,0,0,180,0,64,0,0,0,0,0,0,0,0,0,0,0,64,0,0,0,0,0,0,0,0,55,0,0,0,0,0,0,0,0,0,0,0,0,0,0,0,65,0,0,8,0,0,0,0,0,0,0,94,0,0,0,139,0,0,0,0,0,0,0,0,0,0,0,0,0,0,0,0,0,0,0,0,0,0,0,0,0,0,0,0,0,0,0,0,0,20,0,0,0,0,0,0,0,0,0,0,0,0,0,0,0,0,0,0,0,0,20,0,0,0,0,0,0,0,0,0,0,0,38,0,0,0,0,69,0,0,63,0,0,0,0,0,0,0,0,0,0,34,0,0,115,0,0,0,0,0,0,14,0,0,0,0,0,0,0,0,0,0,0,0,0,0,0,0,0,0,0,0,0,0,0,0,0,0,0,78,0,0,0,0,0,0,0,0,0,0,0,0,0,18,0,0,0,0,0,0,0,0,0,0,0,0,0,0,0,0,0,0,0,60,88,0,0,0,0,0,0,0,0,0,0,0,0,0,0,0,0,0,0,0,0,0,0,0,0,0,0,0,0,0,0,0,25,0,0,0,0,0,0,0,0,0,0,0,55,0,0,0,0,0,0,0,0,0,118,0,0,89,0,0,0,0,0,0,0,11,0,0,0,0,0,0,0,0,0,0,0,0,0,0,0,0,109,0,0,0,0,0,108,0,0,0,0,106,0,0,0,0,0,0,0,0,23,0,0,0,0,0,0,0,0,0,0,0,0,0,0,0,0,0,0,0,0,0,0,0,0,0,0,0,0,0,0,0,0,0,0,0,0,0,0,0,0,0,0,0,0,0,0,0,0,0,0,0,0,0,0,0,0,0,0,0,45,0,0,0,0,0,0,0,0,0,0,0,0,0,0,0,0,0,0,0,0,0,0,0,0,0,0,0,0,0,0,0,0,0,0,0,0,0,0,0,0,0,0,0,84,55,0,0,0,0,0,0,0,0,0,34,0,0,0,0,0,0,0,0,0,0,0,0,0,0,0,0,0,0,0,0,0,0,0,0,0,0,0,0,0,0,0,0,0,0,0,0,0,0,0,0,0,0,0,0,0,0,0,0,0,15,41,0,0,0,0,0,0,0,0,0,0,0,0,0,0,0,0,0,0,0,0,0,0,0,0,0,72,0,0,0,0,0,71,0,0,0,0,0,0,0,70,0,0,0,0,0,0,0,0,0,0,0,0,0,0,0,0,0,0,0,0,0,68,68,68,0,0,0,0,0,0,0,0,0,0,67,0,0,0,0,0,0,66,0,0,0,0,0,0,0,0,0,0,0,0,0,0,0,0,0,0,0,0,0,0,0,0,0,0,0,0,0,0,0,0,0,0,0,0,0,0,0,0,0,0,0,0,0,0,0,0,0,0,0,0,0,0,0,0,0,0,0,0,0,0,0,0,0,0,0,0,60,0,0,0,0,0,0,0,0,0,0,0,0,0,0,0,0,0,0,0,0,0,0,0,0,0,0,0,0,0,0,0,56,0,0,0,0,0,0,0,0,0,0,0,0,0,0,0,0,0,0,0,0,0,0,0,0,0,0,0,0,0,0,0,0,0,0,0,0,0,0,0,0,53,0,0,0,0,0,0,0,0,0,0,0,0,0,0,0,0,0,0,0,0,0,0,0,0,51,0,0,0,0,0,0,0,0,0,0,0,0,0,0,0,0,0,0,0,0,0,0,0,0,0,0,49,0,0,0,0,0,0,0,0,0,0,0,0,0,0,0,0,0,0,0,0,0,0,0,0,0,0,0,0,0,0,20,0,0,0,0,0,0,0,0,0,0,0,0,0,45,0,0,0,0,0,0,0,0,0,0,0,0,0,0,0,44,0,0,0,0,0,0,0,0,0,0,0,0,0,0,0,0,0,43,43,0,0,0,0,0,0,0,0,0,0,0,0,0,0,0,42,42,0,0,0,0,0,0,0,0,0,0,0,0,0,0,41,0,0,0,0,0,0,0,0,0,0,0,0,0,0,0,0,0,0,0,0,0,0,0,0,0,0,0,0,0,0,0,0,0,0,0,0,0,0,0,0,0,0,0,0,0,0,0,0,0,38,0,0,0,0,0,0,0,0,0,0,0,0,0,0,0,0,0,0,0,0,0,0,0,0,0,0,0,0,0,0,0,0,0,0,0,0,0,0,0,0,0,0,0,0,0,0,0,0,0,0,0,0,0,0,0,0,0,0,0,0,0,0,0,0,0,0,0,0,0,0,0,0,0,0,0,0,0,0,34,0,0,0,0,0,0,0,0,0,0,0,0,0,0,0,0,0,0,0,0,0,0,0,0,0,0,33,33,33,0,0,0,0,0,0,0,0,0,0,0,0,0,0,0,0,0,0,0,0,0,0,0,0,0,0,0,0,0,0,0,0,0,0,0,0,0,0,0,0,0,0,0,0,0,0,0,0,0,0,0,0,0,0,0,0,0,30,0,0,0,0,0,0,0,0,0,0,0,0,0,0,0,0,0,0,0,0,0,0,29,0,0,0,0,0,0,0,0,0,0,0,0,0,0,0,0,0,0,0,0,28,28,28,0,0,0,0,0,0,0,0,0,0,0,0,27,0,0,0,0,0,0,0,0,0,0,0,0,0,0,0,0,0,0,0,0,26,0,0,0,0,0,0,0,0,0,0,0,0,0,0,0,0,0,0,0,0,25,0,0,0,0,0,0,0,0,0,0,0,0,0,0,0,0,0,0,0,0,0,0,0,0,0,0,0,0,24,24,24,0,0,0,0,0,0,0,0,0,0,0,0,0,0,0,0,0,0,0,0,0,0,0,0,0,0,0,0,0,0,0,0,0,0,0,0,0,0,0,0,0,0,0,0,0,0,0,0,0,0,0,0,0,0,0,0,0,0,0,0,0,0,0,0,0,0,0,0,0,0,0,0,0,0,0,0,21,0,0,0,0,0,0,0,0,0,0,0,0,0,0,0,0,0,0,0,20,0,0,0,0,0,0,0,0,0,0,0,0,0,0,0,0,0,0,0,0,0,0,0,0,0,0,0,0,0,19,0,0,0,0,0,0,0,0,0,0,0,0,0,0,0,0,0,0,0,0,0,0,0,0,0,0,0,0,0,0,0,0,18,0,0,0,0,0,0,0,0,0,0,0,0,0,0,0,0,0,0,0,0,0,0,0,0,0,0,0,0,0,0,17,17,0,0,0,0,0,0,0,0,0,0,0,0,0,0,0,0,0,0,0,0,0,0,0,0,0,0,0,0,0,0,0,0,0,0,16,16,16,0,0,0,0,0,0,0,0,0,0,0,0,0,0,0,0,0,0,0,0,0,0,0,0,0,0,0,0,15,0,0,0,0,0,0,0,0,0,0,0,0,0,0,0,0,0,0,0,0,0,0,0,0,0,0,0,0,0,0,0,0,0,0,0,0,0,0,0,0,0,0,0,0,0,0,0,0,0,0,0,0,0,0,0,0,0,0,0,0,0,0,0,0,0,0,0,0,0,0,0,0,0,0,0,0,0,0,0,0,0,0,0,0,0,0,0,0,0,0,0,0,0,0,0,0,0,0,0,0,0,0,0,0,0,0,0,0,0,0,12,12,12,0,0,0,0,0,0,0,0,0,0,0,0,0,0,0,0,0,0,0,0,0,0,0,0,0,0,0,0,0,0,0,0,0,0,0,0,0,0,0,0,0,0,0,0,0,0,0,0,0,0,0,0,0,0,0,0,0,0,0,0,0,0,0,0,0,0,0,0,0,0,0,0,0,0,0,0,0,0,0,0,0,0,0,0,0,0,0,0,0,0,0,0,0,0,0,0,0,0,0,0,0,0,0,9,0,0,0,0,0,0,0,0,0,0,0,0,0,0,0,0,0,0,0,0,0,0,0,0,0,0,0,0,0,0,0,0,8,8,0,0,0,0,0,0,0,0,0,0,0,0,0,0,0,0,0,0,0,0,0,0,0,0,0,0,0,0,0,0,0,0,0,0,0,0,0,0,7,7,0,0,0,0,0,0,0,0,0,0,0,0,0,0,0,0,0,0,0,0,0,0,0,0,0,0,0,0,0,0,0,0,0,0,0,0,0,0,0,0,0,0,0,0,6,0,0,0,0,0,0,0,0,0,0,0,0,0,0,0,0,0,0,0,0,0,0,0,0,0,0,0,0,0,0,0,0,0,0,0,0,0,0,0,0,0,0,0,0,0,0,0,0,0,0,0,0,0,0,0,0,0,0,0,0,0,0,0,0,0,0,4,0,0,0,0,0,0,0,0,0,0,0,0,0,0,0,0,0,0,0,0,0,0,0,0,0,0,0,0,0,0,0,0,0,0,0,0,3,0,0,0,0,0,0,0,0,0,0,0,0,0,0,0,0,0,0,0,0,0,0,0,0,0,0,0,0,0,0,0,0,0,0,0,0,0,0,0,0,0,0,0,0,0,0,0,0,0,0,0
"ERR011070",0,0,0,0,0,0,0,1524,0,0,0,1231,0,0,0,0,0,0,0,0,0,235,270,0,0,350,267,0,0,0,0,0,703,0,0,0,0,0,0,0,0,0,0,600,35,0,0,0,0,0,0,151,0,0,28,0,0,0,0,0,0,0,0,0,0,119,0,0,61,233,353,321,0,0,0,0,0,0,0,0,0,247,0,0,0,0,0,0,0,0,0,0,0,0,0,0,0,0,0,0,0,0,27,0,0,0,0,0,0,192,0,0,0,0,0,0,0,0,0,0,0,0,0,0,0,149,0,0,0,0,0,0,0,0,0,0,0,0,0,51,0,0,0,0,0,0,0,0,0,0,0,0,0,0,0,0,0,0,0,0,156,0,0,0,0,0,0,0,102,0,0,0,0,0,0,0,0,0,0,0,0,0,0,0,0,0,0,0,0,0,0,0,0,0,28,0,0,0,0,0,0,0,0,0,0,0,110,0,0,0,0,0,0,0,0,0,0,184,0,0,12,0,0,0,0,0,0,0,0,42,0,26,0,0,0,0,0,0,0,0,0,0,0,0,0,0,0,0,53,0,0,0,0,0,0,230,0,0,42,0,75,222,0,0,0,0,0,0,0,0,0,0,0,0,0,0,0,0,0,0,0,0,0,0,0,0,0,0,0,0,0,0,123,0,0,0,0,51,0,0,0,0,0,0,0,0,0,194,0,0,0,0,0,0,0,170,0,0,92,0,0,0,0,0,0,0,0,53,0,0,0,0,0,0,0,0,0,0,0,0,0,0,0,0,0,0,0,0,0,0,0,91,0,0,0,0,50,0,0,0,0,0,0,0,0,163,0,0,0,0,0,0,0,0,0,0,0,0,0,0,0,0,0,0,72,0,0,0,0,0,0,0,0,0,0,0,0,0,51,0,0,0,0,0,0,0,0,0,0,0,0,0,0,0,0,0,0,0,0,0,0,0,0,0,0,0,41,0,0,0,0,0,0,0,0,0,0,0,0,0,0,0,0,0,0,0,0,0,0,0,0,0,0,0,0,0,0,0,0,0,0,0,0,65,0,0,0,0,0,0,0,0,0,0,118,0,0,0,0,0,0,0,0,0,10,0,32,0,0,0,0,0,0,0,0,0,0,0,0,0,0,0,0,0,0,0,0,0,0,0,0,0,0,0,0,0,0,95,42,0,0,0,104,0,0,0,0,0,0,0,0,0,0,0,0,0,0,0,0,100,0,0,0,0,0,0,0,0,0,0,0,0,0,0,0,0,0,0,0,0,0,0,0,0,0,96,0,0,0,0,0,0,95,0,0,0,0,0,0,0,0,0,0,0,0,0,0,0,0,0,0,0,0,0,0,0,0,0,0,0,0,0,0,0,0,0,0,0,0,0,0,0,0,0,0,0,0,0,0,0,0,0,0,0,0,0,0,61,0,0,0,0,0,0,0,0,0,0,0,0,0,0,0,0,0,46,0,0,0,0,0,0,0,0,0,0,20,0,0,0,0,10,79,0,0,0,0,0,0,0,78,0,0,0,0,0,0,0,0,0,0,0,0,0,0,0,38,0,0,0,0,0,0,0,0,0,0,0,0,0,0,0,0,0,0,0,0,0,0,0,0,0,0,0,72,0,0,0,0,0,0,0,0,0,0,0,0,0,0,0,0,0,0,0,0,0,0,0,0,0,0,0,0,0,0,0,0,0,0,0,0,0,19,0,0,0,0,0,0,0,0,0,0,0,0,0,0,0,0,0,66,0,0,0,0,0,0,0,0,0,0,0,0,0,0,0,0,0,0,0,0,0,0,0,0,0,0,0,0,0,0,0,0,0,0,0,0,0,0,0,0,0,0,0,0,33,0,0,0,0,0,0,0,0,0,0,0,0,0,0,0,0,0,0,0,0,0,0,0,15,0,0,0,0,0,0,0,0,0,17,0,0,0,0,0,0,0,0,0,0,0,0,0,0,0,0,0,0,0,0,0,0,0,0,0,0,0,0,0,0,0,0,0,0,0,55,0,0,0,0,0,0,0,0,8,0,54,0,0,0,0,0,0,0,0,0,0,0,0,13,0,0,53,0,0,0,0,0,0,0,0,0,0,0,0,0,0,0,0,0,0,0,0,0,0,0,0,51,51,0,0,0,0,0,0,0,0,0,0,0,0,0,0,0,0,0,0,0,0,0,0,0,0,0,49,0,0,0,0,0,0,0,0,0,9,0,0,0,0,0,0,0,0,0,0,0,47,0,0,0,0,0,0,0,0,0,0,0,0,0,0,0,0,0,0,0,0,0,0,45,45,0,0,0,0,0,0,0,0,0,0,0,0,0,0,0,0,0,0,0,0,0,0,0,0,0,0,0,0,0,0,0,0,0,0,0,0,0,0,0,0,0,0,0,0,0,0,0,0,0,0,42,42,0,0,0,0,0,0,0,0,0,0,0,0,0,41,18,0,0,0,0,0,0,0,0,0,0,0,0,0,0,0,0,0,0,40,40,40,0,0,0,0,0,0,0,0,0,0,0,0,0,0,0,0,0,0,0,0,0,0,0,0,0,0,0,38,38,0,0,0,0,0,0,0,0,0,0,0,0,0,0,0,0,0,0,12,0,0,37,0,0,0,0,0,0,0,0,0,0,0,0,0,0,0,0,0,0,0,0,0,0,0,0,0,0,0,0,0,0,0,0,0,0,35,0,0,0,0,0,0,0,0,0,0,0,0,0,0,0,0,0,0,0,0,34,34,0,0,0,0,0,0,0,0,0,0,0,0,0,0,0,0,0,0,0,0,0,0,0,0,0,0,0,33,33,33,0,0,0,0,0,0,0,0,0,0,0,0,0,0,0,0,0,0,0,0,0,0,0,0,0,0,0,0,0,0,0,0,0,0,0,0,0,0,0,0,0,0,0,0,0,0,0,0,0,0,0,0,0,0,0,0,0,0,0,0,0,0,0,0,0,0,0,0,0,0,0,0,0,0,0,0,0,0,0,0,0,0,0,0,0,0,0,0,0,0,0,0,0,0,0,0,0,0,0,0,0,28,0,0,0,0,0,0,0,0,0,0,0,0,0,0,0,0,0,0,0,0,0,0,0,0,0,0,0,0,0,0,0,0,0,0,0,0,0,0,0,0,0,0,0,0,0,0,0,0,0,0,0,0,0,0,0,0,0,0,0,0,0,0,0,0,0,0,0,0,0,0,0,0,0,0,0,0,0,0,0,0,0,0,0,0,0,24,8,0,0,0,0,0,0,0,0,0,0,0,0,0,0,0,0,0,0,0,0,0,0,0,0,0,0,0,0,0,0,0,0,0,0,0,0,0,0,0,0,0,0,0,0,0,0,0,0,22,0,0,0,0,0,0,0,0,0,0,0,0,0,0,0,0,0,0,0,0,0,0,0,0,0,0,0,0,0,0,0,0,0,0,0,0,0,0,0,0,0,0,0,0,0,0,20,0,0,0,0,0,0,0,0,0,0,0,0,0,0,0,0,0,0,0,0,0,0,0,0,0,0,0,0,0,19,19,0,0,0,0,0,0,0,0,0,0,0,0,0,0,0,0,0,0,0,0,0,0,0,0,0,0,0,0,0,0,0,18,18,18,0,0,0,0,0,0,0,0,0,0,0,0,0,0,0,0,0,0,0,0,0,0,0,0,0,0,0,0,0,6,0,0,0,0,0,0,0,0,0,0,0,0,0,0,0,0,0,0,0,0,0,0,0,0,0,0,0,0,0,0,0,0,0,0,0,0,16,0,0,0,0,0,0,0,0,0,0,0,0,0,0,0,0,0,0,0,0,0,0,0,0,0,0,0,0,15,15,0,0,0,0,0,0,0,0,0,0,0,0,0,0,0,0,0,0,0,0,0,0,0,0,0,0,0,0,0,0,0,0,0,0,0,0,0,0,0,0,14,14,0,0,0,0,0,0,0,0,0,0,0,0,0,0,0,0,0,0,0,0,0,0,0,0,0,0,0,13,0,0,0,0,0,0,0,0,0,0,0,0,0,0,0,0,0,0,0,0,0,0,0,0,0,0,0,0,0,0,0,0,0,0,0,0,0,0,0,0,0,12,0,0,0,0,0,0,0,0,0,0,0,0,0,0,0,0,0,0,0,0,0,0,0,0,0,0,0,0,0,0,0,7,11,0,0,0,0,0,0,0,0,0,0,0,0,0,0,0,0,0,0,0,0,0,0,0,0,0,0,0,0,0,0,0,0,0,0,0,0,0,0,0,0,0,0,0,0,0,0,0,0,0,0,0,0,0,0,0,0,0,0,0,0,0,0,0,0,0,0,0,0,0,0,9,0,0,0,0,0,0,0,0,0,0,0,0,0,0,0,0,0,0,0,0,0,0,0,0,0,0,0,0,0,0,0,0,0,8,0,0,0,0,0,0,0,0,0,0,0,0,0,0,0,0,0,0,0,0,0,0,0,0,0,0,0,0,0,0,0,0,0,0,0,0,0,0,0,7,0,0,0,0,0,0,0,0,0,0,0,0,0,0,0,0,0,0,0,0,0,0,0,0,0,0,0,0,0,0,0,0,0,0,0,0,0,0,0,0,0,0,0,0,6,0,0,0,0,0,0,0,0,0,0,0,0,0,0,0,0,0,0,0,0,0,0,0,0,0,0,0,0,0,0,0,5,0,0,0,0,0,0,0,0,0,0,0,0,0,0,0,0,0,0,0,0,0,0,0,0,0,0,0,0,0,0,0,0,0,0,0,0,0,0,0,0,0,0,0,0,0,0,0,0,0,0,0,0,0,0,0,0,0,0,0,0,0,0,0,0,0,0,0,0,0,0,0,0,0,0,0,0,0,0,0,0,0,0,0,0,0,0,0,0,0,0,0,0,0,0,0,0,0,0,0,0,0,0,0,0,0,0,0,0,0,0,0,0,0,0,0,0,0,0,0,0,0,0
"ERR011071",0,0,0,0,0,0,0,46,0,0,0,50,0,0,0,0,0,0,0,0,0,121,134,0,0,452,318,0,0,0,0,0,131,0,0,0,0,0,0,0,0,35,0,141,377,0,0,0,0,0,0,0,300,0,310,0,307,0,0,0,0,0,0,0,0,0,0,0,109,119,226,184,0,0,0,0,0,0,0,0,0,108,0,69,0,0,0,0,0,0,0,0,0,0,0,0,314,0,0,0,0,0,67,0,0,278,0,0,0,101,0,0,0,0,0,0,0,0,0,0,0,0,0,0,0,111,0,0,0,0,0,0,0,0,0,0,0,0,0,159,0,0,0,0,0,123,118,0,0,0,0,0,0,50,0,0,0,0,0,0,91,0,0,0,0,0,0,0,0,0,0,0,0,0,0,82,0,0,111,0,41,0,0,0,0,0,0,0,0,42,0,0,0,129,0,0,0,105,0,0,0,0,0,0,0,0,0,0,41,0,0,0,0,0,0,0,0,0,0,0,0,0,0,0,0,0,0,0,0,0,0,0,0,0,0,126,0,0,0,0,0,0,0,0,0,0,0,0,0,0,0,0,0,0,0,0,0,0,0,0,8,0,0,0,0,0,0,0,0,0,0,0,0,0,0,0,0,0,0,85,81,0,0,0,0,0,0,0,0,0,0,0,77,0,135,0,0,0,0,0,0,0,0,0,0,0,0,0,158,0,0,0,0,0,0,0,0,0,96,0,0,0,0,0,0,0,0,21,0,0,124,0,55,0,0,54,0,0,0,0,0,0,0,0,0,0,78,0,0,0,0,0,41,0,0,0,0,0,96,0,0,0,0,0,0,0,68,0,0,0,0,0,0,0,0,0,0,0,0,0,0,0,0,0,0,0,0,0,0,0,0,0,15,0,0,0,0,0,0,0,0,0,0,0,0,0,0,0,0,0,0,0,43,0,0,0,0,0,0,0,0,0,0,134,0,0,0,0,0,19,0,0,0,0,0,0,0,0,0,0,0,0,0,0,0,0,0,0,0,0,0,42,0,0,0,0,0,0,0,0,0,0,0,0,0,0,0,0,0,0,0,0,0,0,0,0,0,0,0,0,0,0,0,0,0,0,0,0,77,0,0,0,0,0,0,0,0,0,0,0,0,0,109,0,0,0,0,0,0,0,0,0,0,0,0,0,0,0,0,0,0,0,0,0,0,0,0,0,0,0,0,0,0,102,0,0,0,0,0,0,0,0,0,0,0,0,0,0,0,0,59,0,0,0,0,0,0,0,0,0,0,0,0,0,0,0,14,0,0,0,0,0,0,0,0,0,0,0,0,0,0,48,93,0,0,0,0,0,0,0,0,0,0,0,0,0,0,0,0,0,0,0,0,0,0,0,0,0,0,0,0,26,40,0,0,0,0,48,0,0,0,0,0,0,0,0,0,0,0,0,0,0,0,0,0,0,0,82,53,0,0,0,0,0,0,0,0,0,0,0,0,0,0,0,0,0,0,0,0,0,0,0,0,0,0,0,0,0,0,0,0,0,0,0,0,0,0,0,0,0,0,0,0,0,0,0,0,0,32,0,0,0,0,0,0,35,0,0,0,0,0,0,39,0,0,0,0,0,0,0,0,0,0,0,0,0,0,0,0,0,0,0,0,0,0,0,0,0,70,0,0,0,0,0,0,0,0,0,0,0,0,0,0,0,0,0,0,0,0,0,0,0,49,0,0,0,0,0,0,0,0,0,0,0,0,0,0,0,0,0,0,0,0,0,0,0,0,0,0,0,0,0,0,0,0,0,0,0,0,0,0,0,64,0,0,0,0,0,0,0,0,0,0,0,0,0,0,0,0,0,0,0,0,0,0,0,0,0,0,0,0,0,0,0,0,61,42,0,0,0,0,0,0,0,0,0,0,0,0,0,0,0,0,0,0,22,0,0,0,0,0,0,0,0,0,0,0,0,0,0,0,0,0,0,0,0,0,0,0,0,0,0,0,0,0,0,0,0,0,0,0,0,0,0,0,0,0,0,0,0,0,0,0,0,0,0,0,0,0,0,0,0,0,0,0,0,0,0,0,0,0,0,0,0,0,0,0,0,0,0,0,0,0,0,0,27,0,0,0,0,0,0,0,0,0,0,0,0,0,0,0,0,0,0,0,0,0,50,0,0,0,0,0,0,0,0,0,0,0,0,0,0,0,0,0,0,0,0,0,0,0,0,0,0,0,0,48,0,0,0,0,0,0,0,0,0,0,0,0,0,0,0,0,0,26,0,0,0,0,0,0,0,0,0,0,0,0,0,0,0,0,45,0,0,0,0,0,0,0,0,0,0,0,0,0,44,0,0,0,0,0,0,0,0,0,0,0,0,0,0,0,0,0,0,0,0,0,0,0,0,0,0,0,0,0,0,0,0,0,0,0,0,0,42,0,0,0,0,0,0,0,0,0,0,0,0,0,0,41,0,0,0,0,0,0,0,0,0,0,0,0,0,0,0,0,0,0,0,0,0,0,0,0,0,0,0,0,0,0,0,0,0,0,0,0,0,0,0,0,0,0,0,0,0,0,0,0,0,38,38,0,0,0,0,0,0,0,0,0,0,0,0,0,0,0,0,0,0,0,0,37,37,0,0,0,0,0,0,0,0,0,0,0,0,0,0,0,0,0,0,36,36,0,0,0,0,0,0,0,0,0,0,0,0,0,0,0,0,0,0,0,0,0,0,0,0,0,0,0,0,0,0,0,0,0,0,0,21,0,0,0,0,0,0,0,0,0,0,0,0,0,0,0,0,0,0,0,0,0,0,0,0,0,0,0,0,0,33,0,0,0,0,0,0,0,0,0,0,0,0,0,0,0,0,0,0,0,0,20,0,0,0,0,0,0,0,0,0,0,0,0,0,31,31,0,0,0,0,0,0,0,0,0,0,0,0,0,0,0,0,0,0,0,0,0,0,0,0,0,0,0,0,0,0,0,0,0,0,0,0,0,0,0,0,0,0,0,0,0,0,0,0,0,0,0,0,0,0,0,0,0,0,0,0,0,0,0,0,0,0,0,0,0,0,0,0,0,0,0,0,0,27,0,0,0,0,0,0,0,0,0,0,0,0,0,0,0,0,0,0,0,0,26,6,0,0,0,0,0,0,0,0,0,0,0,0,0,0,0,0,0,0,0,0,0,0,0,0,0,0,0,0,0,0,0,0,0,0,0,0,0,0,0,0,0,0,0,0,0,0,0,0,0,0,0,0,24,0,0,0,0,0,0,0,0,0,0,0,0,0,0,0,0,0,0,0,0,0,0,0,0,0,0,0,0,0,0,0,0,0,0,0,0,0,0,0,0,0,0,0,0,0,0,0,0,22,0,0,0,0,0,0,0,0,0,0,0,0,0,0,0,0,0,0,0,0,0,0,0,0,0,21,0,0,0,0,0,0,0,0,0,0,0,0,0,0,0,0,0,0,0,0,20,20,0,0,0,0,0,0,0,0,0,0,0,0,0,0,0,0,0,0,0,0,0,0,0,0,0,0,0,0,0,0,0,0,0,0,0,0,0,0,0,0,0,0,0,0,0,0,0,0,0,0,0,0,0,0,0,0,0,0,0,0,0,0,0,18,0,0,0,0,0,0,0,0,0,0,0,0,0,0,0,0,0,0,0,0,0,0,0,0,0,0,0,0,0,0,0,0,0,0,0,0,0,0,0,0,0,0,0,0,0,0,0,0,0,0,0,0,0,0,0,0,0,0,0,0,0,0,0,0,0,0,16,16,0,0,0,0,0,0,0,0,0,0,0,0,0,0,0,0,0,0,0,0,0,0,0,0,0,0,0,0,15,0,0,0,0,0,0,0,0,0,0,0,0,0,0,0,0,0,0,0,0,0,0,0,0,0,0,0,0,0,0,0,0,0,0,0,0,0,0,0,0,0,14,0,0,0,0,0,0,0,0,0,0,0,0,0,0,0,0,0,0,0,0,0,0,0,0,0,0,0,13,0,0,0,0,0,0,0,0,0,0,0,0,0,0,0,0,0,0,0,0,0,0,0,0,0,0,0,0,0,0,0,0,0,0,0,0,0,0,0,0,0,12,12,0,0,0,0,0,0,0,0,0,0,0,0,0,0,0,0,0,0,0,0,0,0,0,0,0,0,0,0,0,0,0,0,0,0,0,0,0,0,0,0,0,0,0,0,0,0,0,0,0,0,0,0,0,0,0,0,0,0,0,0,0,10,10,10,0,0,0,0,0,0,0,0,0,0,0,0,0,0,0,0,0,0,0,0,0,0,0,0,0,0,0,0,0,0,0,0,0,0,0,0,0,0,9,0,0,0,0,0,0,0,0,0,0,0,0,0,0,0,0,0,0,0,0,0,0,0,0,0,0,0,0,0,0,0,0,0,8,8,0,0,0,0,0,0,0,0,0,0,0,0,0,0,0,0,0,0,0,0,0,0,0,0,0,0,0,0,0,0,0,0,0,0,0,0,0,0,7,7,0,0,0,0,0,0,0,0,0,0,0,0,0,0,0,0,0,0,0,0,0,0,0,0,0,0,0,0,0,0,0,0,0,0,0,0,0,0,0,0,0,0,0,6,6,2,0,0,0,0,0,0,0,0,0,0,0,0,0,0,0,0,0,0,0,0,0,0,0,0,0,0,0,0,0,5,0,0,0,0,0,0,0,0,0,0,0,0,0,0,0,0,0,0,0,0,0,0,0,0,0,0,0,0,0,0,0,0,0,4,4,4,0,0,0,0,0,0,0,0,0,0,0,0,0,0,0,0,0,0,0,0,0,0,0,0,0,0,0,0,0,0,0,0,0,0,0,0,0,0,0,0,0,0,0,0,0,0,0,0,0,0,0,0,0,0,0,0,0,0,0,0,0,0,0,0,0,0,0,0,2,2,0,0,0,0,0,0,0,0,0,0,0,0,0,0,0
"ERR011072",0,0,0,0,0,0,0,0,0,0,0,0,0,0,0,0,0,0,0,0,0,0,0,474,0,0,0,0,0,0,0,0,0,0,0,0,0,993,537,5,0,0,0,0,0,0,0,0,0,0,0,0,0,0,0,0,0,0,0,202,0,0,0,0,0,0,0,0,0,0,0,0,0,0,142,0,0,0,0,0,0,0,759,0,0,325,0,0,0,0,0,0,0,0,0,0,0,0,0,0,0,0,0,0,0,0,12,0,0,0,56,0,0,0,0,0,0,0,0,0,0,0,0,0,0,0,0,0,0,0,0,0,137,0,0,0,0,164,0,0,0,0,0,220,0,0,0,0,0,0,0,0,0,0,0,0,0,0,0,0,0,0,0,0,0,0,0,0,0,0,0,0,0,0,0,0,0,0,0,0,0,0,0,0,0,0,0,0,0,0,0,0,0,0,0,0,0,0,0,0,0,0,0,0,0,0,0,0,0,0,0,0,0,0,0,0,0,0,0,0,0,0,0,0,0,0,0,0,0,0,0,0,0,0,0,0,245,0,0,0,0,0,0,0,0,0,0,0,0,234,0,0,0,0,0,0,0,0,0,0,0,0,0,0,0,0,0,0,0,0,0,0,0,0,0,0,0,0,0,0,0,0,0,0,0,0,0,0,0,0,0,0,0,0,0,0,0,0,0,0,0,0,0,0,0,0,0,0,0,0,0,0,0,0,0,0,0,0,0,0,0,0,0,0,0,0,0,0,0,0,0,0,0,0,0,0,0,0,0,0,124,0,0,0,0,0,0,0,0,0,0,0,0,0,0,0,0,0,0,0,0,0,0,0,0,0,0,0,162,0,0,0,0,0,0,0,0,0,0,0,0,0,0,0,0,0,0,0,0,0,0,0,0,0,0,0,0,0,0,0,0,127,0,142,0,0,0,0,0,0,0,0,0,0,0,0,0,0,0,0,0,0,0,0,0,0,0,0,0,0,0,0,0,0,0,0,0,0,0,0,0,0,0,0,0,0,0,0,0,0,0,0,0,0,0,0,0,0,0,0,0,0,0,0,0,0,0,0,0,0,0,0,0,0,0,0,0,0,0,0,0,0,0,0,0,0,0,0,0,0,0,0,0,0,0,0,0,0,0,0,0,0,0,0,0,22,0,0,0,0,0,0,0,0,0,0,0,0,0,0,0,0,0,0,0,0,0,0,0,0,0,0,0,0,0,0,0,0,0,0,0,0,0,0,0,0,0,0,0,0,0,0,0,0,0,0,0,0,0,0,0,0,0,0,0,0,0,0,0,0,0,0,0,0,0,0,0,0,0,0,52,0,0,0,0,0,0,0,0,0,0,0,0,0,0,0,0,0,0,0,0,0,0,0,0,0,0,0,0,0,0,0,0,0,0,63,0,0,0,0,0,0,0,0,0,0,0,0,84,0,0,0,0,0,0,0,0,0,0,0,0,0,0,0,0,0,0,0,0,0,0,0,0,0,0,0,0,0,0,0,0,0,0,79,0,0,0,0,0,0,0,0,0,0,0,0,0,0,0,0,0,0,0,0,0,0,0,0,0,0,0,0,0,0,0,0,0,0,0,0,0,0,0,0,0,0,0,0,0,0,0,0,0,0,0,0,0,0,0,0,0,0,0,0,0,0,0,0,0,0,0,0,0,0,0,0,0,0,0,0,0,0,0,0,0,0,0,0,0,0,0,0,0,0,0,0,0,0,0,0,0,0,0,0,0,0,0,0,0,0,0,66,0,0,0,0,0,0,0,0,0,0,0,0,0,0,0,0,0,0,0,0,0,0,0,0,0,0,0,0,0,0,0,0,0,0,0,0,0,0,0,0,0,0,0,0,0,0,0,0,0,0,0,0,0,0,0,0,0,0,0,0,0,0,0,0,0,0,0,0,0,0,0,0,9,0,0,0,0,0,0,0,0,0,0,0,0,0,0,0,0,0,0,0,0,0,0,0,0,0,0,0,0,0,0,0,0,0,0,0,0,0,0,0,0,0,0,0,0,0,0,0,0,0,0,0,0,0,0,0,0,0,0,0,0,0,0,0,0,0,0,0,0,0,0,0,0,0,0,0,0,0,0,0,0,0,0,0,0,0,0,0,0,0,0,0,0,0,0,0,0,0,0,0,0,0,0,0,50,0,0,0,0,0,0,0,0,0,0,0,0,0,0,0,0,0,0,0,0,0,0,0,0,0,0,0,0,0,0,0,0,0,0,0,0,0,0,0,0,0,0,0,0,0,0,46,46,0,0,0,0,0,0,0,0,0,0,0,0,0,0,0,0,0,0,0,0,0,0,0,0,0,0,0,0,0,44,0,0,0,0,0,0,0,0,0,0,0,0,0,0,0,0,0,0,0,0,0,0,0,0,0,0,0,0,0,14,0,0,0,0,0,0,0,0,0,0,0,0,0,0,0,0,0,0,0,0,0,0,0,0,0,0,0,0,0,0,0,0,0,0,0,0,0,0,0,0,0,0,0,0,0,0,0,0,0,0,0,0,0,0,0,0,0,0,0,0,0,0,0,0,0,0,0,0,0,0,0,0,0,38,0,0,0,0,0,0,0,0,0,0,0,0,0,0,0,0,0,0,0,0,0,37,0,0,0,0,0,0,0,0,0,0,0,0,0,0,0,0,0,0,0,0,0,0,0,0,0,0,0,0,0,0,0,0,0,0,0,0,0,0,0,0,0,0,0,0,0,0,0,0,0,0,0,0,0,0,0,34,34,0,0,0,0,0,0,0,0,0,0,0,0,0,0,0,0,0,0,0,0,0,0,0,0,0,0,0,0,0,0,0,0,0,0,0,0,0,0,0,0,0,0,0,0,0,0,0,0,0,0,0,0,0,0,0,0,0,0,0,0,0,0,0,0,0,0,0,0,0,0,0,0,0,0,0,0,0,0,0,0,0,0,0,0,0,0,0,0,0,0,0,0,0,0,0,0,0,0,0,0,0,0,0,0,0,0,0,0,0,0,0,0,0,0,0,0,0,0,0,0,0,0,0,0,0,0,0,0,0,0,0,0,0,0,0,0,0,0,0,0,0,0,0,0,0,0,0,0,0,0,0,0,0,0,0,0,0,0,0,0,0,0,0,0,26,0,0,0,0,0,0,0,0,0,0,0,0,0,0,0,0,0,0,0,0,0,0,0,0,0,0,0,0,0,0,0,0,0,0,0,0,0,0,0,0,0,0,0,0,0,0,0,0,0,0,0,0,0,0,0,0,0,0,0,0,0,0,0,0,0,0,0,0,0,0,0,0,0,0,0,0,0,0,0,0,0,0,0,0,0,0,0,0,0,0,0,0,0,0,0,0,0,0,0,0,0,0,0,0,0,0,0,0,0,0,0,0,0,0,0,0,0,0,0,0,0,0,0,0,0,0,0,21,0,0,0,0,0,0,0,0,0,0,0,0,0,0,0,0,0,0,0,0,0,20,20,0,0,0,0,0,0,0,0,0,0,0,0,0,0,0,0,0,0,0,0,0,0,0,0,0,0,0,19,0,0,0,0,0,0,0,0,0,0,0,0,0,0,0,0,0,0,0,0,0,0,0,0,0,0,0,0,0,0,0,0,0,0,18,0,0,0,0,0,0,0,0,0,0,0,0,0,0,0,0,0,0,0,0,0,0,0,0,0,0,0,0,17,0,0,0,0,0,0,0,0,0,0,0,0,0,0,0,0,0,0,0,0,0,0,0,0,0,0,0,0,0,0,0,0,0,0,0,0,0,0,0,0,0,0,0,0,0,0,0,0,0,0,0,0,0,0,0,0,0,0,0,0,0,0,0,0,0,0,0,15,0,0,0,0,0,0,0,0,0,0,0,0,0,0,0,0,0,0,0,0,0,0,0,0,0,0,0,0,0,0,0,0,0,0,0,0,0,0,0,0,0,0,0,0,0,0,0,0,0,0,0,0,0,0,0,0,0,0,0,0,0,0,0,0,0,0,0,0,0,0,0,0,0,0,0,0,0,0,0,0,0,0,0,0,0,0,0,0,0,0,0,0,0,0,0,0,0,0,0,0,0,0,0,0,0,0,0,0,0,0,0,0,12,0,0,0,0,0,0,0,0,0,0,0,0,0,0,0,0,0,0,0,0,0,0,0,0,0,0,0,0,0,0,11,0,0,0,0,0,0,0,0,0,0,0,0,0,0,0,0,0,0,0,0,0,0,0,0,0,0,0,0,0,0,0,0,0,0,0,0,0,0,0,0,0,0,0,0,0,0,0,0,0,0,0,0,0,0,0,0,0,0,0,0,0,0,0,0,0,0,0,0,0,0,0,9,0,0,0,0,0,0,0,0,0,0,0,0,0,0,0,0,0,0,0,0,0,0,0,0,0,0,0,0,0,0,0,0,0,0,8,0,0,0,0,0,0,0,0,0,0,0,0,0,0,0,0,0,0,0,0,0,0,0,0,0,0,0,0,0,0,0,0,0,0,0,0,0,0,0,0,0,0,0,0,0,0,0,0,0,0,0,0,0,0,0,0,0,0,0,0,0,0,0,0,0,0,0,0,0,0,0,0,0,0,0,0,0,0,0,0,0,0,0,0,0,0,0,0,0,0,0,0,0,0,0,0,0,0,0,0,0,0,0,0,0,0,0,0,0,0,0,0,0,0,0,5,0,0,0,0,0,0,0,0,0,0,0,0,0,0,0,0,0,0,0,0,0,0,0,0,0,0,0,0,0,0,0,0,0,0,0,4,4,0,0,0,0,0,0,0,0,0,0,0,0,0,0,0,0,0,0,0,0,0,0,0,0,0,0,0,0,0,0,0,0,0,0,0,0,0,0,0,0,0,0,0,0,0,0,0,0,0,0,0,0,0,0,0,0,0,0,0,0,0,0,0,0,0,0,0,0,2,0,0,0,0,0,0,0,0,0,0,0,0,0,0
"ERR011073",0,0,0,0,0,0,0,297,0,0,0,248,0,0,0,0,0,0,0,0,0,57,84,0,0,92,81,0,0,0,0,0,51,0,0,0,0,0,0,0,0,75,0,44,383,0,0,0,0,0,0,0,230,0,313,0,192,0,0,0,0,56,0,0,0,0,0,0,71,232,115,129,0,0,0,0,0,0,0,0,0,173,0,79,0,0,0,0,0,0,0,0,0,0,0,0,270,0,0,0,0,0,78,0,0,241,0,0,0,75,0,0,0,0,0,0,333,0,0,0,0,0,0,0,0,53,0,0,0,0,0,0,0,0,0,0,0,0,0,197,0,0,0,0,0,0,0,0,0,0,0,0,0,52,0,0,0,0,0,0,114,0,0,0,0,0,0,0,246,0,0,0,0,0,0,51,0,0,218,0,227,0,0,0,0,0,0,0,0,86,0,0,304,0,0,0,0,0,0,0,0,0,0,0,0,0,0,0,0,0,0,0,0,0,0,0,0,37,0,0,0,0,0,260,0,0,76,0,0,0,0,127,0,0,0,119,0,0,0,0,0,0,0,0,0,0,0,0,77,0,0,232,0,0,0,0,91,0,183,0,0,0,0,0,0,0,0,0,128,0,0,0,0,0,0,0,0,0,0,0,0,0,0,0,0,0,0,0,0,0,0,107,0,0,44,0,0,0,0,198,0,0,0,0,0,0,0,0,36,0,0,0,0,0,0,0,0,0,0,0,0,112,0,0,0,0,0,32,0,0,57,0,0,0,0,0,0,0,0,0,0,0,0,0,0,78,61,0,0,0,0,0,0,0,0,0,0,0,71,0,0,0,0,0,0,0,0,0,0,0,0,0,0,0,0,0,155,0,0,0,0,0,0,13,0,41,0,0,0,0,0,0,0,0,0,0,0,0,74,0,0,0,0,0,0,0,0,0,0,0,0,0,95,0,0,0,0,0,0,0,0,0,0,0,0,0,92,0,0,0,0,0,0,0,0,0,0,0,0,0,0,0,0,0,0,0,0,0,0,0,0,0,0,0,0,0,0,0,122,0,0,0,0,0,120,0,0,0,0,0,0,0,0,0,0,0,28,0,0,0,0,115,0,0,0,0,81,0,35,0,0,0,0,0,111,0,0,0,0,0,0,0,0,0,0,0,0,0,108,0,0,0,0,0,0,0,0,10,63,0,0,22,0,0,0,0,0,0,103,0,0,0,0,0,0,0,0,0,0,0,0,99,99,0,0,0,0,0,0,0,39,98,98,0,0,97,0,0,0,0,0,0,0,0,0,0,82,0,0,0,0,0,0,0,0,0,0,0,0,0,0,0,0,0,0,0,0,0,0,0,0,0,0,44,0,0,0,0,0,0,88,0,0,0,0,0,0,0,0,0,0,0,0,0,0,0,0,0,0,0,0,0,0,0,0,0,29,23,0,0,0,0,0,0,0,0,0,0,29,0,0,0,0,0,0,35,0,0,0,0,0,0,0,0,0,0,60,0,0,0,0,0,0,0,0,0,0,0,0,0,0,0,0,0,0,0,77,0,0,0,0,0,0,0,0,0,15,35,0,0,0,0,0,0,0,40,75,0,0,0,0,0,35,0,0,0,0,0,0,0,0,0,0,0,0,0,0,0,0,0,71,0,0,0,0,0,0,0,0,0,0,0,0,0,69,69,0,0,0,0,0,0,0,0,0,0,0,0,0,0,0,0,0,0,0,0,0,0,0,0,0,0,0,67,0,0,0,0,0,0,0,0,0,0,0,0,0,0,0,0,0,0,0,65,0,0,0,0,0,0,0,0,0,64,0,0,0,0,0,0,0,0,0,0,52,63,0,0,0,0,0,0,0,0,0,0,0,0,0,0,0,0,0,0,0,0,19,0,0,0,0,0,0,0,0,0,0,0,0,45,60,0,0,0,0,37,0,0,0,0,7,0,0,0,0,0,0,0,0,0,0,57,0,0,0,0,0,0,0,0,0,56,56,0,0,0,0,0,0,0,0,0,0,0,0,0,55,0,0,0,0,0,0,0,18,0,0,54,0,0,0,0,0,0,0,0,0,0,0,0,0,0,0,53,0,0,0,0,0,0,0,0,0,0,0,25,52,52,0,0,0,0,0,0,0,0,0,0,0,0,0,0,0,0,0,0,0,0,0,50,50,0,0,0,0,0,0,0,0,0,0,0,0,0,0,49,0,0,0,0,0,0,0,0,0,0,0,0,0,0,0,0,0,0,0,0,0,0,0,0,0,0,0,0,0,0,0,0,0,0,0,0,0,0,0,0,0,0,0,0,0,0,45,0,0,0,0,0,0,0,0,0,0,0,0,0,0,44,0,0,0,0,0,0,0,0,0,0,0,0,0,0,0,0,0,0,0,0,0,0,0,0,0,0,0,0,0,0,0,0,0,0,0,0,42,0,0,0,0,0,0,0,0,0,0,0,0,23,0,0,0,0,0,0,0,0,0,0,0,0,0,0,0,0,0,0,0,0,0,40,0,0,0,0,0,0,0,0,0,0,0,0,39,0,0,0,0,0,0,0,0,0,0,0,0,0,0,0,0,0,0,38,38,0,0,0,0,0,0,0,0,0,0,0,0,0,0,0,0,0,0,0,0,0,0,0,0,0,0,0,0,0,0,0,0,0,0,0,0,0,0,0,36,36,0,0,0,0,0,0,0,0,0,0,0,35,0,0,0,0,0,0,0,0,0,0,0,0,0,0,0,0,0,0,0,0,0,0,0,0,0,0,0,0,0,0,0,0,0,0,0,0,0,0,0,0,0,0,0,0,0,0,0,0,0,0,0,0,33,33,0,0,0,0,0,0,0,0,0,0,0,0,0,0,0,0,0,0,12,0,0,0,0,0,0,0,0,0,0,0,0,0,0,0,0,0,0,0,0,0,0,0,0,0,0,0,0,0,0,0,0,0,30,0,0,0,0,0,0,0,0,0,0,0,0,0,0,0,0,0,0,0,0,0,0,0,0,0,0,0,0,0,0,0,0,0,0,0,0,0,0,0,0,0,0,0,0,0,0,0,0,0,0,0,0,0,0,0,0,0,0,0,27,27,0,0,0,0,0,0,0,0,0,0,0,0,0,0,0,0,0,0,0,20,0,26,26,0,0,0,0,0,0,0,0,0,0,0,0,0,0,0,0,25,0,0,0,0,0,0,0,0,0,0,0,0,0,0,0,0,0,0,0,0,0,0,0,0,0,0,0,0,0,0,0,16,0,24,24,0,0,0,0,0,0,0,0,0,0,0,0,0,0,0,0,0,0,0,0,23,23,23,23,0,0,0,0,0,0,0,0,0,0,0,0,0,0,0,0,0,0,0,0,0,0,0,22,22,22,0,0,0,0,0,0,0,0,0,0,0,0,0,0,0,0,0,0,0,0,0,0,0,0,21,0,0,0,0,0,0,0,0,0,0,0,0,0,0,0,0,0,0,0,0,0,0,20,20,3,0,0,0,0,0,0,0,0,0,0,0,0,0,0,0,0,0,0,0,0,0,0,0,0,0,19,19,19,19,0,0,0,0,0,0,0,0,0,0,0,0,0,0,0,0,0,0,0,0,0,0,0,0,0,0,0,0,0,0,0,18,0,0,0,0,0,0,0,0,0,0,0,0,0,0,0,0,0,0,0,0,0,0,0,0,0,0,11,0,17,17,17,0,0,0,0,0,0,0,0,0,0,0,0,0,0,0,0,0,0,0,0,0,0,0,0,0,0,0,0,0,0,0,0,0,0,0,0,0,0,0,0,0,0,0,0,0,0,0,0,0,0,0,0,0,0,0,0,0,0,0,0,0,0,0,0,0,15,15,15,15,0,0,0,0,0,0,0,0,0,0,0,0,0,0,0,0,0,0,0,0,0,0,0,0,0,0,0,0,0,0,0,0,0,0,0,0,0,14,0,0,0,0,0,0,0,0,0,0,0,0,0,0,0,0,0,0,0,0,0,0,0,0,0,0,0,13,13,13,13,13,0,0,0,0,0,0,0,0,0,0,0,0,0,0,0,0,0,0,0,0,0,0,0,0,0,0,0,0,0,0,0,0,0,0,0,0,0,0,0,12,0,0,0,0,0,0,0,0,0,0,0,0,0,0,0,0,0,0,0,0,0,0,0,0,0,0,0,4,0,0,11,11,11,11,0,0,0,0,0,0,0,0,0,0,0,0,0,0,0,0,0,0,0,0,0,0,0,0,0,0,0,0,10,10,10,10,0,0,0,0,0,0,0,0,0,0,0,0,0,0,0,0,0,0,0,0,0,0,0,0,0,0,0,0,0,0,0,0,0,0,0,0,9,9,9,9,0,0,0,0,0,0,0,0,0,0,0,0,0,0,0,0,0,0,0,0,0,0,0,0,0,0,0,0,0,0,0,0,0,0,0,0,0,0,0,0,0,0,0,0,0,0,0,0,0,0,0,0,0,0,0,0,0,0,0,0,0,0,0,0,0,0,0,0,0,0,7,7,7,7,7,7,0,0,0,0,0,0,0,0,0,0,0,0,0,0,0,0,0,0,0,0,0,0,0,0,0,0,0,0,0,0,0,0,0,0,0,0,0,0,0,4,0,0,0,0,0,0,0,0,0,0,0,0,0,0,0,0,0,0,0,0,0,0,0,0,0,0,0,0,0,0,0,5,5,0,0,0,0,0,0,0,0,0,0,0,0,0,0,0,0,0,0,0,0,0,0,0,0,0,0,0,0,0,0,0,0,0,0,0,4,0,0,0,0,0,0,0,0,0,0,0,0,0,0,0,0,0,0,0,0,0,0,0,0,0,0,0,0,0,0,0,3,3,0,0,0,0,0,0,0,0,0,0,0,0,0,0,0,0,0,0,0,0,0,0,0,0,0,0,0,0,0,0,0,0,0,0,0,0,0,0,0,0,0,0,0,0,0,0,0,0,0
"ERR011074",0,0,0,0,0,0,0,226,0,0,0,229,0,0,0,0,0,0,0,0,0,178,211,0,0,101,0,0,0,1461,0,0,54,0,0,0,0,0,0,0,0,616,0,50,241,0,0,1152,1110,0,0,0,100,0,259,0,83,0,0,0,460,933,0,0,0,0,0,0,46,0,0,24,0,0,0,0,0,0,0,0,0,0,0,0,0,0,0,0,0,0,0,0,0,0,0,0,0,0,0,0,0,0,80,0,0,0,0,0,0,0,0,0,0,0,0,0,0,0,0,0,0,0,0,0,0,25,0,0,0,0,0,0,0,0,0,0,0,0,0,0,0,0,0,0,0,209,276,0,0,0,0,0,0,0,376,0,0,0,0,0,0,0,0,0,15,0,0,174,0,0,0,0,0,0,0,0,0,0,0,0,0,0,0,0,0,0,0,314,0,105,0,0,0,115,272,0,0,135,0,0,0,0,153,0,0,0,0,0,180,0,0,0,0,0,0,0,0,0,0,0,194,0,0,0,0,0,0,0,0,0,0,0,0,0,0,0,0,0,0,0,0,0,0,0,0,172,0,0,97,0,0,0,0,0,0,0,43,0,0,0,0,0,0,0,0,0,0,0,0,0,0,215,0,0,0,0,0,0,0,122,125,0,0,0,0,0,0,0,0,0,0,0,0,0,0,0,0,0,0,0,0,0,0,0,0,0,0,0,0,0,0,0,0,0,0,0,0,0,0,0,0,14,0,0,0,0,0,0,0,0,0,0,56,0,0,60,177,0,0,0,0,0,0,0,0,0,0,0,0,55,0,0,127,0,0,0,74,0,0,0,0,166,0,0,164,0,95,163,0,0,0,0,0,0,0,0,0,0,0,0,0,0,0,0,0,109,0,0,0,0,0,0,132,0,0,0,0,0,0,0,0,0,0,0,0,0,0,0,0,0,139,0,0,0,0,0,0,0,75,47,135,0,0,0,0,0,0,0,0,0,0,130,0,0,0,129,0,0,0,0,0,0,0,0,0,0,0,0,0,0,0,58,0,0,0,0,0,45,0,0,0,0,0,0,0,0,0,0,0,0,0,0,0,0,0,0,0,0,0,0,0,0,115,115,0,0,0,0,0,0,0,0,0,38,0,0,0,110,0,0,0,0,0,0,0,0,0,0,0,0,0,0,0,0,0,0,0,0,0,0,0,0,0,0,0,0,0,0,0,0,0,0,0,0,0,0,0,0,0,0,0,0,0,0,0,0,0,0,0,0,0,0,0,0,0,0,0,0,0,0,0,0,0,0,0,0,0,96,0,0,0,0,0,0,0,0,0,0,0,0,0,0,0,0,0,0,0,0,0,0,0,0,0,46,0,0,0,0,0,0,0,88,0,0,0,0,0,0,0,0,0,61,47,0,0,0,0,38,0,0,0,0,0,0,0,0,0,0,0,0,0,0,0,0,0,0,48,0,0,0,0,0,0,0,0,0,81,0,0,0,0,0,0,0,0,0,0,0,0,0,0,0,0,0,0,0,0,0,0,0,0,0,0,0,0,0,0,0,0,0,0,0,0,0,0,0,8,0,44,0,0,0,0,0,0,0,0,0,0,0,0,0,0,74,0,0,0,0,0,0,0,0,0,0,0,0,0,0,0,0,0,0,0,0,0,0,0,0,0,0,0,0,0,0,0,0,69,0,0,0,0,0,0,0,0,0,0,0,0,0,0,0,0,0,0,0,0,0,0,0,0,0,0,0,0,0,0,0,0,0,0,0,0,0,0,0,0,0,0,0,0,0,0,0,0,0,0,0,0,0,0,0,0,0,0,0,0,0,0,0,0,0,0,0,11,0,63,0,0,0,0,0,0,0,19,29,0,0,0,0,0,0,0,0,0,0,0,61,0,0,0,0,0,0,0,0,0,0,0,0,0,0,0,0,0,0,0,0,0,41,51,0,0,0,0,0,0,0,0,0,0,0,57,0,0,0,0,0,0,0,0,0,0,0,0,0,0,0,0,0,0,0,0,0,34,0,0,0,0,0,0,0,0,0,0,0,0,0,54,0,0,0,0,0,0,0,0,0,0,0,0,0,0,0,53,0,0,0,0,0,0,0,0,0,0,0,0,0,0,0,0,0,0,0,0,0,0,0,0,0,0,0,0,0,0,0,0,0,0,0,0,0,0,0,0,0,0,0,0,0,0,0,0,0,0,0,0,0,0,0,0,0,0,0,0,0,0,48,48,48,0,0,0,0,0,0,0,0,0,0,0,0,0,0,0,0,0,46,0,0,0,0,0,0,0,0,0,0,0,0,0,0,0,45,0,0,0,0,0,0,0,0,0,0,0,0,0,0,44,0,0,0,0,0,0,0,0,0,0,0,0,0,0,0,43,43,0,0,0,0,0,0,0,0,0,0,0,0,0,0,0,0,0,0,0,0,0,0,0,0,0,0,0,0,0,0,0,0,0,41,0,0,0,0,0,0,0,0,0,0,0,0,0,0,0,0,0,0,0,0,0,0,0,0,0,0,0,0,0,0,0,0,0,39,0,0,0,0,0,0,0,0,0,0,0,0,0,0,0,0,0,0,0,0,0,0,0,0,0,0,0,0,0,0,0,0,0,0,0,0,0,0,0,37,37,0,0,0,0,0,0,0,0,0,0,0,0,0,0,0,0,0,0,0,0,0,0,0,0,0,0,0,0,0,0,0,0,0,0,0,0,0,0,0,0,0,0,0,0,0,0,0,0,0,0,0,0,13,0,0,34,34,0,0,0,0,0,0,0,0,0,0,0,0,0,0,0,0,0,0,0,0,0,0,0,0,0,0,0,0,33,0,0,0,0,0,0,0,0,0,0,0,0,0,0,0,0,0,0,0,0,0,0,0,0,0,0,0,0,0,0,0,0,0,0,0,0,0,0,0,0,0,0,0,0,0,0,0,0,0,0,0,0,30,0,0,0,0,0,0,0,0,0,0,0,0,0,0,0,0,0,0,0,0,0,29,0,0,0,0,0,0,0,0,0,0,0,0,0,0,0,0,0,0,0,0,0,0,0,28,0,0,0,0,0,0,0,0,0,0,0,0,0,0,0,0,0,0,0,0,0,0,0,0,0,0,0,0,0,0,0,0,0,0,0,0,0,0,0,0,0,0,0,0,0,0,0,0,0,0,0,0,0,0,25,0,0,0,0,0,0,0,0,0,0,0,0,0,0,0,0,0,0,0,0,0,0,0,0,0,0,0,0,0,0,0,0,0,0,24,24,0,0,0,0,0,0,0,0,0,0,0,0,0,0,0,0,0,0,0,0,0,0,0,0,0,0,0,0,0,0,0,0,0,0,0,0,0,0,0,0,0,0,0,0,0,0,0,0,22,0,0,0,0,0,0,0,0,0,0,0,0,0,0,0,0,0,0,0,0,0,0,0,0,21,0,0,0,0,0,0,0,0,0,0,0,0,0,0,0,0,0,0,0,0,0,0,0,17,20,20,0,0,0,0,0,0,0,0,0,0,0,0,0,0,0,0,0,0,0,0,0,0,0,0,0,0,0,19,0,0,0,0,0,0,0,0,0,0,0,0,0,0,0,0,0,0,0,0,0,0,0,0,0,0,0,0,0,0,0,18,18,18,0,0,0,0,0,0,0,0,0,0,0,0,0,0,0,0,0,0,0,0,0,0,0,0,0,0,0,0,17,17,17,0,0,0,0,0,0,0,0,0,0,0,0,0,0,0,0,0,0,0,0,0,0,0,0,0,0,0,0,0,0,0,0,16,0,0,0,0,0,0,0,0,0,0,0,0,0,0,0,0,0,0,0,0,0,0,0,0,0,0,0,0,0,0,0,0,0,15,15,15,15,0,0,0,0,0,0,0,0,0,0,0,0,0,0,0,0,0,0,0,0,0,0,0,0,0,0,0,0,0,0,0,0,0,0,14,14,14,14,0,0,0,0,0,0,0,0,0,0,0,0,0,0,0,0,0,0,0,0,0,0,0,0,0,0,0,0,13,13,13,13,0,0,0,0,0,0,0,0,0,0,0,0,0,0,0,0,0,0,0,0,0,0,0,0,0,0,0,0,0,0,0,0,0,0,0,0,12,0,0,0,0,0,0,0,0,0,0,0,0,0,0,0,0,0,0,0,0,0,0,0,0,0,0,0,0,0,0,0,0,0,11,0,0,0,0,0,0,0,0,0,0,0,0,0,0,0,0,0,0,0,0,0,0,0,0,0,0,0,0,0,0,0,0,0,0,0,0,0,0,0,0,0,0,0,0,0,0,0,0,0,0,0,0,0,0,0,0,0,0,0,0,0,0,0,0,0,0,0,0,0,0,0,9,9,0,0,0,0,0,0,0,0,0,0,0,0,0,0,0,0,0,0,0,0,0,0,0,0,0,0,0,0,0,8,8,8,8,0,0,0,0,0,0,0,0,0,0,0,0,0,0,0,0,0,0,0,0,0,0,0,0,0,0,0,0,0,0,0,0,0,0,0,0,0,0,0,0,0,7,7,7,7,7,0,0,0,0,0,0,0,0,0,0,0,0,0,0,0,0,0,0,0,0,0,0,0,0,0,0,0,0,0,0,0,0,0,0,0,6,6,0,0,0,0,0,0,0,0,0,0,0,0,0,0,0,0,0,0,0,0,0,0,0,0,0,0,0,0,0,0,0,5,5,0,0,0,0,0,0,0,0,0,0,0,0,0,0,0,0,0,0,0,0,0,0,0,0,0,0,0,0,0,0,0,0,0,0,4,0,0,0,0,0,0,0,0,0,0,0,0,0,0,0,0,0,0,0,0,0,0,0,0,0,0,0,0,0,0,0,0,3,3,0,0,0,0,0,0,0,0,0,0,0,0,0,0,0,0,0,0,0,0,0,0,0,0,0,0,0,0,0,0,0,0,0,2,0,0,0,0,0,0,0,0,0,0,0,0,0
"ERR011075",0,0,0,0,0,0,0,0,0,0,0,0,0,0,0,0,594,0,0,0,0,0,0,58,0,0,0,460,271,0,290,0,0,0,0,0,0,32,0,0,0,0,0,0,0,0,0,0,0,0,0,0,0,0,0,0,0,0,0,51,0,0,0,0,0,0,0,0,0,0,0,0,0,0,49,0,0,0,0,0,0,0,0,0,0,0,0,0,0,0,85,0,167,0,0,0,0,0,0,0,0,0,0,93,0,0,0,0,0,0,97,0,183,0,202,0,0,0,0,0,0,0,0,0,0,0,55,0,0,89,0,0,0,0,0,0,70,0,0,0,183,0,0,0,0,0,0,130,0,0,104,50,0,0,0,0,0,16,0,0,0,0,0,0,0,0,0,0,0,0,0,0,0,0,0,0,50,0,0,0,0,0,0,0,66,0,0,0,0,0,0,0,0,0,0,75,0,0,59,0,0,0,0,107,0,0,0,0,0,0,0,0,0,0,0,0,134,0,0,0,0,0,0,0,0,0,0,0,0,0,0,0,0,0,0,0,0,0,0,0,55,0,0,0,0,0,0,0,0,0,0,0,52,0,0,0,0,0,0,0,0,0,38,0,0,0,0,0,0,0,0,0,0,0,0,0,0,0,0,0,0,0,42,0,0,48,0,0,0,0,0,0,0,0,0,0,0,0,0,0,0,0,0,0,0,0,0,0,0,0,0,0,0,0,0,0,0,0,0,0,0,0,0,0,0,0,0,0,0,0,0,0,0,0,0,0,0,0,0,0,0,0,0,0,0,0,0,0,0,0,0,0,0,0,0,0,0,0,0,0,0,0,0,0,0,0,0,0,0,0,0,0,0,0,0,0,0,0,0,0,0,0,0,0,0,0,24,0,0,0,0,0,0,31,0,0,0,0,0,0,0,0,0,0,0,0,0,0,0,0,0,0,0,0,0,0,0,0,0,0,0,0,0,0,0,0,0,0,0,0,0,0,0,0,0,0,29,0,0,0,0,0,0,0,0,0,0,0,0,0,0,0,0,0,0,0,0,0,0,0,0,0,0,0,0,0,0,0,0,0,0,0,0,0,0,0,0,84,0,0,0,0,0,0,0,0,0,0,0,0,0,0,0,0,0,0,0,0,0,0,0,0,0,0,0,0,0,0,0,0,0,0,0,23,0,0,0,0,0,0,0,0,0,0,0,0,0,0,0,0,0,0,0,0,36,0,0,0,101,0,0,0,0,99,0,0,0,0,0,0,0,0,0,0,0,0,97,0,0,0,0,0,0,0,0,0,0,0,0,0,0,0,0,12,0,0,0,0,0,0,0,0,0,0,0,0,0,0,0,0,0,0,0,0,0,0,0,0,0,0,0,0,88,0,0,0,0,0,0,0,0,0,0,0,0,0,0,0,86,0,0,0,0,0,0,0,0,0,0,0,0,0,0,0,0,0,0,0,0,0,0,0,0,0,0,0,0,0,0,0,0,0,0,0,0,0,0,0,0,0,0,0,0,0,0,0,0,0,0,0,0,0,0,0,0,0,0,50,0,0,0,0,0,0,0,0,0,0,0,76,0,0,0,0,0,0,0,75,0,0,0,0,0,0,0,0,0,0,0,0,0,0,0,0,0,0,0,0,0,0,0,0,0,0,0,0,0,0,0,0,0,0,0,0,0,0,0,0,0,0,0,0,0,0,0,0,0,0,0,0,0,0,0,0,0,0,0,0,0,0,0,0,0,0,0,0,0,0,0,0,0,0,0,0,0,0,0,0,0,0,0,0,0,0,0,0,0,0,0,0,0,0,0,0,0,0,0,0,0,0,0,0,0,0,0,0,0,0,0,0,0,0,0,0,0,0,0,0,0,0,0,0,0,0,0,0,0,0,0,0,0,0,0,0,0,0,0,0,0,0,0,0,0,0,0,0,0,0,0,0,0,0,0,0,0,0,0,0,0,0,0,0,0,57,13,0,0,0,0,0,0,0,0,0,0,0,0,0,0,0,0,0,0,0,0,0,0,0,0,0,0,0,0,0,0,0,0,0,0,0,0,0,0,0,0,0,0,0,0,0,0,0,0,0,0,53,0,0,0,0,0,0,0,0,0,0,0,0,0,0,0,0,0,0,0,0,0,0,0,0,0,0,0,0,0,0,0,0,0,0,0,0,0,0,0,0,0,0,0,0,0,0,0,0,0,0,0,0,0,0,0,0,0,0,0,0,0,0,0,0,0,0,0,0,0,0,0,0,0,0,0,0,0,0,0,0,0,0,46,0,0,0,0,0,0,0,0,0,0,0,0,0,0,0,0,0,0,0,0,0,0,0,0,0,0,0,0,0,0,0,0,0,0,0,0,0,0,0,0,0,0,0,0,0,0,0,43,34,43,0,0,0,0,0,0,0,0,0,0,0,0,0,0,0,0,25,11,0,0,0,0,0,0,0,0,0,0,0,0,0,0,0,0,0,0,0,0,0,0,0,0,0,0,0,0,0,0,0,0,0,40,0,0,0,0,0,0,0,0,0,0,0,0,0,29,0,0,0,0,0,0,0,0,0,0,0,0,0,0,0,0,0,0,16,38,0,0,0,0,0,0,0,0,0,0,0,0,0,0,0,0,0,0,0,0,37,37,0,0,0,0,0,0,0,0,0,0,0,0,0,0,0,0,0,36,0,0,0,0,0,0,0,0,0,0,0,35,35,0,0,0,0,0,0,0,0,0,0,0,0,0,0,0,0,0,0,0,0,0,0,0,0,22,34,34,0,0,0,0,0,0,0,0,0,0,0,0,0,0,0,0,0,0,0,0,0,0,0,0,0,0,25,0,0,0,0,0,0,0,0,0,0,0,0,0,0,0,0,0,32,32,32,32,0,0,0,0,0,0,0,0,0,0,0,31,0,0,0,0,0,0,0,0,0,0,0,0,0,0,0,0,0,0,0,30,30,30,0,0,0,0,0,0,0,0,0,0,0,0,0,0,0,0,0,0,0,17,0,0,0,0,0,0,0,0,0,0,0,0,0,0,0,0,0,0,0,0,0,0,0,28,28,0,0,0,0,0,0,0,0,0,0,0,0,27,27,0,0,0,0,0,0,0,0,0,0,0,0,0,0,0,0,0,0,0,0,0,9,0,0,0,0,0,0,0,0,0,0,0,0,0,0,0,0,0,25,25,25,0,0,0,0,0,0,0,0,0,0,0,0,0,0,0,0,0,0,0,0,0,0,0,0,0,0,0,0,0,0,0,0,0,24,24,0,0,0,0,0,0,0,0,0,0,0,0,0,0,0,0,0,0,0,0,0,0,0,0,0,0,0,0,0,0,0,0,0,0,0,0,0,0,0,0,0,0,0,0,0,0,0,22,22,22,11,0,0,0,0,0,0,0,0,0,0,0,0,0,0,0,0,0,0,0,0,0,21,0,0,0,0,0,0,0,0,0,0,0,0,0,0,0,0,0,0,0,0,0,0,0,0,0,20,0,0,0,0,0,0,0,0,0,0,0,0,0,0,0,0,0,0,0,0,0,0,0,0,0,0,0,19,19,0,0,0,0,0,0,0,0,0,0,0,0,0,0,0,0,0,0,0,0,0,0,0,0,0,0,0,0,0,0,0,0,18,18,18,18,18,0,0,0,0,0,0,0,0,0,0,0,0,0,0,0,0,0,0,0,0,0,0,0,0,0,0,17,17,17,17,17,0,0,0,0,0,0,0,0,0,0,0,0,0,0,0,0,0,0,0,0,0,0,0,0,0,0,0,0,16,8,16,16,0,0,0,0,0,0,0,0,0,0,0,0,0,0,0,0,0,0,0,0,0,0,0,0,0,0,0,0,0,0,0,0,0,9,0,0,0,0,0,0,0,0,0,0,0,0,0,0,0,0,0,0,0,0,0,0,0,0,0,0,0,0,0,0,0,0,0,0,0,0,0,14,0,0,0,0,0,0,0,0,0,0,0,0,0,0,0,0,0,0,0,0,0,0,0,0,0,0,0,0,0,0,0,13,13,13,0,0,0,0,0,0,0,0,0,0,0,0,0,0,0,0,0,0,0,0,0,0,0,0,0,0,0,0,0,0,0,0,0,0,12,0,0,0,0,0,0,0,0,0,0,0,0,0,0,0,0,0,0,0,0,0,0,0,0,0,0,0,0,0,0,0,0,0,11,11,11,0,0,0,0,0,0,0,0,0,0,0,0,0,0,0,0,0,0,0,0,0,0,0,0,0,0,0,0,10,10,0,0,0,0,0,0,0,0,0,0,0,0,0,0,0,0,0,0,0,0,0,0,0,0,0,0,0,0,0,0,0,0,0,0,0,0,0,0,0,0,9,9,0,0,0,0,0,0,0,0,0,0,0,0,0,0,0,0,0,0,0,0,0,0,0,0,0,0,0,0,0,0,0,8,0,0,0,0,0,0,0,0,0,0,0,0,0,0,0,0,0,0,0,0,0,0,0,0,0,0,0,0,0,0,0,0,0,0,0,0,0,0,0,0,0,0,0,0,0,7,7,7,0,0,0,0,0,0,0,0,0,0,0,0,0,0,0,0,0,0,0,0,0,0,0,0,0,0,0,0,0,0,0,0,0,0,6,6,0,0,0,0,0,0,0,0,0,0,0,0,0,0,0,0,0,0,0,0,0,0,0,0,0,0,0,0,0,0,0,5,5,5,5,5,0,0,0,0,0,0,0,0,0,0,0,0,0,0,0,0,0,0,0,0,0,0,0,0,0,0,0,0,0,0,4,0,0,0,0,0,0,0,0,0,0,0,0,0,0,0,0,0,0,0,0,0,0,0,0,0,0,0,0,0,0,0,0,0,3,3,0,0,0,0,0,0,0,0,0,0,0,0,0,0,0,0,0,0,0,0,0,0,0,0,0,0,0,0,0,0,0,0,2,2,2,0,0,0,0,0,0,0,0,0,0
"ERR011076",0,0,0,1839,1631,0,0,0,0,0,0,0,0,0,0,0,0,0,0,0,0,0,0,0,0,0,0,0,0,0,0,0,0,0,0,338,0,0,0,0,0,0,0,0,0,0,0,0,0,0,0,0,0,261,0,0,0,0,971,0,0,0,0,261,0,0,0,0,0,0,0,0,0,0,0,215,0,0,783,0,0,0,0,0,0,0,0,0,0,0,0,0,0,0,0,0,0,0,0,0,0,0,0,0,0,0,0,0,0,0,0,0,0,0,0,0,0,0,0,0,0,0,0,0,0,0,0,0,0,0,0,0,0,0,0,0,0,0,0,0,0,0,0,0,0,0,0,0,0,0,0,0,0,0,0,0,0,0,0,0,0,0,0,0,0,0,170,0,0,0,0,0,0,0,0,0,0,0,0,0,0,0,0,0,0,0,40,0,0,0,0,0,0,0,0,0,0,0,0,296,0,0,0,0,0,0,0,0,0,0,0,193,0,0,0,0,0,0,0,0,0,0,0,0,258,0,0,0,0,0,0,0,0,0,0,0,0,0,0,0,0,60,0,0,0,0,0,0,0,0,0,0,0,0,0,0,0,0,0,0,0,0,0,0,220,0,0,0,0,0,0,0,215,0,0,0,0,0,0,0,0,0,0,0,0,0,0,0,0,0,0,0,0,0,0,0,0,0,0,0,0,0,0,0,0,0,0,0,0,0,0,0,0,0,0,0,0,0,0,0,0,0,0,0,0,97,0,0,0,93,0,0,0,0,0,0,0,0,0,0,0,0,0,0,121,0,0,0,0,0,0,0,0,0,0,0,0,0,0,0,0,0,0,0,0,0,0,0,0,0,0,0,0,0,0,86,0,0,0,0,0,0,0,0,0,0,0,0,0,0,0,0,0,0,145,0,0,0,0,0,0,0,0,0,0,0,0,0,0,0,0,0,0,0,0,0,136,0,0,0,0,0,0,0,0,0,0,0,0,0,0,0,0,0,0,0,0,47,0,0,0,0,0,0,0,0,0,0,0,0,0,0,0,0,0,0,0,0,0,0,0,0,0,0,0,0,0,0,0,0,0,0,0,0,0,0,0,0,0,0,0,0,0,0,0,0,0,0,0,0,0,0,0,0,0,0,0,0,0,0,0,0,0,109,0,0,0,0,0,0,0,0,0,0,0,0,0,0,0,0,0,0,0,0,0,0,0,0,0,0,0,0,0,0,0,0,0,0,0,0,0,0,0,0,0,0,0,0,0,0,0,0,0,0,0,0,0,37,82,0,0,0,0,0,0,0,0,0,0,0,0,0,0,0,0,0,0,0,0,0,0,0,0,0,0,0,0,0,0,0,0,0,0,0,0,0,0,0,0,0,0,0,0,88,0,0,0,0,0,0,0,0,0,87,87,0,0,0,0,0,0,0,0,85,0,0,0,0,0,0,0,0,0,0,74,0,0,0,0,0,0,0,0,0,0,0,0,0,0,0,0,0,0,0,0,0,0,80,0,0,0,0,0,0,0,0,0,0,0,0,0,0,0,0,0,0,0,0,0,0,0,0,0,0,0,41,0,0,0,0,0,0,0,0,0,0,0,0,75,0,0,0,0,0,0,0,0,0,0,0,0,0,0,0,0,0,0,0,0,0,0,0,0,0,0,0,0,0,0,0,0,0,0,0,0,0,0,0,0,0,0,0,0,0,0,0,0,0,0,0,0,0,0,0,0,0,0,0,0,0,0,0,0,0,0,0,0,0,0,0,0,0,0,0,0,0,0,0,0,0,0,0,0,0,65,0,0,0,0,0,0,0,0,0,0,0,0,0,0,0,0,0,0,0,0,0,0,63,0,0,0,0,0,0,0,0,0,0,0,0,0,0,0,0,0,0,0,0,0,0,0,0,0,0,0,0,0,0,0,0,0,0,0,0,0,0,0,20,0,0,0,0,0,0,0,0,0,0,0,0,0,0,0,0,0,0,0,0,0,0,0,0,0,56,45,0,0,0,0,0,0,0,0,0,0,0,0,0,0,0,0,0,0,0,0,0,0,0,0,0,0,0,0,0,0,0,0,0,0,0,0,0,0,0,0,0,0,0,0,0,0,0,0,0,0,0,0,0,52,0,0,0,0,0,0,0,0,0,0,0,0,0,0,0,0,0,0,0,0,0,0,0,0,0,0,0,0,0,0,0,0,0,0,0,0,0,37,0,0,0,0,0,0,0,0,0,0,0,0,0,0,0,0,0,0,0,0,0,0,0,0,0,0,0,0,0,0,0,0,46,0,0,0,0,0,0,0,0,0,0,0,0,0,0,45,0,0,0,0,0,0,0,0,0,0,0,0,0,0,44,44,4,0,0,0,0,0,0,0,0,0,0,0,0,0,0,0,0,0,0,0,0,0,0,0,0,0,0,0,0,0,0,0,0,0,0,0,42,0,0,0,0,0,0,0,0,0,0,0,0,41,0,0,0,0,0,0,0,0,0,0,0,0,0,0,0,0,0,0,0,0,0,0,0,0,0,0,0,0,0,0,0,0,0,0,39,0,0,0,0,0,0,0,0,0,0,0,0,0,0,0,0,0,0,0,0,0,0,0,0,0,0,0,0,0,0,0,0,0,0,0,0,0,0,0,0,0,37,0,0,0,0,0,0,0,0,0,0,0,0,0,0,0,0,0,0,0,0,0,0,0,0,0,0,0,0,0,0,0,0,0,0,0,0,0,0,0,0,0,0,0,0,0,0,0,0,0,0,0,0,0,0,0,0,0,34,0,0,0,0,0,0,0,0,0,0,0,0,0,0,0,0,0,0,0,0,0,0,0,0,0,0,0,0,0,0,0,0,0,0,0,0,0,0,0,0,0,0,0,0,0,0,0,32,32,32,0,0,0,0,0,0,0,0,0,0,0,0,0,0,0,0,0,0,0,0,0,0,0,0,0,0,0,0,0,0,0,0,0,0,0,0,0,0,0,0,0,0,0,0,0,0,0,0,0,0,0,0,0,0,0,0,0,0,0,0,0,0,0,0,0,0,0,0,0,0,0,0,0,0,0,0,0,0,0,0,0,0,0,0,0,0,0,0,0,0,0,0,0,0,0,0,0,0,0,0,0,0,0,0,0,0,0,0,0,0,0,0,26,0,0,0,0,0,0,0,0,0,0,0,0,0,0,0,0,0,0,0,0,0,0,0,0,0,0,0,0,0,0,0,0,0,0,0,0,0,0,0,0,0,0,0,0,0,0,0,0,0,0,0,0,0,0,0,0,0,0,0,0,0,0,0,0,0,0,0,0,0,0,0,0,0,0,0,0,0,0,0,0,0,0,0,0,0,0,0,0,0,0,0,0,0,0,0,0,0,0,0,0,0,0,0,0,0,22,0,0,0,0,0,0,0,0,0,0,0,0,0,0,0,0,0,0,0,0,0,21,0,0,0,0,0,0,0,0,0,0,0,0,0,0,0,0,0,0,0,0,0,0,0,0,0,20,0,0,0,0,0,0,0,0,0,0,0,0,0,0,0,0,0,0,0,0,0,0,0,0,0,0,0,0,19,0,0,0,0,0,0,0,0,0,0,0,0,0,0,0,0,0,0,0,0,0,0,0,0,0,0,0,0,0,0,0,0,0,0,0,0,0,0,0,0,0,0,0,0,0,0,0,0,0,0,0,0,0,0,0,0,0,0,0,0,0,0,0,0,0,0,0,17,0,0,0,0,0,0,0,0,0,0,0,0,0,0,0,0,0,0,0,0,0,0,0,0,0,0,0,0,0,0,0,0,0,0,0,0,0,0,0,0,0,0,0,0,0,0,0,0,0,0,0,0,0,0,0,0,0,0,0,0,0,0,0,0,0,15,15,0,0,0,0,0,0,0,0,0,0,0,0,0,0,0,0,0,0,0,0,0,0,0,0,0,0,0,0,0,0,0,0,0,0,0,0,14,0,0,0,0,0,0,0,0,0,0,0,0,0,0,0,0,0,0,0,0,0,0,0,0,0,0,0,0,0,0,0,0,0,0,0,0,0,0,0,0,0,0,0,0,0,0,0,0,0,0,0,0,0,0,0,0,0,0,0,0,0,0,0,0,0,0,0,0,0,0,0,0,0,0,0,0,0,0,0,0,0,0,0,0,0,0,0,0,0,0,0,0,0,0,0,0,0,0,0,0,0,0,0,0,11,0,0,0,0,0,0,0,0,0,0,0,0,0,0,0,0,0,0,0,0,0,0,0,0,0,0,0,0,0,0,0,0,0,0,0,0,0,0,0,0,0,0,0,0,0,0,0,0,0,0,0,0,0,0,0,0,0,0,0,0,0,0,0,0,0,0,0,0,0,0,0,9,0,0,0,0,0,0,0,0,0,0,0,0,0,0,0,0,0,0,0,0,0,0,0,0,0,0,0,0,0,0,0,0,0,0,0,0,0,0,0,0,0,0,0,0,0,0,0,0,0,0,0,0,0,0,0,0,0,0,0,0,0,0,0,0,0,0,0,0,0,0,0,0,0,0,0,0,0,0,0,0,0,0,0,0,0,0,0,0,0,0,0,0,0,0,0,0,0,0,0,0,0,0,0,0,0,0,0,0,0,0,0,0,0,0,0,6,0,0,0,0,0,0,0,0,0,0,0,0,0,0,0,0,0,0,0,0,0,0,0,0,0,0,0,0,0,0,0,0,0,0,0,5,0,0,0,0,0,0,0,0,0,0,0,0,0,0,0,0,0,0,0,0,0,0,0,0,0,0,0,0,0,0,0,0,0,0,0,0,0,0,0,0,0,0,0,0,0,0,0,0,0,0,0,0,0,0,0,0,0,0,0,0,0,0,0,0,0,0,0,0,0,0,0,0,0,0,0,0,0,0,0,0,0,0,0,0,0,0,0,0,0,0,0,0,0,0,0,0,0,0,0,0,0,0,0,0,0,0,0,0,0,0
"ERR011077",0,0,2671,0,0,2218,0,0,0,0,0,0,0,855,0,0,0,680,0,0,0,0,0,15,0,0,0,0,0,0,0,0,0,0,0,0,0,81,380,0,0,0,0,0,0,0,0,0,0,0,0,0,0,0,0,0,0,0,0,340,0,0,0,0,0,0,0,0,0,0,0,0,0,0,0,0,0,0,0,0,0,0,0,0,0,76,0,0,0,0,42,0,0,0,0,0,0,0,0,0,0,0,0,0,0,0,253,0,0,0,0,0,0,0,0,0,0,0,245,0,0,0,0,0,0,0,0,0,0,0,0,0,0,0,0,0,0,0,0,0,0,237,0,0,0,0,0,0,0,0,0,0,0,0,0,0,212,0,0,0,0,0,0,0,0,0,0,0,0,0,185,0,0,51,0,0,0,0,0,0,0,0,0,0,0,0,0,0,0,0,0,0,0,0,0,0,0,0,0,0,0,0,0,0,0,0,0,0,0,0,0,0,0,0,0,0,0,0,0,0,0,0,0,0,0,0,0,0,197,0,0,0,0,0,0,0,0,0,0,0,0,0,0,0,0,0,0,0,0,0,0,0,0,231,0,0,0,0,0,158,0,0,0,0,0,142,0,0,0,0,0,0,0,0,0,0,0,0,0,0,0,0,0,0,0,0,0,0,0,0,0,0,0,200,0,0,43,0,0,0,0,0,0,0,0,0,0,0,0,0,0,0,0,0,0,0,0,0,0,156,0,0,109,0,0,0,0,0,0,0,0,0,0,0,0,0,0,0,0,0,0,0,0,0,0,0,0,0,109,0,0,0,0,0,0,0,0,0,0,0,0,0,0,0,0,0,0,0,0,0,0,0,0,128,0,0,0,57,0,0,0,0,0,0,0,0,0,0,0,0,0,0,0,0,0,0,40,0,0,0,0,0,0,0,0,0,0,0,0,0,0,0,0,0,0,0,0,0,0,0,0,0,0,0,59,0,0,0,0,0,0,0,0,0,0,0,0,0,0,0,0,0,0,0,0,0,0,0,0,0,0,0,0,0,0,0,0,0,0,0,0,0,0,0,0,0,0,0,0,0,41,0,0,0,0,0,0,0,0,0,0,0,0,0,0,0,0,0,0,48,0,0,0,0,0,0,0,0,58,0,0,0,0,0,0,0,0,0,0,0,0,0,0,0,0,0,0,0,0,0,0,0,0,0,0,0,0,0,0,0,0,0,0,0,0,0,0,0,0,0,0,0,0,0,0,0,0,0,0,0,0,0,0,0,0,0,0,0,0,0,0,0,0,0,0,0,0,0,0,0,0,0,0,0,67,0,0,0,0,0,0,0,0,0,0,0,0,0,0,0,0,0,0,0,0,0,0,0,0,0,0,0,0,0,0,0,0,0,0,0,0,0,0,0,0,0,0,0,0,0,0,0,0,0,0,0,0,0,0,45,0,0,0,0,0,0,0,0,0,0,0,0,0,0,0,0,0,0,0,0,0,0,0,0,0,0,0,0,0,0,0,0,0,0,79,0,0,0,0,0,0,0,0,0,0,0,0,0,0,0,0,0,0,0,0,0,0,0,0,0,0,0,0,0,0,0,0,0,0,0,0,0,0,0,0,0,0,0,0,0,0,0,0,0,0,0,0,0,0,0,0,0,0,0,0,0,0,0,0,0,0,0,0,0,0,0,0,0,0,0,0,0,0,0,0,0,0,0,0,0,0,0,0,0,0,0,0,0,0,0,0,0,0,0,0,0,0,0,0,0,0,0,0,0,0,0,0,0,0,0,0,0,0,0,0,0,0,0,0,0,0,0,0,0,0,0,0,0,0,0,0,0,0,0,0,0,0,0,0,0,0,0,0,0,0,0,0,0,0,0,0,0,0,0,0,0,0,0,61,24,0,0,0,0,0,0,0,0,0,0,0,0,0,0,0,0,0,0,0,0,0,31,0,0,0,0,0,0,0,0,0,0,0,0,0,0,0,0,0,0,0,0,0,0,0,0,0,0,0,0,0,0,0,0,0,0,0,0,0,0,0,0,0,0,0,0,0,0,0,0,0,0,0,0,0,0,0,0,0,0,0,0,0,0,0,0,35,0,0,0,0,0,0,0,0,0,0,0,0,0,0,0,0,0,0,0,0,0,0,0,0,0,0,0,0,0,0,0,0,0,0,0,0,0,0,0,0,0,0,0,0,0,0,0,0,0,0,0,0,0,0,0,0,0,0,0,0,0,0,0,0,0,0,0,0,0,0,47,0,0,0,0,0,0,0,0,0,0,0,0,0,0,0,0,0,0,0,0,0,0,0,0,0,0,0,0,0,0,0,0,0,0,0,0,0,0,0,0,0,0,0,0,0,0,0,0,0,0,0,0,0,0,0,0,0,0,0,0,0,0,0,0,0,0,0,0,0,0,0,0,0,0,0,0,0,0,0,0,0,0,0,0,0,0,0,0,0,0,0,0,0,0,0,0,0,0,0,0,0,0,0,0,0,0,0,0,0,0,0,0,0,0,0,0,0,0,0,0,0,0,0,0,0,0,0,0,0,0,0,0,0,0,0,0,0,0,0,0,0,0,0,0,0,0,0,0,0,0,0,0,0,0,0,0,0,0,0,0,0,0,0,0,0,0,0,0,0,0,0,0,0,0,0,0,0,0,0,0,0,0,0,0,0,0,0,36,36,0,0,0,0,0,0,0,0,0,0,0,35,0,0,0,0,0,0,0,0,0,0,0,0,0,0,0,0,0,0,0,0,0,0,0,12,0,0,0,0,0,0,0,0,0,0,0,0,0,0,0,0,0,0,0,0,0,0,0,0,0,0,0,0,0,0,0,0,0,0,0,0,0,0,0,0,0,0,0,0,0,0,0,0,0,0,0,0,0,0,0,0,0,0,0,0,0,0,0,0,0,0,0,0,0,0,0,0,0,0,0,0,0,0,0,0,0,0,0,0,0,0,0,0,0,0,0,0,0,0,0,0,0,0,0,0,0,0,0,0,29,29,29,0,0,0,0,0,0,0,0,0,0,0,0,0,0,0,0,0,0,0,0,0,0,28,0,0,0,0,0,0,0,0,0,0,0,0,0,0,0,0,0,0,0,0,0,0,0,0,0,0,0,0,0,0,0,0,0,0,0,0,0,0,0,0,0,0,0,0,0,0,0,0,0,0,0,0,0,0,0,0,0,0,0,0,0,0,0,0,0,0,0,0,0,0,0,0,0,0,0,0,0,0,0,0,0,0,0,0,0,0,0,0,0,0,0,0,0,0,0,0,0,0,0,0,0,0,0,0,0,0,0,0,0,0,0,0,0,0,0,0,0,0,0,0,0,0,0,0,0,0,0,0,0,0,0,0,0,0,0,0,0,0,0,0,0,0,22,0,0,0,0,0,0,0,0,0,0,0,0,0,0,0,0,0,0,0,0,0,21,0,0,0,0,0,0,0,0,0,0,0,0,0,0,0,0,0,0,0,0,0,0,0,0,0,0,0,0,0,0,0,0,0,0,0,0,0,0,0,0,0,0,0,0,0,0,0,0,0,0,0,0,0,0,0,0,0,0,0,0,0,0,0,0,0,0,0,0,0,0,0,0,0,0,0,0,0,0,0,0,0,0,0,0,0,0,0,0,0,0,0,0,0,0,0,0,0,0,0,0,0,0,0,0,0,0,0,0,0,0,0,0,0,0,0,0,0,0,0,0,0,0,0,0,0,0,0,0,0,0,0,0,0,0,0,0,0,0,0,0,0,0,0,0,0,0,0,0,0,0,0,0,0,16,0,0,0,0,0,0,0,0,0,0,0,0,0,0,0,0,0,0,0,0,0,0,0,0,0,0,0,0,0,0,0,0,0,0,0,0,0,0,0,0,0,0,0,0,0,0,0,0,0,0,0,0,0,0,0,0,0,0,0,0,0,0,0,0,0,0,0,0,0,0,0,0,10,0,0,0,0,0,0,0,0,0,0,0,0,0,0,0,0,0,0,0,0,0,0,0,0,0,0,0,0,0,0,0,0,0,0,0,0,0,0,0,0,0,0,0,0,0,0,0,0,0,0,0,0,0,0,0,0,0,0,0,0,0,0,0,0,0,0,0,0,0,0,0,0,0,0,0,0,0,0,0,0,0,0,0,0,0,0,0,0,0,0,0,0,0,0,0,0,0,0,0,0,0,0,0,0,11,0,0,0,0,0,0,0,0,0,0,0,0,0,0,0,0,0,0,0,0,0,0,0,0,0,0,0,0,10,10,0,0,0,0,0,0,0,0,0,0,0,0,0,0,0,0,0,0,0,0,0,0,0,0,0,0,0,0,0,0,0,0,0,0,0,0,0,0,0,0,0,0,0,0,0,0,0,0,0,0,0,0,0,0,0,0,0,0,0,0,0,0,0,0,0,0,0,0,0,0,0,0,8,8,0,0,0,0,0,0,0,0,0,0,0,0,0,0,0,0,0,0,0,0,0,0,0,0,0,0,0,0,0,0,0,0,0,0,0,0,0,0,0,0,0,0,0,0,0,0,0,0,0,0,0,0,0,0,0,0,0,0,0,0,0,0,0,0,0,0,0,0,0,0,0,0,0,0,0,0,0,0,0,0,0,0,0,0,0,0,0,0,0,0,0,0,0,0,0,0,0,0,0,0,0,0,0,0,0,0,0,0,0,0,0,0,0,0,0,0,0,0,0,0,0,0,0,0,0,0,0,0,0,0,0,0,0,0,0,0,0,0,0,0,0,0,0,0,0,0,0,0,0,4,0,0,0,0,0,0,0,0,0,0,0,0,0,0,0,0,0,0,0,0,0,0,0,0,0,0,0,0,0,0,0,0,0,0,3,0,0,0,0,0,0,0,0,0,0,0,0,0,0,0,0,0,0,0,0,0,0,0,0,0,0,0,0,0,0,0,0,0,0,2,2,0,0,0,0,0,0,0,0
"ERR011078",0,0,0,0,0,0,0,0,0,0,0,0,146,0,0,106,0,0,0,0,0,0,0,0,0,0,0,0,0,0,0,80,0,0,81,497,0,0,0,0,0,0,0,0,0,0,0,0,0,0,1084,0,0,416,0,0,0,0,0,0,0,0,0,0,0,0,0,911,0,0,0,0,61,818,0,0,0,0,0,0,0,0,0,0,0,0,0,686,0,0,0,365,0,641,0,0,0,0,0,0,0,0,0,0,0,0,0,0,0,0,0,95,0,492,0,0,0,0,0,0,0,0,70,0,0,0,0,0,0,0,0,0,0,0,0,0,0,0,365,0,0,0,0,0,0,0,0,0,0,0,0,0,0,0,0,0,0,0,0,0,0,0,311,67,0,0,0,0,0,0,0,0,0,0,83,0,0,0,0,0,0,0,0,85,0,0,278,0,66,0,0,305,0,0,0,0,0,0,0,0,294,0,0,0,0,0,0,0,0,0,0,0,0,0,38,0,0,0,0,0,0,0,0,0,0,0,0,0,0,0,252,0,0,0,0,0,0,237,0,0,0,65,239,0,238,0,0,0,0,0,0,0,0,0,0,0,0,0,0,0,0,0,0,0,0,0,0,0,0,216,0,0,0,0,0,0,0,0,0,0,0,64,0,0,0,0,0,0,0,0,0,0,0,0,0,0,0,0,0,0,0,0,0,0,0,0,0,0,0,0,0,0,0,0,0,0,0,0,0,0,0,0,0,0,0,0,0,0,182,6,0,0,0,0,0,0,0,0,176,0,0,0,0,0,0,0,0,0,0,0,0,0,0,0,0,0,0,0,0,0,0,0,0,0,0,0,0,0,0,0,0,0,0,0,0,0,0,0,0,93,11,0,0,0,0,0,0,0,0,0,0,0,0,0,0,0,0,0,0,0,0,0,0,0,0,0,0,0,0,0,0,0,0,0,0,0,0,0,0,0,0,0,0,0,0,0,0,0,0,0,0,0,130,0,0,0,0,0,0,0,0,0,0,0,0,0,0,0,0,0,0,0,0,0,0,0,0,0,0,0,0,0,0,0,0,0,0,0,0,0,0,0,0,0,0,0,0,0,0,0,0,0,0,0,0,0,0,0,0,0,0,0,0,0,0,0,0,0,0,0,0,0,0,0,0,0,0,0,0,0,0,0,0,0,0,0,0,0,0,0,0,0,0,0,0,0,0,0,0,0,0,0,0,0,0,0,0,0,0,0,0,0,0,0,0,0,0,0,0,0,0,0,0,0,0,0,0,0,0,0,0,0,0,0,0,0,0,0,0,0,0,0,0,0,0,0,0,0,0,0,0,0,0,0,0,0,0,0,20,0,0,0,0,0,0,0,0,0,0,0,0,0,0,0,0,0,0,0,0,0,0,0,0,0,0,0,0,0,0,70,0,0,0,0,0,0,0,0,0,0,0,0,0,0,0,0,0,0,0,0,0,0,0,0,0,0,0,0,0,0,0,0,0,0,0,0,0,0,0,0,0,0,0,0,0,0,0,0,0,0,0,0,0,0,0,0,0,0,0,0,0,0,0,0,0,0,0,0,0,0,0,0,0,0,0,0,0,0,0,0,0,0,0,0,0,0,0,0,0,0,0,0,0,0,0,0,0,0,0,0,0,0,0,0,0,0,0,0,0,0,0,0,0,0,0,0,0,69,0,0,0,0,0,0,0,0,0,0,0,0,0,0,0,0,0,0,0,0,0,0,0,0,0,0,0,0,0,0,0,0,0,0,0,0,0,0,0,0,0,0,0,0,0,0,0,65,10,0,0,0,0,0,0,0,0,0,0,0,0,0,0,0,0,0,0,0,0,0,0,0,0,0,0,0,0,0,0,0,0,0,0,0,0,0,0,0,0,0,0,0,61,0,0,0,0,0,0,0,0,0,0,0,0,0,0,0,0,0,0,0,0,0,0,0,0,0,0,0,0,0,0,0,0,0,0,0,0,0,0,0,0,0,0,0,11,0,0,0,0,0,0,0,0,0,0,0,0,0,0,0,0,0,0,0,0,0,0,0,0,54,0,0,0,0,0,0,0,0,0,0,0,0,0,0,0,0,0,53,0,0,0,0,0,0,0,0,0,0,0,52,0,0,0,0,0,0,0,0,0,51,0,0,0,0,0,0,0,0,0,0,0,0,0,0,0,0,0,0,0,0,0,0,0,0,0,0,0,0,0,0,0,0,0,0,0,0,0,0,0,0,0,0,0,0,0,0,0,0,0,0,0,0,0,0,0,0,0,0,0,0,0,0,0,0,0,0,0,0,0,0,0,0,0,0,0,0,0,0,0,0,0,0,0,0,0,0,0,0,0,0,0,40,44,0,0,0,0,0,0,0,0,0,0,0,0,0,0,0,0,0,0,0,0,0,0,0,0,0,0,0,0,0,0,0,0,0,0,0,0,0,0,0,0,0,0,0,0,0,0,0,0,41,0,0,0,0,0,0,0,0,0,0,0,0,0,0,0,0,0,0,0,0,0,0,0,0,0,0,0,0,0,0,0,0,0,0,0,0,0,0,0,0,0,0,0,0,0,0,0,0,0,0,0,0,0,38,0,0,0,0,0,0,0,0,0,0,0,0,0,0,0,0,0,0,0,0,0,0,0,0,0,0,0,0,0,0,0,0,0,0,0,0,0,0,0,0,0,0,0,0,0,0,0,0,0,0,0,0,0,35,0,0,0,0,0,0,0,0,0,0,0,0,0,0,0,0,0,0,0,0,0,0,0,0,0,0,34,0,0,0,0,0,0,0,0,0,0,0,0,0,0,0,0,0,0,0,0,0,0,0,0,0,33,0,0,0,0,0,0,0,0,0,0,0,0,0,0,0,0,0,0,0,0,0,0,0,0,0,0,0,0,0,0,0,0,31,0,0,0,0,0,0,0,0,0,0,0,0,0,0,0,0,0,0,0,0,0,0,0,0,0,0,0,0,0,0,0,0,0,0,0,0,0,0,0,0,0,0,0,0,29,0,0,0,0,0,0,0,0,0,0,0,0,0,0,0,0,0,0,0,0,0,0,0,0,0,0,0,0,0,0,0,0,0,0,0,0,0,0,0,0,0,0,0,0,0,0,0,0,0,0,0,0,0,0,0,0,0,0,0,0,0,0,0,0,0,0,0,0,0,0,0,0,0,0,0,0,0,25,0,0,0,0,0,0,0,0,0,0,0,0,0,0,0,0,0,0,0,0,0,0,0,0,0,0,0,0,0,0,0,0,0,0,0,0,0,0,0,0,0,0,0,0,0,0,0,0,0,0,0,0,0,0,0,0,0,0,0,0,0,0,0,0,0,0,0,0,0,0,0,0,0,0,0,0,0,0,0,0,0,0,0,0,0,0,0,22,0,0,0,0,0,0,0,0,0,0,0,0,0,0,0,0,0,0,0,0,0,0,0,0,0,0,0,0,0,0,0,0,0,0,0,0,0,0,0,0,0,0,0,0,0,0,20,20,0,0,0,0,0,0,0,0,0,0,0,0,0,0,0,0,0,0,0,0,0,0,0,0,0,0,0,19,19,19,19,0,0,0,0,0,0,0,0,0,0,0,0,0,0,0,0,0,0,0,0,0,0,0,0,0,0,0,0,0,0,0,0,0,0,0,0,0,0,0,0,0,0,0,0,0,0,0,0,0,0,0,0,0,0,0,0,0,0,0,0,0,0,0,0,0,0,0,0,0,0,0,0,0,0,0,0,0,0,0,0,0,0,0,0,0,0,0,0,0,0,0,0,0,0,0,0,0,0,0,0,0,0,0,0,0,0,0,0,0,0,0,0,0,0,0,0,0,0,0,0,0,0,0,0,0,0,0,0,0,0,0,0,0,0,0,0,0,0,0,0,0,0,0,0,0,0,0,0,0,0,0,0,0,0,0,0,0,0,0,0,0,0,0,0,0,0,0,0,0,0,0,0,0,0,0,0,0,0,0,0,0,0,0,0,0,0,0,0,0,0,0,0,0,0,0,0,0,0,0,0,0,0,0,0,0,0,0,0,0,0,0,0,0,0,0,0,0,0,0,0,0,0,0,0,0,0,0,0,0,0,0,0,0,0,0,0,0,0,0,0,0,0,0,0,0,0,0,0,0,0,0,0,0,0,0,0,0,0,0,0,0,0,0,0,0,0,0,0,0,0,0,0,0,0,0,0,0,0,0,0,0,0,0,0,0,0,0,0,0,0,0,0,0,0,0,0,0,0,0,0,0,0,0,0,0,0,0,0,0,0,0,0,0,0,0,0,0,0,0,0,0,0,0,0,0,0,0,0,0,0,0,0,0,0,0,0,0,0,0,0,0,0,0,0,0,9,0,0,0,0,0,0,0,0,0,0,0,0,0,0,0,0,0,0,0,0,0,0,0,0,0,0,0,0,0,0,0,0,0,0,0,0,0,0,0,0,0,0,0,0,0,0,0,0,0,0,0,0,0,0,0,0,0,0,0,0,0,0,0,0,0,0,0,0,0,0,0,0,0,0,0,0,0,0,0,0,0,0,0,0,0,0,0,0,0,0,0,0,0,0,0,0,0,0,0,0,0,0,0,0,0,0,0,0,0,0,0,0,0,0,0,0,0,0,0,0,0,0,0,0,0,0,0,0,0,0,0,0,0,0,0,0,0,0,0,0,0,0,0,0,0,0,0,0,0,0,0,0,0,0,0,0,0,0,0,0,0,0,0,0,0,0,0,0,0,0,0,0,0,0,0,0,0,0,0,0,0,0,0,0,0,0,0,0,0,0,0,0,0,0,0,0,0,0,0,0,0,0,0,0,0,0,0,0,0,0,0,0,0,0,0,0,0,3,3,3,0,0,0,0,0,0,0,0,0,0,0,0,0,0,0,0,0,0,0,0,0,0,0,0,0,0,0,0,0,0,0,0,0,0,0,0,0,0,0,0,0
"ERR011079",0,0,2204,0,0,1875,0,0,0,0,0,0,0,423,0,0,0,404,0,0,0,0,0,41,0,0,0,0,0,0,0,0,0,0,0,0,1245,0,158,1219,0,0,0,0,0,0,0,0,0,0,0,0,0,0,0,0,0,0,0,140,0,0,0,0,0,0,0,0,0,0,0,0,0,0,0,0,0,0,0,0,0,0,0,0,0,91,0,0,0,0,0,0,0,0,0,0,0,0,0,0,0,0,0,66,0,0,105,0,0,0,0,0,0,0,0,0,0,0,155,0,0,0,0,0,0,0,0,0,0,0,0,0,0,0,36,0,50,0,0,0,0,167,0,0,0,0,0,0,0,0,0,0,0,0,0,0,157,0,0,0,0,0,0,0,0,0,0,0,0,0,162,0,0,0,0,0,0,0,0,0,0,0,0,0,0,0,0,0,0,0,0,0,0,0,0,0,0,0,0,0,0,0,0,0,0,0,0,0,0,0,0,0,8,0,0,0,0,0,0,0,0,0,0,0,0,0,0,0,58,0,0,0,0,0,0,0,0,0,0,0,11,0,0,0,0,0,0,0,0,0,0,0,0,0,0,0,0,0,0,66,0,0,0,0,0,75,0,0,0,0,0,0,0,0,0,0,0,0,0,0,0,0,0,0,0,0,0,0,0,0,0,0,0,0,0,0,61,0,0,0,0,129,0,0,0,0,0,0,0,0,0,0,0,0,0,0,0,0,0,32,0,0,77,0,0,0,0,0,0,0,0,0,0,0,0,0,0,0,0,0,0,0,0,0,0,0,0,0,63,0,0,0,0,0,0,0,0,0,0,0,0,0,0,0,0,0,0,0,0,0,0,0,0,28,0,0,0,98,0,0,0,0,0,0,0,0,0,0,0,0,0,0,0,0,0,0,27,0,0,0,0,0,0,0,0,0,0,0,0,0,0,0,0,0,0,0,0,0,0,0,0,0,0,0,75,0,0,0,0,0,0,0,0,0,0,0,0,0,0,0,0,128,0,0,0,0,0,0,0,0,0,0,0,0,0,0,0,0,0,15,0,0,0,0,0,0,0,0,0,0,78,0,0,0,0,0,0,0,0,0,0,0,0,0,0,0,0,0,0,64,0,0,0,0,0,0,0,0,52,0,0,0,0,0,0,0,0,0,0,0,0,0,0,0,0,0,0,0,0,0,0,0,0,0,0,0,0,0,0,0,0,0,0,0,0,0,0,0,0,0,0,0,0,0,0,0,0,0,0,0,0,0,0,0,0,0,0,0,0,0,0,0,0,0,0,0,0,0,0,0,0,0,0,0,28,0,0,0,0,0,0,0,0,0,0,0,0,0,0,12,0,0,0,0,0,0,0,0,0,0,0,0,0,0,0,0,0,0,0,0,0,0,0,0,0,0,0,0,0,0,0,0,0,0,0,0,0,0,0,39,0,0,0,0,0,0,0,0,0,0,0,0,0,0,0,0,0,0,0,0,0,0,0,0,0,0,0,0,0,0,0,0,0,0,0,47,29,0,0,0,0,0,0,0,0,0,0,0,0,0,0,0,0,0,0,0,0,0,0,0,0,0,0,0,0,0,0,0,0,0,0,0,0,0,0,0,0,0,0,0,0,0,0,0,0,0,0,0,0,0,0,0,0,0,0,0,0,0,0,0,0,0,0,0,0,0,0,0,0,0,0,0,0,0,0,0,0,0,0,0,0,0,0,0,0,0,0,0,0,0,0,0,0,0,0,0,0,0,0,0,0,0,0,0,0,0,0,0,0,0,0,0,0,0,0,0,0,0,0,0,0,0,0,0,64,0,0,0,0,0,0,0,0,0,0,0,0,0,0,0,0,0,0,0,0,0,0,0,0,0,0,0,0,0,0,0,0,0,0,37,0,0,0,0,0,0,0,0,0,0,0,0,0,0,0,0,0,0,0,0,0,27,58,0,0,0,0,0,0,0,0,0,0,0,0,46,0,0,0,0,0,0,0,0,0,0,0,0,0,0,0,0,0,0,0,0,0,55,0,0,0,0,0,0,0,0,0,0,0,0,0,0,0,0,0,0,0,0,0,0,0,0,0,0,0,0,18,0,0,0,0,0,0,0,0,0,0,0,0,0,0,0,0,0,0,0,0,0,0,0,0,0,0,0,0,0,0,0,0,0,0,0,0,0,0,0,0,0,0,0,0,0,0,0,0,0,0,49,12,0,0,0,0,0,0,0,0,0,0,0,0,0,0,0,0,0,0,0,0,0,0,0,0,0,0,0,0,0,0,0,0,0,0,0,0,0,0,0,0,0,0,0,0,0,0,0,0,0,0,0,0,0,0,0,0,0,0,0,0,0,0,0,0,0,0,0,0,0,0,0,0,0,0,0,0,0,0,0,0,0,0,0,0,0,0,0,0,0,0,0,0,0,0,0,0,0,0,0,0,0,0,0,0,0,0,0,0,0,0,0,0,0,41,0,0,0,0,0,0,0,0,0,0,0,0,0,0,0,0,0,0,0,0,0,0,0,0,0,0,0,0,0,0,0,0,0,0,0,0,0,0,0,0,0,0,0,0,0,0,0,0,0,0,0,0,0,0,0,0,0,0,0,0,0,0,0,0,0,0,0,0,0,0,0,0,0,0,0,0,0,0,0,0,0,0,0,0,0,0,0,0,0,0,0,0,0,0,0,0,0,0,0,0,0,0,0,0,0,0,0,0,0,0,0,0,0,0,0,0,0,0,0,0,0,0,0,0,0,0,0,0,0,0,0,0,0,0,10,0,0,0,0,0,0,0,0,0,0,0,0,0,0,0,0,0,0,0,0,0,0,0,0,0,33,0,0,0,0,0,0,0,0,0,0,0,0,0,0,0,0,0,0,0,0,0,0,0,0,0,0,0,0,0,0,0,0,0,0,0,0,0,0,0,0,0,0,0,0,0,0,0,0,0,0,0,0,0,0,0,0,0,0,0,0,0,0,0,0,0,0,0,0,0,0,0,0,0,0,0,0,0,0,0,0,0,0,0,0,0,0,0,0,0,0,0,0,0,0,0,0,0,0,0,0,0,0,0,0,0,0,0,0,0,0,0,0,0,0,0,0,0,0,0,0,0,0,0,0,0,0,0,0,0,0,0,0,0,0,0,0,0,0,0,0,0,0,0,0,0,0,0,0,0,0,0,0,0,0,0,25,25,0,0,0,0,0,0,0,0,0,0,0,0,0,0,0,0,16,0,0,0,0,0,0,0,0,0,0,0,0,0,0,0,0,0,0,0,0,0,0,0,0,0,0,0,0,0,0,0,0,0,0,0,23,23,0,0,0,0,0,0,0,0,0,0,0,0,0,4,0,0,0,0,0,0,0,0,0,0,0,0,0,0,0,0,0,0,0,0,0,0,0,0,0,0,0,0,0,0,0,0,0,0,0,0,0,0,0,0,0,0,0,0,0,0,0,0,0,0,0,0,0,0,0,0,0,0,0,0,0,0,0,0,0,0,0,0,0,0,0,0,0,0,0,0,0,0,0,0,0,0,0,0,0,0,0,0,0,0,0,0,0,0,0,0,0,0,0,0,0,0,0,0,0,0,0,0,0,0,0,0,0,0,0,0,0,0,0,0,0,0,0,0,0,0,0,0,0,18,0,0,0,0,0,0,0,0,0,0,0,0,0,0,0,0,0,0,0,0,0,0,0,0,0,0,0,0,0,0,0,0,0,0,0,0,0,0,0,0,0,0,0,0,0,0,0,0,0,0,0,0,0,0,0,0,0,0,0,0,0,0,0,0,0,0,0,0,0,0,0,0,0,0,0,0,0,0,0,0,0,0,0,0,0,0,0,0,0,0,0,0,0,0,0,0,0,0,15,0,0,0,0,0,0,0,0,0,0,0,0,0,0,0,0,0,0,0,0,0,0,0,0,0,0,0,0,0,0,0,0,0,0,0,0,0,0,0,0,0,0,0,0,0,0,0,0,0,0,0,0,0,0,0,0,0,0,0,0,0,0,0,0,0,0,0,0,0,13,0,0,0,0,0,0,0,0,0,0,0,0,0,0,0,0,0,0,0,0,0,0,0,0,0,0,0,0,0,0,0,0,0,0,12,12,12,0,0,0,0,0,0,0,0,0,0,0,0,0,0,0,0,0,0,0,0,0,0,0,0,0,0,0,0,0,0,0,0,0,0,0,11,0,0,0,0,0,0,0,0,0,0,0,0,0,0,0,0,0,0,0,0,0,0,0,0,0,0,0,0,0,10,0,0,0,0,0,0,0,0,0,0,0,0,0,0,0,0,0,0,0,0,0,0,0,0,0,0,0,0,0,0,0,0,0,0,0,0,0,0,0,0,0,9,0,0,0,0,0,0,0,0,0,0,0,0,0,0,0,0,0,0,0,0,0,0,0,0,0,0,0,0,0,0,0,8,0,0,0,0,0,0,0,0,0,0,0,0,0,0,0,0,0,0,0,0,0,0,0,0,0,0,0,0,0,0,0,0,0,0,0,0,0,0,0,0,0,0,0,0,0,7,0,0,0,0,0,0,0,0,0,0,0,0,0,0,0,0,0,0,0,0,0,0,0,0,0,0,0,0,0,0,0,0,0,0,0,0,0,0,0,0,0,0,0,0,0,0,0,0,0,0,0,0,0,0,0,0,0,0,0,0,0,0,0,0,0,0,0,0,0,0,0,0,0,0,0,0,0,0,0,0,0,0,0,0,0,0,0,0,0,0,0,0,0,0,0,0,0,0,0,0,0,0,0,4,0,0,0,0,0,0,0,0,0,0,0,0,0,0,0,0,0,0,0,0,0,0,0,0,0,0,0,0,0,0,0,0,0,0,0,0,0,3,0,0,0,0,0,0,0,0,0,0,0,0,0,0,0,0,0,0,0,0,0,0,0,0,0,0,0,0,0,0,0,0,2,0,0,0,0,0,0,0
"ERR011080",0,0,0,117,105,0,0,0,0,0,0,0,339,0,972,312,0,0,0,0,856,0,0,0,0,0,0,0,0,0,0,468,0,0,415,222,0,0,0,0,0,0,0,0,0,363,0,0,0,89,0,0,0,160,0,301,0,0,0,0,0,0,706,255,0,0,0,0,0,0,0,0,531,0,0,200,0,651,0,553,0,0,0,0,85,0,527,0,0,69,0,52,0,0,0,0,0,474,0,0,0,0,0,0,172,0,0,0,0,0,0,341,0,0,0,0,0,0,0,0,0,0,0,25,246,0,0,0,0,0,0,130,0,0,0,0,0,0,0,0,0,0,0,0,0,0,0,0,0,0,0,0,0,0,0,0,0,0,0,0,0,0,0,289,0,0,0,0,0,0,0,0,0,0,0,0,0,67,0,0,0,0,187,0,0,0,0,0,0,0,163,0,0,0,0,0,0,0,0,0,0,0,0,0,0,0,0,0,0,59,0,0,0,0,113,0,0,0,0,0,0,0,204,0,0,0,0,0,0,0,0,0,0,102,0,0,0,0,243,0,0,109,0,0,0,0,0,73,0,0,154,0,0,0,83,0,0,0,0,0,0,0,0,0,0,0,178,0,0,0,98,0,0,0,0,0,124,0,0,0,0,44,0,0,0,0,0,0,0,0,0,0,0,0,0,0,0,0,53,0,0,0,0,0,0,0,0,0,0,74,0,29,0,0,0,0,0,0,0,0,0,0,0,0,0,21,0,0,0,0,0,35,0,0,0,0,0,0,0,0,0,0,0,0,0,0,0,0,0,0,100,0,0,0,0,0,0,0,0,0,0,0,166,0,0,0,0,0,0,0,0,0,0,0,108,35,0,0,155,61,31,0,0,0,0,0,0,0,0,0,0,0,0,0,0,0,0,0,0,0,0,0,0,0,0,0,0,83,31,0,0,0,0,0,0,0,0,0,0,0,0,0,66,0,0,0,0,0,0,0,132,0,0,0,0,0,0,69,0,0,0,0,0,0,0,0,0,0,0,0,0,0,0,0,124,105,0,0,0,0,0,0,0,0,0,0,0,0,0,0,0,0,0,0,0,0,0,0,0,0,0,0,0,0,0,0,0,64,0,0,0,41,0,0,0,0,0,0,0,0,0,0,0,0,0,0,82,0,0,0,0,0,0,0,0,0,0,0,0,58,105,0,0,104,41,0,0,0,0,103,0,0,0,0,0,102,0,0,0,0,0,0,0,0,0,0,0,0,0,0,0,0,0,0,0,0,0,60,8,97,0,0,0,0,0,0,0,0,64,96,0,0,0,0,0,95,0,0,0,0,0,0,0,0,0,92,0,0,0,0,0,0,0,0,90,78,0,0,0,0,0,0,0,0,88,88,0,0,0,0,0,0,0,0,0,0,0,0,0,16,9,0,0,0,0,0,0,0,0,0,0,0,0,0,0,0,0,0,0,56,0,0,0,0,0,0,0,81,0,0,0,0,28,0,0,0,0,0,0,0,0,0,0,0,0,0,0,0,0,0,0,0,0,0,0,0,0,0,51,0,0,0,0,0,0,0,0,0,0,0,0,0,0,0,0,0,0,0,0,0,0,0,0,0,0,0,41,0,0,0,0,0,0,0,0,0,0,0,0,0,0,71,0,0,0,0,0,0,0,41,0,0,0,0,0,0,0,0,0,0,0,0,0,0,0,0,0,0,0,0,0,0,0,68,68,68,0,0,0,0,0,0,0,0,0,0,0,0,0,0,0,0,66,0,0,0,0,0,0,0,0,0,0,0,0,0,55,0,0,0,0,0,0,0,0,64,0,0,0,0,0,0,0,0,0,0,0,0,0,0,0,0,33,0,0,0,0,0,0,0,0,0,0,0,0,0,0,0,0,0,0,0,0,0,0,0,0,0,0,0,0,60,0,0,0,0,0,23,0,0,0,0,0,0,0,0,0,0,0,0,0,0,0,0,0,0,0,0,0,0,0,0,0,0,0,0,0,0,0,0,0,16,0,0,0,0,0,0,55,0,0,0,0,0,0,0,0,0,0,0,54,0,0,0,0,0,0,0,0,0,0,0,0,0,0,0,0,0,53,0,0,0,0,0,0,0,0,0,0,0,52,0,0,0,0,0,0,0,0,0,0,0,0,0,0,0,0,0,0,0,0,50,0,0,0,0,0,0,0,0,0,0,0,0,0,0,12,0,0,0,0,0,0,0,0,0,0,0,0,0,48,0,0,0,0,0,0,0,47,0,0,0,0,0,0,0,0,0,0,0,0,0,0,0,0,0,0,0,0,0,0,0,0,0,0,45,0,0,0,0,0,0,0,0,0,0,0,0,0,0,0,0,0,0,0,0,0,0,0,0,0,0,0,0,0,0,0,0,0,43,43,0,0,0,0,0,0,0,0,0,0,0,0,0,0,0,0,0,0,0,0,0,0,0,0,0,0,0,0,0,0,0,0,0,0,0,0,0,0,0,0,0,0,0,0,0,0,0,0,0,0,40,0,0,0,0,0,0,0,0,0,0,0,0,0,0,0,0,0,0,0,0,0,0,0,0,0,0,0,0,0,0,0,0,0,0,0,0,0,0,0,0,0,0,0,0,0,0,0,0,0,0,0,0,0,0,0,0,37,37,37,0,0,0,0,0,0,0,0,0,0,0,0,0,0,0,0,36,0,0,0,0,0,0,0,0,0,0,0,0,35,0,0,0,0,8,0,0,0,0,0,0,0,0,0,0,0,0,0,0,0,0,0,0,0,0,0,0,0,0,0,0,0,0,0,0,0,0,0,0,0,0,0,0,0,0,0,0,0,0,0,0,0,0,33,0,0,0,0,0,0,0,0,0,0,0,0,0,0,0,0,0,0,0,0,0,32,0,0,0,0,0,0,0,0,0,31,0,0,0,0,0,0,0,0,0,0,0,0,0,0,0,0,0,0,0,0,0,0,0,0,0,0,0,0,0,0,0,0,0,0,0,0,0,0,0,0,0,0,0,0,0,0,0,0,0,0,0,0,0,0,19,0,0,0,0,0,0,0,0,0,0,0,28,28,28,0,0,0,0,0,0,0,0,0,0,0,0,0,0,0,0,0,0,0,0,0,0,0,0,0,0,0,0,0,0,0,0,0,26,0,0,0,0,0,0,0,0,0,0,0,0,0,0,0,0,0,0,0,0,0,0,0,0,0,0,0,0,0,0,0,0,0,0,0,0,0,0,0,0,0,0,0,0,0,0,0,0,0,0,0,0,0,24,24,24,0,0,0,0,0,15,0,0,0,0,0,0,0,0,0,0,0,0,0,23,0,0,0,0,0,0,0,0,0,0,0,0,0,0,0,0,0,0,0,0,0,0,0,0,0,0,0,0,0,0,0,0,0,0,0,0,0,0,0,0,0,0,0,0,0,0,0,0,0,0,0,0,0,0,0,0,0,0,0,0,0,0,0,0,0,0,0,0,0,0,0,0,0,0,0,0,0,0,0,20,0,0,0,0,0,0,0,0,0,0,0,0,0,0,0,0,0,0,0,0,0,0,0,0,0,0,0,0,0,0,0,0,0,0,0,0,0,0,0,0,0,0,0,0,0,0,0,0,0,0,0,0,0,0,0,0,0,0,0,0,0,0,0,18,0,0,0,0,0,0,0,0,0,0,0,0,0,0,0,0,0,0,0,0,0,0,0,0,0,0,0,0,0,0,0,0,0,0,0,0,0,0,0,0,0,0,0,0,0,0,0,0,0,0,0,0,0,0,0,0,0,0,0,0,0,0,16,0,0,0,0,0,0,0,0,0,0,0,0,0,0,0,0,0,0,0,0,0,0,0,0,0,0,0,0,0,0,0,0,0,0,0,15,15,0,0,0,0,0,0,0,0,0,0,0,0,0,0,0,0,0,0,0,0,0,0,0,0,0,0,0,0,0,0,0,0,0,0,0,0,0,0,0,0,0,0,0,0,0,0,0,0,0,0,0,0,0,0,0,0,0,0,0,0,0,0,0,0,0,0,0,0,13,0,0,0,0,0,0,0,0,0,0,0,0,0,0,0,0,0,0,0,0,0,0,0,0,0,0,0,0,0,0,0,0,0,0,0,0,12,12,0,0,0,0,0,0,0,0,0,0,0,0,0,0,0,0,0,0,0,0,0,0,0,0,0,0,0,0,0,0,0,0,0,0,11,11,0,0,0,0,0,0,0,0,0,0,0,0,0,0,0,0,0,0,0,0,0,0,0,0,0,0,0,0,10,10,10,0,0,0,0,0,0,0,0,0,0,0,0,0,0,0,0,0,0,0,0,0,0,0,0,0,0,0,0,0,0,0,0,0,0,0,0,0,0,0,9,0,0,0,0,0,0,0,0,0,0,0,0,0,0,0,0,0,0,0,0,0,0,0,0,0,0,0,0,0,0,0,8,0,0,0,0,0,0,0,0,0,0,0,0,0,0,0,0,0,0,0,0,0,0,0,0,0,0,0,0,0,0,0,0,0,0,0,0,0,0,0,0,0,0,0,0,0,7,7,7,7,0,0,0,0,0,0,0,0,0,0,0,0,0,0,0,0,0,0,0,0,0,0,0,0,0,0,0,0,0,0,0,0,6,0,0,0,0,0,0,0,0,0,0,0,0,0,0,0,0,0,0,0,0,0,0,0,0,0,0,0,0,0,0,0,0,0,0,0,5,0,0,0,0,0,0,0,0,0,0,0,0,0,0,0,0,0,0,0,0,0,0,0,0,0,0,0,0,0,0,0,4,0,0,0,0,0,0,0,0,0,0,0,0,0,0,0,0,0,0,0,0,0,0,0,0,0,0,0,0,0,0,0,0,0,0,0,0,0,3,0,0,0,0,0,0,0,0,0,0,0,0,0,0,0,0,0,0,0,0,0,0,0,0,0,0,0,0,0,0,0,0,0,0,0,0,0,0,0
"ERR011081",0,0,0,0,0,0,0,0,0,0,0,0,0,0,0,0,347,0,0,0,0,0,0,141,0,0,0,381,820,0,665,0,0,0,0,0,18,0,54,0,0,0,0,0,0,0,0,0,0,0,0,0,0,0,0,0,0,0,0,52,0,0,0,0,0,0,0,0,0,0,0,0,0,0,117,0,0,0,0,0,0,0,0,0,0,86,0,0,0,0,95,0,62,0,0,0,0,0,0,0,76,0,0,0,0,0,54,0,0,0,140,0,0,0,45,0,0,0,75,0,0,0,0,0,0,0,118,0,0,84,0,0,0,0,0,90,87,0,0,0,48,0,0,35,0,0,0,59,0,0,0,99,122,0,0,0,0,89,0,0,0,0,0,0,0,0,0,0,0,0,0,0,102,72,0,0,29,0,0,0,0,0,0,0,66,0,0,0,0,0,0,0,0,0,0,51,204,0,0,0,0,0,0,65,0,0,0,0,0,0,0,0,0,0,0,0,73,0,0,0,0,0,0,0,0,0,0,0,0,0,0,0,0,0,0,0,0,0,0,0,45,0,0,0,0,0,0,0,0,0,0,0,180,0,0,0,0,0,0,0,0,0,56,0,0,0,0,0,0,0,0,0,0,0,0,0,0,0,0,0,0,0,0,0,0,0,0,16,0,0,0,0,0,0,0,0,0,0,0,0,0,0,0,0,0,132,0,0,0,0,0,0,0,0,0,0,0,0,0,0,0,0,0,0,0,0,48,0,0,0,0,0,0,0,0,0,0,0,0,0,0,0,0,0,0,0,0,19,0,0,0,0,0,0,0,0,0,0,0,48,0,0,0,0,0,0,0,0,0,0,0,0,0,0,0,0,0,0,0,0,0,0,0,0,0,0,28,37,0,0,0,0,0,40,0,0,0,0,0,0,0,0,0,0,94,0,0,0,0,0,0,0,0,0,0,0,0,0,0,0,0,0,0,0,0,0,0,0,0,0,0,0,0,0,0,0,34,0,0,0,0,0,0,0,0,0,0,0,0,0,0,0,0,0,0,0,0,0,0,31,24,0,0,0,0,59,0,0,0,0,0,0,0,0,0,0,0,0,0,0,0,0,0,0,0,0,0,0,0,0,27,0,0,0,0,60,0,0,0,0,0,0,0,0,0,0,0,0,0,0,0,0,0,0,39,0,0,0,0,0,0,0,0,0,0,0,0,0,0,0,0,0,0,0,0,0,0,0,0,0,0,0,0,0,0,0,0,0,0,0,0,0,0,0,0,0,0,0,0,0,0,0,0,0,0,0,0,0,0,0,0,0,0,0,0,0,0,0,0,0,0,0,0,0,0,0,0,0,0,0,0,0,0,0,0,0,89,0,0,0,0,0,0,0,0,0,0,0,0,0,0,0,0,0,0,0,0,0,0,0,0,0,0,0,0,0,0,0,0,0,0,0,83,0,0,0,0,0,0,0,0,0,0,0,0,0,0,0,0,0,0,0,0,0,0,0,0,0,46,0,0,0,0,0,0,0,0,79,0,0,0,57,47,0,0,0,0,27,0,32,0,0,0,0,0,0,0,0,0,0,30,0,0,0,0,0,0,0,0,0,0,0,0,0,0,0,0,0,73,0,0,0,0,0,0,0,0,0,0,0,0,0,0,0,0,0,0,0,0,0,58,0,0,0,0,0,0,0,0,0,0,0,0,0,0,0,0,0,0,0,0,0,0,0,0,0,0,0,0,0,0,0,0,0,67,4,0,0,0,0,0,0,0,0,0,0,0,0,0,0,0,0,0,0,0,0,0,0,0,0,0,0,0,0,0,0,0,0,0,0,0,0,0,0,0,0,0,0,0,0,0,0,0,0,0,0,0,0,0,0,0,0,0,0,0,0,0,0,0,0,0,61,61,0,0,0,0,0,0,0,0,0,0,0,0,0,0,0,0,0,0,0,0,0,0,0,0,0,0,0,0,0,0,0,0,11,29,0,0,0,0,0,0,0,0,0,0,0,0,0,0,0,0,0,0,0,0,0,0,0,0,0,0,0,0,0,0,0,0,0,0,0,0,0,0,0,0,0,0,0,0,0,0,0,0,0,0,0,0,0,0,0,0,0,0,0,0,0,0,0,0,0,0,0,0,0,0,0,0,0,23,0,0,0,0,0,0,0,0,0,0,0,0,0,0,0,0,0,0,0,0,0,0,0,0,0,0,0,0,0,0,0,0,0,0,0,0,0,0,0,0,0,0,14,0,0,0,0,0,47,0,0,0,0,0,0,0,0,0,0,46,0,0,0,0,0,0,0,0,0,0,0,0,0,0,0,45,45,0,0,0,0,0,0,0,0,0,0,0,0,0,0,0,44,0,0,0,0,0,0,0,0,0,0,0,0,0,4,0,0,0,31,0,0,0,0,0,0,0,0,0,0,0,0,0,17,0,0,0,0,0,0,0,0,0,0,0,0,0,0,0,0,0,41,41,0,0,0,0,0,0,0,0,0,0,0,0,0,0,0,0,0,40,40,0,0,0,0,0,0,0,0,0,0,0,0,39,0,0,0,0,0,0,0,0,0,0,0,0,0,0,0,0,0,0,0,0,0,0,0,0,0,0,0,0,0,0,0,0,0,0,0,0,0,0,0,0,0,0,0,0,0,0,0,0,0,0,0,0,0,0,0,0,0,0,0,0,0,21,0,0,0,0,0,0,0,0,0,0,0,0,35,35,0,0,0,0,0,0,0,0,0,0,0,0,0,0,0,0,0,0,0,0,0,0,0,0,24,34,0,0,0,0,0,0,0,0,0,0,0,0,0,0,0,0,0,0,0,0,0,0,0,0,0,0,33,0,0,0,0,0,0,0,0,0,0,0,0,0,0,0,0,0,0,0,0,0,32,0,0,0,0,0,0,0,0,0,0,0,0,0,0,0,0,0,0,0,0,0,0,0,0,0,0,0,0,0,30,2,0,0,0,0,0,0,0,0,0,0,0,0,0,0,0,0,0,12,0,0,0,0,29,0,0,0,0,0,0,0,0,0,0,0,0,0,0,0,0,0,0,0,0,0,0,0,0,0,0,0,0,0,0,0,0,0,0,11,0,0,0,0,0,0,0,0,0,0,0,0,0,0,0,0,0,0,0,0,10,0,0,26,26,0,0,0,0,0,0,0,0,0,0,0,0,0,0,0,0,0,0,0,25,0,0,0,0,0,0,0,0,0,0,0,0,0,0,0,0,0,0,0,0,0,0,0,0,0,0,0,0,0,0,0,0,0,0,24,0,0,0,0,0,0,0,0,0,0,0,0,0,0,0,0,0,0,0,23,23,23,0,0,0,0,0,0,0,0,0,0,0,0,0,0,0,0,0,0,0,0,0,0,0,0,11,0,0,0,22,0,0,0,0,0,0,0,0,0,0,0,0,0,0,0,0,0,0,0,0,21,0,0,0,0,0,0,0,0,0,0,0,0,0,0,0,0,0,0,0,0,0,0,0,0,0,0,0,20,5,0,0,0,0,0,0,0,0,0,0,0,0,0,0,0,0,0,0,0,0,0,0,0,0,0,0,0,0,12,19,0,0,0,0,0,0,0,0,0,0,0,0,0,0,0,0,0,0,0,0,0,0,0,0,0,0,0,0,0,0,0,0,18,18,18,0,0,0,0,0,0,0,0,0,0,0,0,0,0,0,0,0,0,0,0,0,0,0,0,0,0,0,17,17,0,0,0,0,0,0,0,0,0,0,0,0,0,0,0,0,0,0,0,0,0,0,0,0,0,0,0,0,0,0,0,16,0,0,0,0,0,0,0,0,0,0,0,0,0,0,0,0,0,0,0,0,0,0,0,0,0,0,0,0,0,0,0,0,0,0,0,0,15,15,15,3,0,0,0,0,0,0,0,0,0,0,0,0,0,0,0,0,0,0,0,0,0,0,0,0,0,0,0,0,0,0,0,14,14,0,0,0,0,0,0,0,0,0,0,0,0,0,0,0,0,0,0,0,0,0,0,0,0,0,0,0,0,0,0,0,0,13,13,13,13,0,0,0,0,0,0,0,0,0,0,0,0,0,0,0,0,0,0,0,0,0,0,0,0,0,0,0,0,0,0,0,0,0,0,12,0,0,0,0,0,0,0,0,0,0,0,0,0,0,0,0,0,0,0,0,0,0,0,0,0,0,0,0,0,0,0,0,0,0,0,0,0,0,0,0,0,0,0,0,0,0,0,0,0,0,0,0,0,0,0,0,0,0,0,0,0,0,0,0,0,0,10,10,10,7,10,0,0,0,0,0,0,0,0,0,0,0,0,0,0,0,0,0,0,0,0,0,0,0,0,0,0,0,0,0,0,0,0,0,0,0,9,9,0,0,0,0,0,0,0,0,0,0,0,0,0,0,0,0,0,0,0,0,0,0,0,0,0,0,0,0,0,0,8,0,0,0,0,0,0,0,0,0,0,0,0,0,0,0,0,0,0,0,0,0,0,0,0,0,0,0,0,0,0,0,0,0,0,0,0,0,0,0,0,0,0,0,0,0,0,0,0,2,7,0,0,0,0,0,0,0,0,0,0,0,0,0,0,0,0,0,0,0,0,0,0,0,0,0,0,0,0,0,0,0,3,0,0,0,0,0,0,0,0,0,0,0,0,0,0,0,0,0,0,0,0,0,0,0,0,0,0,0,0,0,0,0,0,0,0,0,5,5,0,0,0,0,0,0,0,0,0,0,0,0,0,0,0,0,0,0,0,0,0,0,0,0,0,0,0,0,0,0,4,4,4,0,0,0,0,0,0,0,0,0,0,0,0,0,0,0,0,0,0,0,0,0,0,0,0,0,0,0,0,0,0,0,0,0,0,0,3,3,3,3,0,0,0,0,0,0,0,0,0,0,0,0,0,0,0,0,0,0,0,0,0,0,0,0,0,0,0,0,2,0,0,0,0,0,0
"ERR011082",0,0,0,299,226,0,0,0,0,0,0,0,785,0,75,654,0,0,0,0,77,0,0,0,0,0,0,0,0,0,0,91,0,0,109,50,0,0,0,0,0,0,0,0,0,152,0,0,0,263,10,0,0,62,0,135,0,0,46,0,0,0,170,78,0,0,0,0,0,0,0,0,60,0,0,92,0,0,0,133,0,0,0,0,196,0,0,0,0,83,0,78,0,0,0,0,0,73,0,0,0,122,0,0,101,0,0,508,115,0,0,63,0,0,0,0,0,110,0,0,0,0,0,44,65,0,0,75,352,0,87,76,0,0,0,0,0,0,0,0,0,0,0,0,399,0,0,0,0,0,0,0,0,0,0,0,0,0,0,0,0,0,0,0,0,0,0,0,0,0,0,0,0,0,254,0,0,172,0,2,0,0,40,89,0,0,0,0,226,0,0,0,0,0,0,0,0,0,0,0,0,0,0,0,292,0,0,0,0,104,0,0,0,0,47,0,0,0,0,0,0,0,57,0,0,258,0,0,0,0,0,0,0,0,0,0,0,0,0,0,0,0,0,0,0,0,0,0,0,0,80,0,0,0,48,0,0,0,0,0,0,0,0,0,0,0,39,0,0,0,0,0,0,0,0,0,0,0,0,0,0,0,0,0,0,0,0,0,0,0,0,0,0,0,0,0,0,0,0,0,71,0,197,0,0,0,61,0,0,77,0,0,0,0,0,0,44,70,0,0,188,0,0,0,27,26,0,0,0,0,0,146,0,0,67,0,0,0,0,0,0,0,0,0,0,0,0,0,0,0,21,0,0,0,0,0,0,0,0,0,0,0,0,0,0,0,0,0,0,0,0,0,0,0,0,0,0,0,0,0,112,84,153,0,0,0,0,0,0,0,0,0,0,0,0,0,0,0,0,0,0,0,0,0,0,50,0,0,30,0,0,0,0,0,0,0,0,0,0,0,0,0,0,0,0,0,0,0,0,0,0,0,0,0,0,0,0,13,0,0,0,0,0,0,0,127,0,0,0,0,0,0,0,0,0,19,0,0,0,0,0,0,0,0,0,0,0,0,0,0,0,0,0,0,0,0,0,0,0,0,0,0,0,0,0,0,0,0,0,0,0,0,0,0,0,0,0,0,0,110,0,0,0,0,0,0,0,0,0,0,0,0,0,0,0,106,0,0,0,47,0,0,0,0,0,0,0,0,0,0,0,0,0,0,0,0,0,0,0,0,0,0,0,0,0,0,0,0,0,0,0,0,0,98,0,0,0,0,7,0,0,0,0,0,0,0,0,0,32,0,0,0,0,0,0,0,0,0,0,0,0,0,0,50,0,0,0,0,0,0,0,0,0,0,0,0,0,89,0,0,0,0,0,0,0,0,88,45,0,0,43,0,0,0,0,0,0,0,0,0,0,0,0,0,85,0,0,0,0,0,0,0,0,0,0,0,0,0,0,0,0,0,0,0,0,0,0,0,81,0,0,0,0,0,76,0,0,0,0,0,0,0,0,0,0,0,0,0,0,0,0,0,0,78,0,0,0,0,0,0,77,77,0,0,0,0,0,0,0,0,0,0,0,0,0,0,0,0,0,0,0,0,0,0,74,0,0,0,0,73,22,0,0,0,0,0,0,0,0,0,0,0,71,0,0,56,0,0,0,0,0,70,0,0,0,0,0,0,69,0,0,0,0,0,0,0,0,0,0,0,0,0,0,0,0,0,68,68,0,0,0,0,0,0,0,0,0,0,0,0,0,0,0,66,66,0,0,0,0,0,0,0,0,0,0,0,0,65,0,0,0,0,0,0,0,0,64,0,0,0,0,0,0,0,0,0,0,0,0,0,0,0,0,0,0,0,44,0,0,0,0,18,0,0,0,0,0,0,0,0,0,0,0,61,0,0,0,0,0,0,0,0,0,0,0,0,0,0,0,0,0,0,0,58,0,0,0,0,0,0,0,0,0,0,0,0,0,0,0,0,0,0,0,0,0,56,0,0,0,0,0,0,0,0,0,0,0,0,0,55,0,0,0,0,0,0,0,0,0,0,0,54,0,0,0,0,0,0,0,0,0,0,0,0,0,0,0,0,0,53,53,0,0,0,0,0,0,0,0,0,0,0,0,0,0,0,0,0,0,0,0,0,0,0,0,0,0,0,0,0,0,0,0,0,0,0,0,0,0,0,28,0,0,0,0,0,0,0,0,0,0,0,0,0,0,0,0,0,0,0,0,48,0,0,0,0,0,0,0,0,47,0,0,0,0,0,0,0,0,0,0,46,0,0,0,0,0,0,0,0,0,0,0,0,0,0,0,0,45,0,0,0,0,0,0,0,0,0,0,0,0,0,0,0,0,0,0,0,0,0,0,0,0,0,0,0,0,0,0,0,0,0,0,0,0,0,0,0,0,0,0,0,0,0,0,0,0,0,42,0,0,0,0,0,0,0,0,0,0,0,0,0,0,0,0,41,0,0,0,0,0,0,0,0,0,0,0,0,0,0,0,0,0,0,0,0,0,0,0,0,0,0,0,0,0,0,0,39,39,0,0,0,0,0,0,0,0,0,0,0,0,0,0,0,0,0,38,0,0,0,0,0,0,0,0,0,0,0,0,0,0,0,0,0,0,0,0,0,0,0,0,37,37,0,0,0,0,0,0,0,0,0,0,0,0,0,0,0,0,0,0,0,0,0,0,0,0,0,0,0,0,0,0,0,0,0,0,0,0,0,0,0,0,0,0,0,0,0,0,0,0,0,0,0,0,0,0,0,0,34,34,0,0,0,0,0,0,0,0,0,0,0,0,0,0,0,0,0,0,0,0,0,0,0,0,0,0,0,0,0,0,0,0,0,0,0,0,0,0,0,0,0,0,0,0,0,0,0,0,0,0,0,0,0,0,0,0,31,0,0,0,0,0,0,0,0,0,0,0,0,0,0,0,0,0,0,0,0,0,30,0,0,0,0,0,0,0,0,0,0,0,0,0,0,0,0,0,0,0,0,0,0,0,0,0,0,0,0,0,0,0,0,0,0,0,0,0,0,0,0,0,0,0,0,0,0,28,28,28,0,0,0,0,0,0,0,0,27,0,0,0,0,0,0,0,0,0,0,0,0,0,0,0,0,0,0,0,0,0,0,0,0,0,0,0,0,0,0,0,0,0,0,0,0,0,0,0,0,0,0,0,0,25,0,0,0,0,0,0,0,0,0,0,0,0,0,0,0,0,0,0,0,0,0,0,0,0,0,0,0,0,0,0,0,0,0,0,24,0,0,0,0,0,0,0,0,0,0,0,0,0,0,0,0,0,0,0,0,0,0,0,0,0,0,0,0,0,0,0,0,0,0,0,0,0,0,0,0,0,0,0,0,0,0,0,0,0,0,0,0,0,0,0,0,0,0,0,0,0,0,0,0,0,0,0,0,0,0,0,0,0,0,0,0,0,0,0,0,0,0,0,0,0,0,0,0,0,0,0,0,0,0,0,0,0,0,0,0,0,0,0,0,0,0,0,0,0,0,0,0,0,0,0,0,0,0,0,0,0,0,0,0,0,0,0,0,0,0,19,0,0,0,0,0,0,0,11,0,0,0,0,0,0,0,0,0,0,0,0,0,0,0,0,0,0,0,0,0,0,0,0,0,0,0,0,0,0,0,0,0,0,0,0,0,0,0,0,0,0,0,0,0,0,0,0,0,0,0,0,0,0,0,0,0,0,0,0,0,0,0,0,0,0,0,0,0,0,0,0,0,0,0,0,0,0,0,0,0,0,0,0,0,0,0,16,16,16,0,0,0,0,0,0,0,0,0,0,0,0,0,0,0,0,0,0,0,0,0,0,0,0,0,0,0,0,0,0,0,0,0,0,0,0,0,15,15,0,0,0,0,0,0,0,0,0,0,0,0,0,0,0,0,0,0,0,0,0,0,0,0,0,0,0,0,0,0,0,14,14,14,0,0,0,0,0,0,0,0,0,0,0,0,0,0,0,0,0,0,0,0,0,0,0,0,0,0,0,0,0,0,0,0,0,13,13,0,0,0,0,0,0,0,0,0,0,0,0,0,0,0,0,0,0,0,0,0,0,0,0,0,0,0,0,0,0,0,0,0,12,0,0,0,0,0,0,0,0,0,0,0,0,0,0,0,0,0,0,0,0,0,0,0,0,0,0,0,0,0,0,0,0,0,0,0,0,0,0,0,0,0,0,0,0,0,0,0,0,0,0,0,0,0,0,0,0,0,0,0,0,0,0,0,0,0,0,0,0,0,0,10,0,0,0,0,0,0,0,0,0,0,0,0,0,0,0,0,0,0,0,0,0,0,0,0,0,0,0,0,0,0,0,0,0,0,0,0,0,0,0,0,0,0,0,0,0,0,0,0,0,0,0,0,0,0,0,0,0,0,0,0,0,0,0,0,0,0,0,0,0,0,0,0,0,0,0,0,0,0,0,0,0,0,0,0,0,0,0,0,0,0,0,0,0,0,0,0,0,0,0,0,0,0,0,0,0,0,0,0,0,0,0,0,0,0,0,0,0,7,7,0,0,0,0,0,0,0,0,0,0,0,0,0,0,0,0,0,0,0,0,0,0,0,0,0,0,0,0,0,0,6,0,0,0,0,0,0,0,0,0,0,0,0,0,0,0,0,0,0,0,0,0,0,0,0,0,0,0,0,0,0,0,0,0,0,0,0,5,0,0,0,0,0,0,0,0,0,0,0,0,0,0,0,0,0,0,0,0,0,0,0,0,0,0,0,0,0,0,0,0,4,4,0,0,0,0,0,0,0,0,0,0,0,0,0,0,0,0,0,0,0,0,0,0,0,0,0,0,0,0,0,0,0,0,0,0,0,0,0,0,0,0,0,0,0,0,0,0,0,0,0,0,0,0,0,0,0,0,0,0,0,0,0,0,0,0,0,0,0,0,0,0,0,0
"ERR011083",0,0,0,0,0,0,0,0,0,0,0,0,0,1235,0,0,0,1116,0,0,0,0,0,108,0,0,0,0,0,0,0,0,0,0,0,0,0,0,63,43,0,0,0,0,0,0,0,0,0,0,0,0,0,0,0,0,0,131,0,59,0,0,0,0,0,0,0,0,0,0,0,0,0,0,82,0,0,0,0,0,0,0,0,0,0,83,0,0,0,0,152,0,0,0,0,0,0,0,0,0,122,0,0,145,0,0,0,0,0,0,50,0,67,0,106,0,0,0,7,0,0,0,0,0,0,0,0,0,0,0,0,0,0,0,0,117,55,0,0,0,76,0,0,0,0,0,0,65,0,0,0,0,0,0,0,0,0,0,0,0,0,0,0,0,0,0,0,0,0,0,0,0,0,44,0,0,0,0,0,0,0,0,0,0,38,0,0,0,0,0,0,0,0,0,0,118,0,0,110,0,0,0,0,0,0,0,0,0,0,0,0,0,15,0,0,0,68,0,0,0,0,0,0,0,0,0,0,0,0,0,0,0,0,0,0,0,0,0,0,0,100,0,0,0,0,0,0,0,0,0,0,0,0,0,0,0,0,0,0,0,0,0,0,0,0,0,0,0,0,0,0,0,0,0,0,0,0,0,0,0,0,0,0,0,0,68,0,0,0,0,0,0,0,0,0,0,0,0,0,0,0,0,0,0,0,0,0,0,0,0,0,0,0,0,0,0,0,0,0,0,0,0,0,0,0,0,106,0,0,0,0,0,0,0,0,0,0,0,0,0,0,0,0,0,0,0,0,108,0,0,0,0,0,0,0,0,0,0,0,119,0,0,0,0,0,0,0,0,0,0,0,0,0,0,0,0,0,0,0,0,0,0,0,0,0,0,54,0,0,0,0,0,0,75,0,0,15,0,0,0,0,0,0,0,0,0,0,0,0,0,0,0,0,0,0,0,0,0,0,0,0,0,0,0,0,0,0,0,0,0,0,0,0,0,0,0,66,0,0,0,0,0,128,0,0,0,87,0,0,126,0,0,0,0,0,0,0,0,0,0,17,121,0,0,0,0,0,0,0,0,0,0,0,0,0,0,0,33,0,0,0,0,0,0,0,0,0,0,0,0,33,0,0,0,0,51,111,0,0,0,0,0,0,0,69,0,0,0,0,0,0,0,0,0,0,0,0,0,0,0,0,0,0,0,0,104,0,0,0,0,0,0,0,0,26,0,0,0,0,0,0,0,0,0,99,0,0,0,0,0,0,0,0,0,0,0,0,0,0,0,97,97,0,0,0,0,0,0,0,0,0,0,0,0,0,0,0,94,0,0,0,0,0,0,0,0,92,32,0,0,91,0,0,0,0,0,0,0,0,0,0,0,0,0,0,0,0,0,0,0,0,0,0,0,0,0,0,0,0,0,0,77,0,0,0,0,0,0,0,0,0,0,0,0,0,0,0,0,0,0,0,0,0,0,0,0,0,0,0,0,0,0,0,0,0,0,0,0,0,50,0,0,0,0,0,0,50,0,0,0,0,21,0,0,0,0,0,0,0,0,0,0,77,0,0,0,0,0,0,0,46,0,0,0,0,0,0,0,0,38,0,0,0,0,0,0,0,0,0,0,0,0,0,0,0,0,0,0,0,0,0,0,0,0,0,0,0,0,0,0,0,0,0,0,0,0,0,0,0,0,0,0,0,0,0,0,0,0,0,0,0,0,0,0,0,0,0,0,48,0,0,0,0,0,0,17,0,0,0,0,0,0,0,0,0,0,0,0,0,0,0,0,0,0,0,0,0,0,0,0,0,0,0,0,0,0,0,64,64,0,0,0,0,0,0,0,0,0,0,0,0,0,0,0,0,0,0,62,0,0,0,0,0,0,0,0,0,0,0,0,0,0,0,0,0,0,0,0,0,0,0,0,0,0,0,0,0,0,0,0,0,0,0,0,0,0,0,0,0,0,0,0,0,0,0,0,0,57,0,0,0,0,0,0,0,0,0,0,0,0,0,0,0,0,0,0,0,0,0,0,0,0,0,0,0,0,0,0,0,0,0,0,0,0,0,0,0,0,0,0,0,0,0,0,0,0,0,0,0,0,0,53,0,0,0,0,0,0,0,0,0,0,0,0,0,0,0,0,0,0,0,0,0,0,0,0,0,0,0,0,0,0,50,50,0,0,0,0,0,0,0,0,0,0,0,0,0,0,37,0,0,0,0,0,0,0,0,0,0,0,0,0,0,29,0,0,0,0,0,0,0,0,0,0,0,0,0,0,0,0,0,0,46,0,0,0,0,0,0,0,0,0,0,0,0,0,0,0,0,45,0,0,0,0,0,0,0,0,0,0,0,0,0,0,0,0,0,0,0,0,0,0,0,0,0,0,0,0,0,0,0,0,0,0,0,0,0,0,0,0,0,0,0,0,0,0,0,0,0,0,0,0,0,0,0,0,0,0,0,0,0,0,0,0,0,0,41,41,0,0,0,0,0,0,0,0,0,0,0,0,0,0,0,0,40,0,0,0,0,0,0,0,0,0,0,0,0,0,0,39,0,0,0,0,0,0,0,0,0,0,0,0,0,22,0,0,0,0,0,0,0,0,0,0,0,0,0,0,0,0,0,0,0,0,0,0,0,0,0,0,0,0,0,0,0,0,0,0,0,0,0,0,0,0,0,0,0,0,0,36,0,0,0,0,0,0,0,0,0,0,0,0,0,0,0,0,0,0,0,0,0,0,0,0,0,0,0,0,0,0,0,0,0,0,0,0,0,0,0,0,0,34,34,0,0,0,0,0,0,0,0,0,0,0,0,0,0,0,0,0,0,0,0,0,0,0,33,33,33,0,0,0,0,0,0,0,0,0,0,0,0,0,0,0,0,0,0,0,32,0,0,0,0,0,0,0,0,0,0,0,0,0,0,0,0,0,0,0,0,0,0,0,0,0,0,0,0,0,0,0,9,30,30,0,0,0,0,0,0,0,0,0,0,0,0,0,0,0,0,0,0,0,29,29,29,0,0,0,0,0,0,0,0,0,0,0,0,0,0,0,0,0,0,0,0,0,0,0,0,0,0,0,0,0,0,0,16,0,27,27,27,0,0,0,0,0,0,0,0,0,0,0,0,0,0,0,0,0,0,0,0,0,26,0,0,0,0,0,0,0,0,0,0,0,0,0,0,0,0,0,0,0,0,25,25,0,0,0,0,0,0,0,0,0,0,0,0,0,0,0,0,0,0,0,0,0,0,0,0,0,0,0,0,0,0,0,0,0,0,0,0,0,0,0,0,0,0,0,0,0,0,0,0,0,0,0,0,0,0,23,0,0,0,0,0,0,0,0,5,0,0,0,0,0,0,0,0,0,0,0,0,0,0,0,0,0,0,0,22,22,0,0,0,0,0,0,0,0,0,0,0,0,0,0,0,0,0,0,0,0,0,0,0,0,0,0,0,0,0,0,0,0,0,0,0,0,0,0,0,0,0,0,0,0,0,0,0,7,20,20,20,20,0,0,0,0,0,0,0,0,0,0,0,0,0,0,0,0,0,0,0,0,0,0,0,0,3,0,0,19,0,0,0,0,0,0,0,0,0,0,0,0,0,0,0,0,0,0,0,0,0,0,0,0,0,0,0,0,0,0,0,0,0,18,18,18,0,0,0,0,0,0,0,0,0,0,0,0,0,0,0,0,0,0,0,0,0,0,0,0,0,0,17,17,17,17,17,17,17,0,0,0,0,0,0,0,0,0,0,0,0,0,0,0,0,0,0,0,0,0,0,0,0,0,0,0,0,16,0,0,0,0,0,0,0,0,0,0,0,0,0,0,0,0,0,0,0,0,0,0,0,0,0,0,6,0,0,0,0,0,0,0,0,12,0,0,15,15,15,15,0,0,0,0,0,0,0,0,0,0,0,0,0,0,0,0,0,0,0,0,0,0,0,0,0,0,0,0,0,0,0,0,0,0,0,0,0,0,0,0,0,0,0,0,0,0,0,0,0,0,0,0,0,0,0,0,0,0,0,0,0,0,0,0,0,13,0,0,0,0,0,0,0,0,0,0,0,0,0,0,0,0,0,0,0,0,0,0,0,0,0,0,0,0,0,0,0,0,0,12,0,0,0,0,0,0,0,0,0,0,0,0,0,0,0,0,0,0,0,0,0,0,0,0,0,0,0,0,0,0,0,0,0,0,0,0,0,0,0,0,0,0,0,0,0,0,0,0,0,0,0,0,0,0,0,0,0,0,0,0,0,0,0,0,0,0,0,0,0,0,10,10,10,0,0,0,0,0,0,0,0,0,0,0,0,0,0,0,0,0,0,0,0,0,0,0,0,0,0,0,0,0,0,0,0,0,6,9,0,0,0,0,0,0,0,0,0,0,0,0,0,0,0,0,0,0,0,0,0,0,0,0,0,0,0,0,0,8,8,8,0,0,0,0,0,0,0,0,0,0,0,0,0,0,0,0,0,0,0,0,0,0,0,0,0,0,0,0,0,0,0,0,0,0,0,0,0,0,0,0,0,0,0,0,0,0,0,0,0,7,7,0,0,0,0,0,0,0,0,0,0,0,0,0,0,0,0,0,0,0,0,0,0,0,0,0,0,0,3,0,6,6,6,6,6,0,0,0,0,0,0,0,0,0,0,0,0,0,0,0,0,0,0,0,0,0,0,0,0,0,0,0,0,0,0,0,0,5,0,0,0,0,0,0,0,0,0,0,0,0,0,0,0,0,0,0,0,0,0,0,0,0,0,0,0,0,0,0,0,0,0,4,0,0,0,0,0,0,0,0,0,0,0,0,0,0,0,0,0,0,0,0,0,0,0,0,0,0,0,0,0,0,0,0,0,0,0,0,3,3,0,0,0,0,0,0,0,0,0,0,0,0,0,0,0,0,0,0,0,0,0,0,0,0,0,0,0,2,2,0,0,0,0
"ERR011084",0,0,0,0,0,0,0,0,0,0,0,0,0,0,0,0,486,0,0,0,0,0,0,0,0,0,0,303,121,0,259,0,0,0,0,0,47,51,84,0,0,0,0,0,0,0,0,0,0,0,0,0,0,0,0,0,0,0,0,83,0,0,0,0,0,0,0,0,0,0,0,0,0,0,107,0,0,0,0,0,0,0,0,0,0,0,0,0,0,0,230,0,129,0,0,0,0,0,0,0,87,0,0,219,0,0,28,0,0,0,0,0,77,0,116,0,0,0,0,0,0,172,0,0,0,0,146,0,0,97,0,0,0,0,0,121,0,0,0,0,100,0,0,0,0,0,0,0,0,0,74,107,0,0,0,0,0,157,0,0,0,0,0,0,0,0,0,0,0,0,0,0,166,55,0,0,39,0,0,0,0,0,0,0,88,0,0,0,0,0,0,0,0,0,0,0,94,0,73,0,0,0,0,120,0,0,0,0,0,0,0,0,124,0,0,0,0,0,0,0,0,0,0,0,0,0,0,0,0,0,0,0,0,0,0,0,0,0,0,0,31,0,0,0,0,0,0,0,0,0,0,0,0,0,0,0,0,0,0,0,0,0,127,0,0,0,0,0,0,0,0,0,0,0,0,0,0,0,0,0,0,0,0,204,0,0,0,186,0,0,0,0,0,0,0,0,0,0,0,0,0,68,0,0,0,63,0,0,0,0,0,0,0,0,0,0,0,0,0,0,0,0,0,58,0,0,30,0,0,0,0,0,0,0,0,0,0,0,0,0,0,0,0,0,0,0,0,0,0,0,0,0,0,0,0,0,0,0,0,0,0,0,0,0,0,0,0,0,0,0,66,0,0,0,0,0,0,0,0,0,0,0,0,0,0,0,0,53,0,0,0,0,0,0,0,0,0,0,0,0,0,0,0,0,0,0,0,0,0,0,0,0,0,0,0,0,0,0,0,0,0,0,0,0,0,0,0,0,0,0,0,0,0,0,0,0,0,0,0,0,0,0,0,0,0,0,0,127,0,0,0,0,0,0,0,0,0,0,0,75,0,0,0,0,0,0,120,0,0,0,0,119,0,0,0,0,0,0,0,0,0,0,0,0,0,0,0,0,0,0,52,0,0,0,0,0,0,0,0,0,0,0,0,0,0,0,0,0,0,0,0,0,0,83,67,0,0,0,0,0,0,0,0,0,0,0,0,0,0,0,0,0,0,0,0,0,0,0,0,0,0,0,0,0,0,0,0,0,0,0,0,0,0,0,0,0,0,0,0,0,0,0,97,0,0,0,0,0,0,0,0,0,0,83,0,0,0,0,0,0,0,0,0,0,0,0,0,60,0,79,0,0,0,0,0,0,0,0,0,0,0,0,0,0,0,0,0,0,0,0,0,0,0,0,0,0,0,0,0,0,0,9,0,0,0,0,0,0,0,0,0,0,0,0,0,0,0,0,0,0,0,0,0,0,0,0,0,0,0,0,0,0,0,0,0,0,0,0,34,30,0,0,0,0,0,32,0,0,0,0,0,0,31,0,0,0,0,0,0,45,0,0,0,77,0,0,0,0,0,0,0,76,28,0,0,0,0,0,0,0,75,0,0,0,0,0,0,0,0,0,0,0,0,0,0,0,0,0,0,0,0,0,0,0,0,0,0,0,0,0,0,0,0,0,0,0,0,0,0,0,0,0,0,0,0,0,0,0,0,0,0,0,0,0,0,0,0,0,0,0,0,0,0,0,0,0,0,0,0,0,0,0,0,0,0,0,0,0,0,0,0,0,0,0,0,0,0,0,0,0,0,0,0,0,0,0,0,0,0,64,0,0,0,0,0,0,0,0,0,0,0,0,0,0,0,0,0,0,62,0,0,0,0,0,0,0,0,0,0,0,0,0,0,0,0,0,0,0,0,0,0,0,60,0,0,0,0,0,0,0,0,0,0,0,0,0,0,0,0,0,0,0,0,0,44,0,28,0,0,0,0,0,0,0,0,0,0,0,0,0,0,0,0,0,0,0,0,0,0,0,55,0,0,0,0,0,0,0,0,0,0,0,0,0,0,0,0,0,0,0,0,0,0,0,0,0,0,0,0,0,0,0,0,0,0,0,0,0,0,0,0,0,0,0,0,0,0,0,0,0,28,0,0,0,0,0,0,0,0,0,0,0,0,0,50,50,0,0,0,0,0,0,0,0,0,0,0,0,0,0,0,0,0,0,0,0,0,0,0,0,0,0,0,0,0,0,0,0,0,0,0,0,0,0,0,0,0,0,0,0,0,0,0,46,0,0,0,0,0,0,0,0,0,0,0,0,0,0,0,0,0,0,0,0,0,0,0,0,0,0,0,0,0,0,44,0,0,0,0,0,0,0,0,0,0,0,0,0,0,0,0,12,43,0,0,0,0,0,0,0,0,0,0,0,0,0,0,0,0,42,42,42,0,0,0,0,0,0,0,0,0,0,0,0,0,0,0,0,0,0,0,0,0,0,0,0,0,0,0,0,0,0,0,0,0,0,0,0,0,0,0,0,0,0,0,0,0,0,0,0,0,0,0,0,0,0,0,0,0,0,0,0,0,0,0,0,0,38,38,0,0,0,0,0,0,0,0,0,0,0,0,0,0,0,0,0,0,0,0,0,0,0,0,37,0,0,0,0,0,0,0,0,0,0,0,0,0,0,15,0,0,0,0,0,0,0,0,0,0,0,0,0,0,35,0,0,0,0,0,0,0,0,0,0,0,0,0,0,0,0,0,0,0,0,0,0,0,0,0,0,0,0,0,0,0,0,0,0,0,0,0,0,0,0,0,0,0,0,0,0,0,8,0,0,0,0,0,0,0,33,33,33,0,0,0,0,0,0,0,0,0,0,0,0,0,0,0,0,0,0,0,0,0,0,0,0,0,0,31,31,31,0,0,0,0,0,0,0,0,0,0,0,0,0,0,0,0,0,28,0,21,0,0,30,30,0,0,0,0,0,0,0,0,0,0,0,0,0,0,0,0,0,0,0,0,29,29,29,0,0,0,0,0,0,0,0,0,0,0,0,0,0,0,0,0,0,0,0,0,0,0,0,0,0,0,0,0,0,0,0,0,27,27,0,0,0,0,0,0,0,0,0,0,0,0,0,0,7,0,0,0,0,0,0,0,0,0,0,0,0,0,0,0,0,0,0,0,0,0,0,0,0,0,0,0,25,25,25,0,0,0,0,0,0,0,0,0,0,0,0,0,0,0,0,0,0,0,0,0,0,0,0,0,0,0,0,0,0,24,0,0,0,0,0,0,0,0,0,0,0,0,0,0,0,0,0,0,0,0,0,23,23,23,23,0,0,0,0,0,0,0,0,0,0,0,0,0,0,0,0,0,0,0,0,0,0,0,0,0,0,22,22,0,0,0,0,0,0,0,0,0,0,0,0,0,0,0,0,0,21,21,21,0,0,0,0,0,0,0,0,0,0,0,0,0,0,0,0,0,0,0,0,0,0,0,0,0,8,0,0,0,0,20,20,20,0,0,0,0,0,0,0,0,0,0,0,0,0,0,0,0,0,0,0,0,0,4,0,0,0,19,19,19,19,0,0,0,0,0,0,0,0,0,0,0,0,0,0,0,0,0,0,0,0,0,0,0,0,0,0,0,0,0,0,0,0,18,0,0,0,0,0,0,0,0,0,0,0,0,0,0,0,0,0,0,0,0,0,0,0,0,0,0,0,0,0,0,0,0,17,17,0,0,0,0,0,0,0,0,0,0,0,0,0,0,0,0,0,5,0,0,0,0,0,0,0,0,0,16,16,0,0,0,0,0,0,0,0,0,0,0,0,0,0,0,0,0,0,0,0,0,0,0,0,0,0,0,0,0,0,0,0,0,0,0,0,0,0,0,0,15,15,15,0,0,0,0,0,0,0,0,0,0,0,0,0,0,0,0,0,0,0,0,0,4,0,0,0,0,0,0,0,0,0,0,0,0,0,0,0,0,0,0,0,0,0,0,0,0,0,0,0,0,0,0,0,0,0,0,0,0,0,0,0,0,0,0,0,0,0,0,0,0,0,0,0,0,0,0,0,0,0,0,0,0,0,0,0,0,0,0,0,0,0,0,0,0,0,0,0,12,0,0,0,0,0,0,0,0,0,0,0,0,0,0,0,0,0,0,0,0,0,0,0,0,0,0,0,0,0,0,0,0,11,11,11,0,0,0,0,0,0,0,0,0,0,0,0,0,0,0,0,0,0,0,0,0,0,0,0,0,0,0,0,0,0,0,3,0,0,0,0,0,10,10,10,0,0,0,0,0,0,0,0,0,0,0,0,0,0,0,0,0,0,0,0,0,0,0,0,0,0,0,0,0,0,0,0,9,9,0,0,0,0,0,0,0,0,0,0,0,0,0,0,0,0,0,0,0,0,0,0,0,0,0,0,0,0,0,0,8,8,8,8,0,0,0,0,0,0,0,0,0,0,0,0,0,0,0,0,0,0,0,0,0,0,0,0,0,0,0,0,0,0,0,0,0,0,0,0,0,0,0,0,0,0,0,0,0,0,0,7,7,7,7,7,7,0,0,0,0,0,0,0,0,0,0,0,0,0,0,0,0,0,0,0,0,0,0,0,0,0,0,0,0,6,6,6,6,6,0,0,0,0,0,0,0,0,0,0,0,0,0,0,0,0,0,0,0,0,0,0,0,0,0,0,0,0,5,5,0,0,0,0,0,0,0,0,0,0,0,0,0,0,0,0,0,0,0,0,0,0,0,0,0,0,0,0,0,0,0,0,4,4,4,0,0,0,0,0,0,0,0,0,0,0,0,0,0,0,0,0,0,0,0,0,0,0,0,0,0,0,0,0,0,0,0,0,0,0,3,0,0,0,0,0,0,0,0,0,0,0,0,0,0,0,0,0,0,0,0,0,0,0,0,0,0,0,0,2,2,0,0
"ERR011085",0,0,0,242,186,0,0,0,0,0,0,0,1118,0,131,967,0,0,0,0,117,0,0,0,0,0,0,0,0,0,0,225,0,0,163,58,0,0,0,0,0,0,0,0,0,191,0,0,0,84,0,0,0,40,0,152,0,0,0,0,0,0,111,309,0,0,0,0,0,0,0,0,41,0,0,249,0,137,0,90,0,0,0,0,73,0,160,0,0,0,0,31,0,0,0,0,0,31,0,61,0,321,0,0,90,0,0,0,278,0,0,0,0,0,0,0,0,78,0,0,0,0,0,0,0,0,0,163,0,0,86,69,0,0,0,0,0,0,0,0,0,0,0,0,0,0,0,0,0,0,0,0,0,0,0,0,0,0,139,0,0,0,36,0,0,352,0,0,0,0,0,0,0,0,0,0,0,48,0,327,0,0,0,150,0,0,0,0,0,0,0,0,0,0,0,0,0,0,0,0,0,0,0,0,0,0,0,0,0,57,0,0,0,0,0,0,0,0,0,271,0,0,0,0,0,0,0,0,0,0,0,0,249,0,246,0,0,0,0,0,0,0,0,0,0,0,236,107,0,0,0,0,0,0,0,0,0,227,0,0,0,0,0,0,0,0,0,0,0,0,0,0,0,0,0,214,85,0,0,0,0,98,0,0,108,0,203,0,0,0,0,0,0,0,0,199,0,0,0,0,127,0,0,0,0,0,134,0,0,42,0,0,0,0,0,0,146,0,0,0,0,0,0,0,51,0,0,0,0,28,0,0,0,0,111,0,0,0,0,0,0,0,0,0,0,0,0,0,0,0,0,0,0,168,168,0,0,0,0,0,0,0,0,0,0,0,0,0,0,62,0,0,0,0,48,0,0,0,0,0,0,69,0,0,0,0,0,0,0,149,0,148,0,0,0,0,0,0,0,126,0,0,0,0,0,21,0,58,0,0,0,0,0,0,0,0,0,0,0,0,0,0,0,0,0,0,0,0,0,0,0,0,0,0,0,0,0,0,0,0,0,0,0,0,0,0,0,0,0,0,0,0,0,0,0,0,0,0,0,0,0,0,0,0,0,0,0,0,0,0,0,0,0,0,0,0,0,0,0,0,0,0,0,0,0,0,0,0,0,0,0,0,0,0,0,0,0,0,0,0,0,0,0,0,0,0,0,0,0,108,0,0,0,0,0,0,0,0,0,0,0,0,0,0,63,0,0,0,0,0,0,0,0,0,0,0,0,0,0,0,0,0,0,0,0,0,0,0,0,0,0,0,0,0,0,0,0,0,0,0,0,0,0,0,0,0,0,0,0,0,0,0,0,0,0,0,0,0,0,0,0,0,0,43,0,0,0,0,0,0,0,91,0,0,0,0,0,0,0,0,0,0,0,0,0,0,0,43,0,0,0,0,0,0,0,0,0,0,0,0,77,0,0,0,0,0,0,0,0,0,0,0,0,0,0,0,0,0,0,26,0,0,0,0,0,0,0,0,0,81,81,0,0,0,0,0,0,0,0,0,0,0,0,0,0,0,0,0,44,0,0,0,0,0,0,0,0,0,26,0,0,0,0,0,0,0,0,0,0,0,0,0,0,76,0,0,0,0,0,0,0,75,0,0,0,0,0,0,0,0,51,0,0,0,0,72,72,0,0,0,0,0,0,0,0,0,0,0,0,29,0,0,70,28,0,0,0,0,0,69,69,0,0,0,0,0,0,0,0,0,0,0,0,0,0,0,0,0,0,0,0,0,0,0,0,0,0,0,0,0,0,0,0,0,0,0,0,0,0,0,0,0,0,0,0,0,0,0,0,0,0,0,0,0,0,0,0,0,0,0,64,0,0,0,0,0,0,0,0,0,0,0,0,0,0,0,18,0,0,0,0,0,0,0,0,0,0,0,0,0,0,0,0,0,0,43,0,0,0,0,0,0,0,60,0,0,0,0,0,0,0,0,0,0,58,0,0,0,0,0,0,0,0,0,0,0,0,0,0,0,0,0,0,0,0,0,56,56,0,0,0,0,0,0,0,0,0,0,0,0,0,55,0,44,0,0,0,0,0,0,0,0,0,0,0,0,0,0,0,0,0,0,0,0,0,0,0,0,0,0,0,0,0,0,0,0,0,0,0,0,0,20,0,0,0,0,0,0,0,0,0,51,0,0,0,0,0,0,0,0,0,0,0,0,0,0,50,50,0,0,0,0,0,0,0,0,0,0,0,0,0,0,0,0,0,0,0,0,0,0,0,0,0,0,0,0,0,0,0,0,0,0,0,0,0,0,0,0,0,0,0,0,0,0,0,0,0,0,0,0,0,0,0,0,0,0,0,0,0,0,0,0,0,0,0,0,0,0,0,0,0,0,0,0,0,0,0,0,0,0,0,0,0,0,0,0,0,0,0,0,0,0,0,0,0,0,0,0,0,0,0,0,0,0,0,0,0,0,0,0,0,0,42,0,0,0,0,0,0,0,0,0,0,0,0,0,0,0,41,41,0,0,0,0,0,0,0,0,0,0,0,0,0,0,0,40,0,0,0,0,0,0,0,0,0,0,0,0,0,0,0,0,0,0,0,0,0,0,0,0,0,0,0,0,0,0,0,0,0,0,0,0,0,0,0,0,0,0,0,0,0,0,0,0,0,0,0,0,0,0,0,0,0,0,37,0,0,0,0,0,0,0,0,0,0,0,0,0,0,0,36,36,0,0,0,0,0,0,0,0,0,0,0,0,0,0,0,0,0,0,0,0,0,0,0,0,0,0,0,0,0,0,0,0,0,0,0,0,0,0,0,0,0,34,34,0,0,0,0,0,0,0,0,0,0,0,0,0,0,0,0,0,0,0,0,0,0,0,0,0,0,0,0,0,0,0,0,0,0,0,0,0,0,0,0,0,0,0,0,0,0,12,0,0,0,0,0,0,0,0,0,12,0,0,0,0,0,0,0,0,0,0,0,0,0,0,0,0,0,0,0,0,0,0,0,0,0,0,0,0,0,0,0,0,0,0,0,0,0,0,0,0,0,0,0,0,0,0,0,0,0,0,0,0,0,0,0,0,0,0,0,0,0,0,0,0,0,0,0,0,0,0,0,0,0,0,0,0,0,0,0,0,0,27,27,0,0,0,0,0,0,0,0,0,0,0,0,0,0,0,0,0,0,26,26,0,0,0,0,0,0,0,0,0,0,0,0,0,0,0,0,0,0,0,0,0,0,0,25,25,25,0,0,0,0,0,0,0,0,0,0,0,0,0,0,0,0,0,0,0,0,0,0,0,0,0,0,0,0,24,0,0,0,0,0,0,0,0,0,0,0,0,0,0,0,0,0,0,0,0,0,0,0,0,23,0,0,0,0,0,0,12,0,0,0,0,0,0,0,0,0,0,0,0,0,0,0,0,0,0,0,0,22,22,0,15,0,0,0,0,0,0,0,0,0,0,0,0,0,0,0,0,21,0,0,0,0,0,0,0,0,0,0,0,0,0,0,0,0,0,0,0,0,0,0,0,0,0,0,0,0,0,0,0,0,0,0,0,0,0,0,0,0,0,0,0,0,0,0,0,0,0,0,0,0,0,0,0,0,0,0,0,0,0,0,0,0,0,0,0,0,0,0,0,0,0,0,0,0,0,0,0,0,0,0,0,0,0,0,0,0,0,0,0,0,0,0,0,0,0,0,0,0,0,0,0,0,0,0,0,0,0,0,0,0,0,0,0,0,0,0,0,0,0,0,0,0,0,0,0,0,17,0,0,0,0,0,0,0,0,0,0,0,0,0,0,0,0,0,0,0,0,0,0,0,0,0,0,0,0,16,0,0,0,0,0,0,0,0,0,0,0,0,0,0,0,0,0,0,0,0,0,0,0,0,0,0,0,0,0,0,0,0,0,0,0,0,0,0,0,0,0,0,15,15,0,0,0,0,0,0,0,0,0,0,0,0,0,0,0,0,0,0,0,0,0,0,0,0,0,14,0,0,0,0,0,0,0,0,0,0,0,0,0,0,0,0,0,0,0,0,0,0,0,0,0,0,0,0,0,0,0,0,0,0,0,13,0,0,0,0,0,0,0,0,0,0,0,0,0,0,0,0,0,0,0,0,0,0,0,0,0,0,0,0,0,0,0,0,0,0,12,0,0,0,0,0,0,0,0,0,0,0,0,0,0,0,0,0,0,0,0,0,0,0,0,0,0,0,0,0,0,0,0,0,0,11,0,0,0,0,0,0,0,0,0,0,0,0,0,0,0,0,0,0,0,0,0,0,0,0,0,0,0,0,0,0,0,0,0,0,0,0,0,0,0,10,0,0,0,0,0,0,0,0,0,0,0,0,0,0,0,0,0,0,0,0,0,0,0,0,0,0,0,0,0,0,0,0,0,0,0,0,0,0,0,0,0,0,0,0,0,0,0,0,0,0,0,0,0,0,0,0,0,0,0,0,0,0,0,0,0,0,0,8,0,0,0,0,0,0,0,0,0,0,0,0,0,0,0,0,0,0,0,0,0,0,0,0,0,0,0,0,0,0,0,0,0,0,0,0,0,0,0,0,0,0,0,0,0,0,0,0,0,0,0,0,0,0,0,0,0,0,0,0,0,0,0,0,0,0,0,0,0,0,0,0,0,0,0,0,0,0,0,0,0,0,0,0,0,6,6,6,0,0,0,0,0,0,0,0,0,0,0,0,0,0,0,0,0,0,0,0,0,0,0,0,0,0,0,5,0,0,0,0,0,0,0,0,0,0,0,0,0,0,0,0,0,0,0,0,0,0,0,0,0,0,0,0,0,0,0,0,0,0,0,0,0,0,0,0,0,0,0,0,0,0,0,0,0,0,0,0,0,0,0,0,0,0,0,0,0,0,0,0,0,0,0,0,0,0,3,0,0,0,0,0,0,0,0,0,0,0,0,0,0,0,0,0,0,0,0,0,0,0,0,0,0,0,0,0,2,0
"ERR011086",0,0,0,0,0,0,0,0,0,0,0,0,0,0,0,0,792,0,0,0,0,0,0,107,0,0,0,380,305,0,226,0,0,0,0,0,0,51,0,0,0,0,0,0,0,0,0,0,0,0,0,0,0,0,0,0,0,0,0,89,0,0,0,0,0,0,0,0,0,0,0,0,0,0,0,0,0,0,0,0,0,0,0,0,0,0,0,0,0,0,63,0,288,0,0,0,0,0,0,0,0,0,0,0,0,0,33,0,0,0,0,0,171,0,22,0,0,0,0,0,0,280,0,0,0,0,112,0,0,158,0,0,0,0,0,88,150,0,0,0,0,0,0,0,0,0,0,138,0,0,206,123,257,0,0,0,0,105,0,0,0,0,0,0,0,0,0,0,0,348,0,0,76,116,0,0,214,0,0,0,0,0,0,0,64,0,0,0,0,0,0,0,0,0,0,55,0,0,54,0,0,0,0,0,0,0,0,0,0,0,0,0,0,0,0,0,0,0,0,0,0,0,0,0,0,0,0,0,0,0,0,0,0,0,0,0,0,0,0,0,0,0,0,0,0,0,0,0,0,0,0,0,0,0,0,0,0,0,0,0,0,0,0,0,0,0,0,0,0,0,0,0,0,0,0,0,0,0,0,0,0,0,163,0,0,87,0,0,0,0,0,0,0,0,0,0,0,0,0,0,0,0,0,0,0,0,0,0,0,0,0,0,0,0,0,0,0,0,0,0,0,0,0,128,0,0,0,0,0,0,0,0,0,0,0,0,0,0,0,0,0,0,0,0,0,0,0,46,0,0,0,0,0,0,0,0,0,0,0,0,0,0,0,0,0,0,0,0,0,0,92,0,0,0,0,0,0,0,0,0,0,0,0,0,0,0,44,60,0,0,0,0,0,0,0,0,62,0,0,0,0,0,0,0,48,0,0,0,0,0,0,0,0,0,0,0,0,0,0,0,0,0,0,0,0,0,0,0,0,0,0,0,0,0,0,0,0,0,0,0,0,0,0,0,0,0,40,0,127,0,0,0,0,0,0,0,0,0,0,0,80,0,0,0,0,61,0,0,0,0,0,0,0,0,0,0,0,0,117,0,0,0,0,0,0,0,0,0,0,0,0,0,0,0,0,0,0,0,0,0,0,0,0,0,40,0,0,0,0,0,0,0,0,0,0,0,0,0,0,0,0,0,0,0,0,0,0,0,0,0,0,0,0,0,40,0,0,0,0,0,0,0,0,0,0,0,0,0,0,0,0,0,0,0,0,0,0,0,0,0,0,0,0,0,0,0,0,0,0,0,0,0,0,0,0,0,0,0,0,0,0,0,0,0,0,0,0,0,0,0,0,0,0,0,0,0,0,0,0,0,0,0,0,0,0,0,0,0,0,0,0,0,0,0,0,0,0,0,0,0,0,0,0,0,0,0,0,0,0,0,0,0,0,83,0,0,0,0,0,0,0,0,0,0,0,0,0,0,0,0,0,0,0,0,0,0,0,0,0,0,0,0,0,0,0,0,0,0,0,0,0,0,0,0,0,0,0,0,0,0,0,0,0,0,77,0,0,0,0,0,0,0,48,0,0,0,0,0,0,37,0,0,0,0,0,0,0,0,0,0,0,0,0,0,0,0,0,0,0,0,0,0,0,0,0,0,0,0,0,0,12,0,0,0,0,0,0,0,0,0,0,69,69,0,0,0,0,0,0,0,0,0,0,0,0,0,0,0,20,0,0,0,0,0,0,46,0,0,0,0,0,0,0,0,0,66,66,0,0,0,0,0,0,0,0,0,0,0,0,0,51,0,0,0,0,0,0,0,0,0,0,0,0,0,0,0,0,0,0,0,0,0,0,0,0,0,0,0,0,62,0,0,0,0,0,0,0,0,0,0,0,0,0,0,0,0,0,0,0,0,0,0,0,0,0,0,0,0,0,0,0,0,0,0,0,0,0,0,0,0,0,0,0,0,0,0,0,0,0,0,0,0,0,0,0,0,0,0,0,0,0,0,0,0,0,0,0,0,0,0,0,0,0,0,0,0,0,0,0,0,0,0,0,0,0,0,0,0,0,0,0,0,0,0,0,0,0,0,0,0,0,0,53,0,0,0,0,0,0,0,0,0,0,0,0,0,0,0,0,0,0,0,0,0,0,0,0,0,0,0,0,0,0,0,0,0,0,0,0,0,0,0,0,0,0,0,0,0,0,0,0,0,0,0,0,0,0,0,0,0,0,0,0,0,0,0,0,0,0,0,0,0,0,0,0,0,0,0,0,0,0,0,0,0,0,0,0,0,0,0,0,0,0,0,0,0,0,0,0,0,0,0,0,0,0,0,0,0,0,0,0,0,0,0,0,0,0,0,0,0,0,0,0,0,0,0,0,5,0,0,0,0,0,0,0,0,0,0,0,0,0,0,0,0,0,0,31,0,0,0,0,0,0,0,0,0,0,0,0,0,0,0,0,0,0,0,0,0,0,0,0,0,0,0,0,0,0,0,0,0,0,0,0,0,0,0,40,0,0,0,0,0,0,0,10,0,0,0,0,0,0,0,0,0,0,0,0,0,0,0,0,0,0,0,0,0,0,0,0,38,0,0,0,0,0,0,0,0,0,0,0,0,0,0,0,0,0,0,0,0,0,0,0,0,0,37,37,0,0,0,0,0,0,0,0,0,0,0,0,0,0,0,0,0,0,0,0,0,0,0,0,0,0,0,0,0,0,0,0,0,0,0,0,0,0,0,0,0,0,0,0,0,0,0,0,0,0,0,0,0,0,0,0,0,0,34,0,0,0,0,0,0,0,0,0,0,0,0,0,0,0,0,0,0,0,0,0,0,0,0,0,0,33,0,0,0,0,0,0,0,0,0,0,0,0,0,0,0,0,32,0,0,0,0,0,0,0,0,0,0,0,0,0,0,0,0,0,0,0,0,0,0,0,0,0,0,0,0,0,0,0,0,0,0,0,30,0,0,0,0,0,0,0,0,0,0,0,0,0,0,0,0,0,0,0,0,0,0,0,0,0,0,0,0,0,0,0,0,0,0,0,0,0,0,0,0,0,0,0,0,0,0,0,0,0,0,0,0,0,0,0,0,0,0,0,0,0,0,0,0,0,0,0,0,0,0,0,0,0,0,0,0,0,0,0,0,0,0,0,0,0,0,0,0,0,0,0,0,0,0,0,0,0,0,0,0,0,0,0,0,0,25,0,0,0,0,0,0,0,0,0,0,0,0,0,0,0,0,0,0,0,0,0,0,0,0,0,0,0,0,0,0,0,0,0,0,0,0,0,0,0,0,0,0,0,0,0,0,0,0,0,0,0,0,0,0,0,0,0,0,0,0,0,0,0,0,0,0,0,0,0,0,0,0,0,0,0,0,0,0,0,0,0,0,0,0,0,0,0,0,0,0,0,0,0,0,0,0,0,0,0,0,0,0,0,0,0,0,0,0,0,0,0,0,0,0,0,0,0,0,0,0,0,0,0,0,0,0,0,0,0,0,0,0,0,0,0,0,0,0,0,0,0,0,0,0,0,0,0,0,0,0,0,0,0,0,0,0,0,0,0,0,0,0,0,0,0,0,0,0,0,0,0,0,0,0,0,0,0,0,0,0,0,0,0,0,0,0,0,0,0,0,0,0,0,0,0,0,0,0,0,0,0,0,0,0,0,0,0,0,0,0,0,0,0,0,0,0,0,0,0,0,0,0,0,0,0,0,0,0,0,0,17,0,0,0,0,0,0,0,0,0,0,0,0,0,0,0,3,0,0,0,0,0,0,0,0,0,0,0,0,0,0,0,0,0,0,0,0,0,0,0,0,0,0,0,0,0,0,0,0,0,0,0,0,0,0,0,0,0,0,0,0,0,0,0,0,0,0,0,0,0,0,0,0,15,15,15,0,0,0,0,0,0,0,0,0,0,0,0,0,0,0,0,0,0,0,0,0,0,0,0,0,0,0,0,0,0,0,0,0,0,0,0,0,0,0,0,0,0,0,0,0,0,0,0,0,0,0,0,0,0,0,0,0,0,0,13,13,13,0,0,0,0,0,0,0,0,0,0,0,0,0,0,0,0,0,0,0,0,0,0,0,0,0,0,0,0,0,0,0,0,12,12,12,0,0,0,0,0,0,0,0,0,0,0,0,0,0,0,0,0,0,0,0,0,0,0,0,0,0,0,0,0,0,0,0,11,0,0,0,0,0,0,0,0,0,0,0,0,0,0,0,0,0,0,0,0,0,0,0,0,0,0,0,0,0,0,0,0,0,0,0,0,0,0,0,0,0,0,0,0,0,0,0,0,0,0,0,0,0,0,0,0,0,0,0,0,0,0,0,0,0,0,0,0,3,0,0,0,9,0,0,0,0,0,0,0,0,0,0,0,0,0,0,0,0,0,0,0,0,0,0,0,0,0,0,0,0,0,0,0,0,0,0,8,8,0,0,0,0,0,0,0,0,0,0,0,0,0,0,0,0,0,0,0,0,0,0,0,0,0,0,0,0,0,0,0,0,0,0,0,0,0,0,5,0,0,0,0,0,0,0,0,0,0,0,0,0,0,0,0,0,0,0,0,0,0,0,0,0,0,0,0,0,0,0,0,0,0,0,0,0,0,0,0,0,0,0,0,0,0,0,6,6,0,0,0,0,0,0,0,0,0,0,0,0,0,0,0,0,0,0,0,0,0,0,0,0,0,0,5,0,0,0,0,0,0,0,0,0,0,0,0,0,0,0,0,0,0,0,0,0,0,0,0,0,0,0,0,0,0,0,0,0,4,0,0,0,0,0,0,0,0,0,0,0,0,0,0,0,0,0,0,0,0,0,0,0,0,0,0,0,0,0,0,0,0,0,0,0,0,3,3,3,3,0,0,0,0,0,0,0,0,0,0,0,0,0,0,0,0,0,0,0,0,0,0,0,0,0,0,2
